0  119339407493.683
0  141919889958.497
0  18085762361883.3
0  26635830845493.1
0  28404936189758.4
8762.01  238585872973.097
8762.01  284505143825.643
8762.01  18085762361693.9
8762.01  26636354398930
8762.01  28406033456836.3
17524  357811840573.24
17524  426713262111.808
17524  18085762361378.1
17524  26637225283491
17524  28407866699079.5
26286  477008812625.203
26286  568992359702.025
26286  18085762360936.1
26286  26637131776983.9
26286  26640674268094
26286  28410440497075.7
35048  596167492999.111
35048  711176941070.247
35048  18085762360367.6
35048  26636205135654.6
35048  26643876286080.2
35048  28413742296006.9
43810  715278344400.623
43810  853298429833.028
43810  18085762359672.8
43810  26635963660366.8
43810  26647751904432.9
43810  28417780555126.8
52572.1  834353441803.6
52572.1  995395200046.744
52572.1  18085762358851.5
52572.1  26635856548842.4
52572.1  26652449949312.5
52572.1  28422555970904.5
61334.1  953366589063.691
61334.1  1137340485048.51
61334.1  18085762358345.5
61334.1  26635797736397.8
61334.1  26657806742359.9
61334.1  28428068186955.5
70096.1  1072299497771.41
70096.1  1279253868525.55
70096.1  18085762357271
70096.1  26635761369489.1
70096.1  26663900010216.8
70096.1  28434320187479.4
78858.1  1191143477686.06
78858.1  1421035954401.91
78858.1  18085762356069.7
78858.1  26635737084904.9
78858.1  26670647156862.1
78858.1  28441305314129.5
87620.1  1309891646601.95
87620.1  1562699971471.1
87620.1  18085762354741.5
87620.1  26635719965589.2
87620.1  26677972910414.1
87620.1  28449032117185.7
96382.1  1428555855763.1
96382.1  1704268291943.46
96382.1  18085762353286.3
96382.1  26635707397099.6
96382.1  26686124675341.6
96382.1  28457495600140.9
105144  1547101635435.29
105144  1845684554003.11
105144  18085762351704.1
105144  26635697872346.8
105144  26695016221565.2
105144  28466703044888.7
113906  1665519508788.83
113906  1986940233465.56
113906  18085762349994.6
113906  26635690469656.1
113906  26704512621128.8
113906  28476652172843
122668  1783817944680.96
122668  2128051848477.01
122668  18085762348565.1
122668  26635684592515.9
122668  26714773592266.7
122668  28487344063274.2
131430  1901976630572.35
131430  2269001425832.35
131430  18085762346830.1
131430  26635679843824.5
131430  26725718846510.1
131430  28498783122938.5
140192  2019977606101.63
140192  2409772611603.32
140192  18085762344737.8
140192  26635675948946.7
140192  26737381599231.4
140192  28510967658487.3
148954  2137837596930.46
148954  2550338542670.71
148954  18085762342075.5
148954  26635672713204.3
148954  26749846295916.1
148954  28523899093564.9
157716  2255519069188.17
157716  2690697840858.89
157716  18085762339727
157716  26635669992506.4
157716  26762952997327.6
157716  28537578625273.8
166478  2373034153981.07
166478  2830845121426.76
166478  18085762337250.2
166478  26635667682913.2
166478  26776835928649.7
166478  28552011609380.9
175240  2490355983897.5
175240  2970767934651.18
175240  18085762334415.1
175240  26635665704504.1
175240  26791456683174.5
175240  28567197395998.9
184002  2607493795336.56
184002  3110454803924.08
184002  18085762331680.7
184002  26635663996619.3
184002  26806809932700
184002  28583138696581
192764  2724420404171.72
192764  3249892270752.26
192764  18085762329046.8
192764  26635662510261.2
192764  26822908843542.3
192764  28599841558994.5
201526  2841140732998.03
201526  3389055020108.78
201526  18085762326053.8
201526  26635661208881.1
201526  26839777984766.6
201526  28617293578890
210288  2957639924584.93
210288  3527947712646.78
210288  18085762323568.2
210288  26635660063235.5
210288  26857356820043.1
210288  28635515680198.5
219050  3073905706413.97
219050  3666562633757.28
219050  18085762320086.1
219050  26635659047503.9
219050  26875724256416.1
219050  28654497645239.3
227812  3189930894865.48
227812  3804890236841.58
227812  18085762316261.3
227812  26635658144085.8
227812  26894848240759.8
227812  28674244453704.6
236574  3305713429755.13
236574  3942884931502.07
236574  18085762312747.8
236574  26635657335728
236574  26914728452747.8
236574  28694762210761.9
245336  3421237689977.2
245336  4080579757667.9
245336  18085762309332.9
245336  26635656609434
245336  26935379850428.8
245336  28716045842449.8
254098  3536494839938.07
254098  4217926880702.32
254098  18085762305557.2
254098  26635655954715.2
254098  26956798687596.7
254098  28738103734151
262860  3651476241977.39
262860  4354949266170.64
262860  18085762301420.2
262860  26635655361573.5
262860  26979012520126.3
262860  28760940763069.4
271622  3766172920298
271622  4491592912048.29
271622  18085762298017.8
271622  26635654823106.4
271622  27002004143882.6
271622  28784555803664
280384  3880575587292.57
280384  4627877743000.96
280384  18085762293633.5
280384  26635654331928.3
280384  27025796532744
280384  28808948240000.7
289146  3994676760470.26
289146  4763786662076.84
289146  18085762289099.3
289146  26635653883208.2
289146  27050383369846.7
289146  28834126808091.4
297908  4108469955208.27
297908  4899303474791.52
297908  18085762284661.3
297908  26635653471481.5
297908  27075767910968
297908  28860094192180
306670  4221941159342.71
306670  5034413891061.43
306670  18085762280089.7
306670  26635653093268.6
306670  27101959799806
306670  28886843347392
315432  4335079914168.66
315432  5169105487207.61
315432  18085762276692.3
315432  26635652743559.7
315432  27128972970941.1
315432  28914392339699.7
324194  4447887729963.97
324194  5303367656078.6
324194  18085762271622.4
324194  26635652421377.6
324194  27156802345948.5
324194  28942730628640.5
332956  4560343338517.06
332956  5437191548551.56
332956  18085762266205.1
332956  26635652122467.5
332956  27185464941149.9
332956  28971870533395.6
341718  4672448955971.55
341718  5570570005913.74
341718  18085762261094.1
341718  26635651845294.6
341718  27214958521894.3
341718  29001811429569.6
350480  4784186723498.36
350480  5703473427876.96
350480  18085762255847
350480  26635651586950.6
350480  27245288915074.7
350480  29032556141279
359242  4895553153363.61
359242  5835907094755.28
359242  18085762251100.2
359242  26635651346645.8
359242  27276463775321
359242  29064110884769
368004  5006540496457.91
368004  5967845683199.53
368004  18085762244908
368004  26635651122325.8
368004  27308495244079.6
368004  29096472579507.4
376766  5117137195420.96
376766  6099291652757.63
376766  18085762239479
376766  26635650912673.6
376766  27341386976894.8
376766  29129652327096.8
385528  5227335500883.9
385528  6230222626139.62
385528  18085762233682.2
385528  26635650715734.9
385528  27375148093680.3
385528  29163643040817
394290  5337127211981.6
394290  6360622928401.21
394290  18085762227517.1
394290  26635650531226.4
394290  27409779863839.5
394290  29198456306569.3
403052  5446503712794.59
403052  6490488978988.46
403052  18085762222308.4
403052  26635650357609.9
403052  27445292593765.8
403052  29234094531319.6
411814  5555455999278.63
411814  6619806499054.88
411814  18085762215651.3
411814  26635650194369.2
411814  27481691540588.3
411814  29270558889145
420576  5663979097379.02
420576  6748554747945.28
420576  18085762209065.9
420576  26635650040151.9
420576  27518988542611.8
420576  29307848913923.2
429338  5772062504506.28
429338  6876734335055.29
429338  18085762202798.1
429338  26635649895258.6
429338  27557186494015.5
429338  29345976746305.9
438100  5879695361087.54
438100  7004332891523.3
438100  18085762197008
438100  26635649757830.7
438100  27596295549407.9
438100  29384941939293.7
446862  5986876083633.18
446862  7131326963903.42
446862  18085762189784.1
446862  26635649627881.6
446862  27636321187311.7
446862  29424742779984
455624  6093590845608.34
455624  7257712259820.06
455624  18085762182858.5
455624  26635649505172.6
455624  27677271001488.3
455624  29465386569540.2
464386  6199832587485.54
464386  7383478782160.09
464386  18085762176425.6
464386  26635649388590.1
464386  27719153724046.9
464386  29506873374964
473148  6305597120312.16
473148  7508610916940.82
473148  18085762168539.5
473148  26635649278016.7
473148  27761974679882.8
473148  29549214598597.5
481911  6410874032241.66
481911  7633096252149.11
481911  18085762161408.6
481911  26635649173026.9
481911  27805743429273.7
481911  29592403623031
490673  6515655386900.37
490673  7756925573292.73
490673  18085762153672.1
490673  26635649072771.2
490673  27850466059596.9
490673  29636451247820.8
499435  6619933664010.61
499435  7880092822962.97
499435  18085762146247.4
499435  26635648977896.2
499435  27896150035738.6
499435  29681356647329
508197  6723704433160.54
508197  8002566122222.88
508197  18085762137773.6
508197  26635648887336
508197  27942803342080.7
508197  29727122527988.5
516959  6826956754425.56
516959  8124358758162.4
516959  18085762130051.6
516959  26635648801073
516959  27990433600773.5
516959  29773755077419.4
525721  6929682683648.3
525721  8245445000210.25
525721  18085762122357.7
525721  26635648718547.8
525721  28039047479189.7
525721  29821254084977.9
534483  7031879823474.14
534483  8365814328371.75
534483  18085762113663.8
534483  26635648640606.5
534483  28088652758459.2
534483  29869626006013.8
543245  7133536599165.31
543245  8485461243253.6
543245  18085762105701.8
543245  26635648565673
543245  28139256607028.5
543245  29918867003640.9
552007  7234646886469.08
552007  8604369326204.45
552007  18085762097782.3
552007  26635648493601.9
552007  28190866297232.8
552007  29968986658656.6
560769  7335205644504.48
560769  8722526787196.44
560769  18085762088630.4
560769  26635648424915
560769  28243489030001.8
560769  30019988231200.4
569531  7435205479880.33
569531  8839936707749.38
569531  18085762079765.8
569531  26635648359846.5
569531  28297131790361.7
569531  30071864085397.4
578293  7534639833114.51
578293  8956565586612.13
578293  18085762071382.4
578293  26635648296849.4
578293  28351801445400.4
578293  30124632073990.2
587055  7633502884731.96
587055  9072420051032.81
587055  18085762061763.8
587055  26635648236693.8
587055  28407505033928.9
587055  30178280917809.8
595817  7731786656279.63
595817  9187486108286.5
595817  18085762052429.2
595817  26635648179433.7
595817  28464248754697.4
595817  30232821953594.1
604579  7829484802720.35
604579  9301753373566.84
604579  18085762043343.2
604579  26635648123873.8
604579  28522040489629.7
604579  30288255707577.7
613341  7926594135159.88
613341  9415215805394.04
613341  18085762033477.7
613341  26635648071301.7
613341  28580885132103
613341  30344586277766.9
622103  8023106282859.59
622103  9527848859305.66
622103  18085762023875.7
622103  26635648020454
622103  28640790100159.8
622103  30401807586479.7
630865  8119015639567.24
630865  9639663931456.92
630865  18085762014323.7
630865  26635647971659.3
630865  28701761773940.2
630865  30459934634092.9
639627  8214317473249.17
639627  9750635340937.84
639627  18085762003954.3
639627  26635647924569.5
639627  28763804963378.2
639627  30518955430506.5
648389  8309006604910.92
648389  9860761090113.61
648389  18085761994286.5
648389  26635647879945.8
648389  28826926695106.1
648389  30578881618994.4
657151  8403077462981.89
657151  9970035318748.41
657151  18085761983374.3
657151  26635647836864.4
657151  28891131407379
657151  30639714722456.1
665913  8496524122647.15
665913  10078437284457.2
665913  18085761972736.6
665913  26635647795926.7
665913  28956425681927.7
665913  30701448969569.7
674675  8589341826177.87
674675  10185974309693.6
674675  18085761962337.8
674675  26635647755736.7
674675  29022814311217.6
674675  30764094988455.9
683437  8681527303951.31
683437  10292627670880.2
683437  18085761951149.6
683437  26635647717132.6
683437  29090300660438.7
683437  30827647385697.3
692199  8773074402075.17
692199  10398396796659.1
692199  18085761940639.1
692199  26635647680774.1
692199  29158893006396.9
692199  30892112468557
700961  8863978570904.19
700961  10503270101034.7
700961  18085761929089.8
700961  26635647645295.4
700961  29228593289762.7
700961  30957489297161.4
709723  8954236287333.82
709723  10607241234359.5
709723  18085761917825.4
709723  26635647611653.9
709723  29299405383549.7
709723  31023780523423.9
718485  9043843636828.54
718485  10710309124168.6
718485  18085761906121.5
718485  26635647579200.3
718485  29371335615534.5
718485  31090985066926
727247  9132796367552.35
727247  10812452297969.6
727247  18085761894274.9
727247  26635647547116.5
727247  29444384919091.9
727247  31159104238046
736009  9221089935256.18
736009  10913680618670.3
736009  18085761882886.5
736009  26635647517270.3
736009  29518559588177.1
736009  31228137210414.7
744771  9308721947914.99
744771  11013981412140.7
744771  18085761870239.4
744771  26635647488296.1
744771  29593860288281.3
744771  31298087936011.2
753533  9395688149724.88
753533  11113347544325.3
753533  18085761858488.8
753533  26635647460233.4
753533  29670290090427.9
753533  31368956642860.6
762295  9481986635305.43
762295  11211777500811.8
762295  18085761845688.7
762295  26635647433426.5
762295  29747855041489.3
762295  31440741658105.5
771057  9567613016825.49
771057  11309268071964.2
771057  18085761833798.8
771057  26635647407649.9
771057  29826552789686.7
771057  31513441371612.8
779819  9652564945038.44
779819  11405809131905
779819  18085761820414.2
779819  26635647382921.2
779819  29906387322132.8
779819  31587059241098.3
788581  9736839761234.17
788581  11501398173715.3
788581  18085761807689.7
788581  26635647358903.2
788581  29987360688076
788581  31661594964527.8
797343  9820434553925.98
797343  11596035484063
797343  18085761793289.1
797343  26635647336357.9
797343  30069471655875.6
797343  31737046336506.1
806105  9903348814588.77
806105  11689717025754.8
806105  18085761780411
806105  26635647314105.4
806105  30152726085796.4
806105  31813414731197.4
814867  9985578275223.4
814867  11782430300653.2
814867  18085761766260.3
814867  26635647292468.8
814867  30237120122083.7
814867  31890699920931.1
823629  10067123093745.2
823629  11874188250498.1
823629  18085761752796.5
823629  26635647272617
823629  30322655647044.1
823629  31968897070414.3
832391  10147980049658
832391  11964981363244.6
832391  18085761738887.6
832391  26635647253101.7
832391  30409331093638.6
832391  32048007679699.5
841153  10228148214610.8
841153  12054803204043
841153  18085761724353.9
841153  26635647234424.4
841153  30497150217877.8
841153  32128032245813.9
849915  10307626403562.1
849915  12143653372505.9
849915  18085761710042.1
849915  26635647216210.1
849915  30586107434329.1
849915  32208969623820.1
858677  10386413232570.1
858677  12231537539124.8
858677  18085761696196.5
858677  26635647198942.8
858677  30676204660166.2
858677  32290816122239.1
867439  10464507805413.5
867439  12318451857182.8
867439  18085761680607
867439  26635647182281.3
867439  30767440214976.1
867439  32373569298435.9
876201  10541910476347.6
876201  12404398372149.4
876201  18085761666115.9
876201  26635647166671.4
876201  30859808561172.7
876201  32457229660513.4
884963  10618619296212.6
884963  12489371598117.2
884963  18085761650776.6
884963  26635647151030.2
884963  30953315216170.2
884963  32541795991958.4
893725  10694634260298.3
893725  12573372130396.3
893725  18085761635860
893725  26635647137079
893725  31047951328786.2
893725  32627264475224.7
902487  10769955741346.4
902487  12656406696143.1
902487  18085761619419.4
902487  26635647122738.3
902487  31143715174857.1
902487  32713634836734.5
911249  10844583915683.1
911249  12738472592530
911249  18085761604067.5
911249  26635647109881.1
911249  31240604010229.5
911249  32800903476687.3
920011  10918518825671.7
920011  12819575749104.7
920011  18085761587416
920011  26635647097114.5
920011  31338616923948.4
920011  32889066835345.1
928773  10991760424442.2
928773  12899711550916.4
928773  18085761571847.9
928773  26635647084976.9
928773  31437747440671.5
928773  32978121756492.8
937535  11064309304524.7
937535  12978881432411.5
937535  18085761554957.7
937535  26635647073530.6
937535  31537991302742.8
937535  33068068484762.4
946297  11136167002609.2
946297  13057092937050
946297  18085761538703.7
946297  26635647062183.5
946297  31639343218859.8
946297  33158903846096.3
955059  11207334066054.5
955059  13134352984184
955059  18085761521775.8
955059  26635647051986.9
955059  31741803029131.5
955059  33250623334891.9
963821  11277811456161.7
963821  13210656218782.1
963821  18085761503976.1
963821  26635647041718.1
963821  31845358954825
963821  33343220206182.8
972583  11347600671593.9
972583  13286008514701.6
972583  18085761486786.8
972583  26635647032435.6
972583  31950010508286.5
972583  33436697041999.1
981345  11416703125900
981345  13360418458342.3
981345  18085761468948.9
981345  26635647023376.2
981345  32055753305834.9
981345  33531048916858.5
990107  11485120194884.7
990107  13433882085994.3
990107  18085761451502.9
990107  26635647015018.5
990107  32162578846989.2
990107  33626269465751.4
998869  11552854828804.8
998869  13506410495029.6
998869  18085761432731.2
998869  26635647006636.3
998869  32270477011993.3
998869  33722355757877
1.00763e+06  11619907395507.8
1.00763e+06  13578006571423.9
1.00763e+06  18085761413708.5
1.00763e+06  26635646999654.1
1.00763e+06  32379447589351.4
1.00763e+06  33819308360637.6
1.01639e+06  11686281530001.5
1.01639e+06  13648677874778
1.01639e+06  18085761395509.2
1.01639e+06  26635646992306
1.01639e+06  32489481178562.5
1.01639e+06  33917114252599.4
1.02516e+06  11751978610957.2
1.02516e+06  13718425842749.1
1.02516e+06  18085761375744.8
1.02516e+06  26635646985561.8
1.02516e+06  32600571191104.6
1.02516e+06  34015779143738.5
1.03392e+06  11817001226698.4
1.03392e+06  13787257653718.8
1.03392e+06  18085761357467.5
1.03392e+06  26635646979046
1.03392e+06  32712712200354.9
1.03392e+06  34115293172666.5
1.04268e+06  11881351988429.5
1.04268e+06  13855186226488.6
1.04268e+06  18085761338042
1.04268e+06  26635646973363.8
1.04268e+06  32825891041177.9
1.04268e+06  34215649830533.7
1.05144e+06  11945033511425.3
1.05144e+06  13922199552413.9
1.05144e+06  18085761317711.2
1.05144e+06  26635646967742.2
1.05144e+06  32940103201215.9
1.05144e+06  34316845973721
1.0602e+06  12008049373905
1.0602e+06  13988322036309.9
1.0602e+06  18085761298185.3
1.0602e+06  26635646962699.2
1.0602e+06  33055343694848.3
1.0602e+06  34418881914883.3
1.06897e+06  12070401604969.3
1.06897e+06  14053553770324
1.06897e+06  18085761277304.8
1.06897e+06  26635646958166.6
1.06897e+06  33171603551275.8
1.06897e+06  34521746751034.2
1.07773e+06  12132094164453.1
1.07773e+06  14117900257146.2
1.07773e+06  18085761257221.2
1.07773e+06  26635646953583.6
1.07773e+06  33288869669080.4
1.07773e+06  34625442167892.5
1.08649e+06  12193129786107.9
1.08649e+06  14181372452796.5
1.08649e+06  18085761236852.4
1.08649e+06  26635646949437.4
1.08649e+06  33407138325151.1
1.08649e+06  34729957338063.5
1.09525e+06  12253512051428.2
1.09525e+06  14243975148264.7
1.09525e+06  18085761214887.2
1.09525e+06  26635646945533.3
1.09525e+06  33526397222789.2
1.09525e+06  34835286153876.8
1.10401e+06  12313244526352.9
1.10401e+06  14305716123465.9
1.10401e+06  18085761193935.1
1.10401e+06  26635646942509.9
1.10401e+06  33646640293711.3
1.10401e+06  34941423609470.7
1.11278e+06  12372330814064.9
1.11278e+06  14366599070238.6
1.11278e+06  18085761172014
1.11278e+06  26635646939128.2
1.11278e+06  33767857596300.4
1.11278e+06  35048369549605.9
1.12154e+06  12430774592847.2
1.12154e+06  14426638304843.2
1.12154e+06  18085761149824.2
1.12154e+06  26635646936891.6
1.12154e+06  33890035420608.4
1.12154e+06  35156117043720.3
1.1303e+06  12488579895291.2
1.1303e+06  14485841598713.5
1.1303e+06  18085761127962.6
1.1303e+06  26635646934988.7
1.1303e+06  34013176722439.9
1.1303e+06  35264660665890.7
1.13906e+06  12545750532946.8
1.13906e+06  14544212549253.2
1.13906e+06  18085761105346.9
1.13906e+06  26635646932614.8
1.13906e+06  34137260697478.3
1.13906e+06  35373988698285.1
1.14782e+06  12602290684032.3
1.14782e+06  14601758443718.7
1.14782e+06  18085761081777.1
1.14782e+06  26635646931396.6
1.14782e+06  34262281046842.8
1.14782e+06  35484102662429.5
1.15659e+06  12658204412426.6
1.15659e+06  14658494088898.3
1.15659e+06  18085761058961.6
1.15659e+06  26635646930023.1
1.15659e+06  34388228024105.8
1.15659e+06  35594997361545.1
1.16535e+06  12713496018107.1
1.16535e+06  14714427375577.1
1.16535e+06  18085761035817.5
1.16535e+06  26635646928601
1.16535e+06  34515088693924.1
1.16535e+06  35706655392028.6
1.17411e+06  12768169841294.9
1.17411e+06  14769561540249
1.17411e+06  18085761011261.8
1.17411e+06  26635646928097.7
1.17411e+06  34642864796378.4
1.17411e+06  35819086194908.6
1.18287e+06  12822230302710
1.18287e+06  14823904456477.7
1.18287e+06  18085760986137.3
1.18287e+06  26635646927595.3
1.18287e+06  34771533587018.7
1.18287e+06  35932272968826.1
1.19163e+06  12875681940797.7
1.19163e+06  14877468654125.4
1.19163e+06  18085760961973.6
1.19163e+06  26635646927583.9
1.19163e+06  34901089634756.8
1.19163e+06  36046217612176.5
1.2004e+06  12928529252481.4
1.2004e+06  14930271267511.5
1.2004e+06  18085760937017
1.2004e+06  26635646928020
1.2004e+06  35031524724498.8
1.2004e+06  36160909537580.9
1.20916e+06  12980777000874.3
1.20916e+06  14982300305184.6
1.20916e+06  18085760911507.6
1.20916e+06  26635646927626.1
1.20916e+06  35162827019255.9
1.20916e+06  36276341253103.1
1.21792e+06  13032429753615.7
1.21792e+06  15033584635334.4
1.21792e+06  18085760886270
1.21792e+06  26635646928442.7
1.21792e+06  35294980939162.2
1.21792e+06  36392508437495.9
1.22668e+06  13083492461174.1
1.22668e+06  15084126140548.3
1.22668e+06  18085760860220.2
1.22668e+06  26635646929652
1.22668e+06  35427991596705.5
1.22668e+06  36509410096342.6
1.23544e+06  13133969902870.6
1.23544e+06  15133930822781.4
1.23544e+06  18085760833563.5
1.23544e+06  26635646930865.5
1.23544e+06  35561834119092
1.23544e+06  36627027763392.9
1.24421e+06  13183866922373.7
1.24421e+06  15183008841531.5
1.24421e+06  18085760806556.5
1.24421e+06  26635646932525
1.24421e+06  35696502960168.6
1.24421e+06  36745370305712.9
1.25297e+06  13233188464030.9
1.25297e+06  15231374499185.1
1.25297e+06  18085760779793.5
1.25297e+06  26635646933929
1.25297e+06  35831989310892.4
1.25297e+06  36864418085528.7
1.26173e+06  13281939606581.3
1.26173e+06  15279033479932.7
1.26173e+06  18085760752190
1.26173e+06  26635646935627.2
1.26173e+06  35968280909110.1
1.26173e+06  36984170026515.4
1.27049e+06  13330125589923
1.27049e+06  15325993200838.1
1.27049e+06  18085760723950.2
1.27049e+06  26635646937866.5
1.27049e+06  36105365208209.2
1.27049e+06  37104622618963.1
1.27925e+06  13377750768929.4
1.27925e+06  15372261538559.8
1.27925e+06  18085760694888.8
1.27925e+06  26635646940325.2
1.27925e+06  36243242492399.1
1.27925e+06  37225763163856.1
1.28802e+06  13424821268962.2
1.28802e+06  15417853525673.2
1.28802e+06  18085760666922.4
1.28802e+06  26635646943116.7
1.28802e+06  36381891909222.6
1.28802e+06  37347586970061.4
1.29678e+06  13471341232711.1
1.29678e+06  15462775083769.4
1.29678e+06  18085760637642.2
1.29678e+06  26635646946484.7
1.29678e+06  36521305576344.7
1.29678e+06  37470099232959
1.30554e+06  13517316451848.4
1.30554e+06  15507035747089.7
1.30554e+06  18085760607692.6
1.30554e+06  26635646949081.8
1.30554e+06  36661475923441.6
1.30554e+06  37593271171796.4
1.3143e+06  13562752076726.8
1.3143e+06  15550648653699.8
1.3143e+06  18085760576887.1
1.3143e+06  26635646952524.6
1.3143e+06  36802392172890.8
1.3143e+06  37717114128926.9
1.32306e+06  13607653254568.3
1.32306e+06  15593611054277.4
1.32306e+06  18085760546700
1.32306e+06  26635646956212
1.32306e+06  36944040167689
1.32306e+06  37841617539234.6
1.33183e+06  13652025255714.6
1.33183e+06  15635944194334.7
1.33183e+06  18085760515180
1.33183e+06  26635646959773.7
1.33183e+06  37086416978421.1
1.33183e+06  37966772609714.1
1.34059e+06  13695873495657.2
1.34059e+06  15677647269489.4
1.34059e+06  18085760483605.9
1.34059e+06  26635646963544.5
1.34059e+06  37229504755339.8
1.34059e+06  38092573558140.5
1.34935e+06  13739202925658
1.34935e+06  15718739915102
1.34935e+06  18085760451772.8
1.34935e+06  26635646967899.7
1.34935e+06  37373304570513.5
1.34935e+06  38219017805993.9
1.35811e+06  13782018749157.6
1.35811e+06  15759225331616.9
1.35811e+06  18085760419017.2
1.35811e+06  26635646972482
1.35811e+06  37517796946776.4
1.35811e+06  38346092064998.1
1.36687e+06  13824326986300.7
1.36687e+06  15799109775417.2
1.36687e+06  18085760385717.6
1.36687e+06  26635646976692.1
1.36687e+06  37662974343763.6
1.36687e+06  38473793147099.5
1.37564e+06  13866132057976.6
1.37564e+06  15838402590944.1
1.37564e+06  18085760352567.2
1.37564e+06  26635646982131.2
1.37564e+06  37808826198711.9
1.37564e+06  38602112946316.8
1.3844e+06  13907439607150.6
1.3844e+06  15877116194965.8
1.3844e+06  18085760318214.2
1.3844e+06  26635646986773.9
1.3844e+06  37955342826647.3
1.3844e+06  38731051339399.4
1.39316e+06  13948255215884.8
1.39316e+06  15915266029454
1.39316e+06  18085760283986.5
1.39316e+06  26635646991461.2
1.39316e+06  38102525564540.4
1.39316e+06  38860596746210.7
1.40192e+06  13988583962331.7
1.40192e+06  15952837464501.2
1.40192e+06  18085760248760.8
1.40192e+06  26635646997560.4
1.40192e+06  38250344328208.8
1.40192e+06  38990740399661.1
1.41068e+06  14028431035448.8
1.41068e+06  15989869805474.5
1.41068e+06  18085760212100.4
1.41068e+06  26635647003166.5
1.41068e+06  38398810785390.8
1.41068e+06  39121476487555.5
1.41945e+06  14067801756067.6
1.41945e+06  16026340292729.1
1.41945e+06  18085760176391.1
1.41945e+06  26635647008992.7
1.41945e+06  38547904482199.7
1.41945e+06  39252802397724.8
1.42821e+06  14106701602075.7
1.42821e+06  16062277108216.3
1.42821e+06  18085760139855.5
1.42821e+06  26635647014754.9
1.42821e+06  38697616046731.6
1.42821e+06  39384719093828.3
1.43697e+06  14145136222648.1
1.43697e+06  16097685910518.9
1.43697e+06  18085760102038.2
1.43697e+06  26635647021014.9
1.43697e+06  38847937744141.4
1.43697e+06  39517196614670.5
1.44573e+06  14183109092405.1
1.44573e+06  16132572852987.8
1.44573e+06  18085760063823.3
1.44573e+06  26635647027256.6
1.44573e+06  38998858860695.8
1.44573e+06  39650258862108.9
1.45449e+06  14220627713967.5
1.45449e+06  16166946603872.7
1.45449e+06  18085760024737.3
1.45449e+06  26635647034244.3
1.45449e+06  39150370963295.5
1.45449e+06  39783871262720.5
1.46326e+06  14257695397476.5
1.46326e+06  16200818342194.3
1.46326e+06  18085759985892.1
1.46326e+06  26635647040483.1
1.46326e+06  39302477827200.2
1.46326e+06  39918042897913.7
1.47202e+06  14294319094898.9
1.47202e+06  16234188253837.4
1.47202e+06  18085759944431.6
1.47202e+06  26635647047633.7
1.47202e+06  39455144202754.9
1.47202e+06  40052767431384.4
1.48078e+06  14330502729726.7
1.48078e+06  16267063638777
1.48078e+06  18085759903761.7
1.48078e+06  26635647054367.1
1.48078e+06  39608393502227.3
1.48078e+06  40188037232111.6
1.48954e+06  14366251334016.8
1.48954e+06  16299467626548.5
1.48954e+06  18085759862170.1
1.48954e+06  26635647061699.1
1.48954e+06  39762194459498.3
1.48954e+06  40323847856172.7
1.4983e+06  14401570716656.7
1.4983e+06  16331386258715.5
1.4983e+06  18085759820061.9
1.4983e+06  26635647068906.3
1.4983e+06  39916542430234.6
1.4983e+06  40460194700940.6
1.50707e+06  14436465860891
1.50707e+06  16362840511279.5
1.50707e+06  18085759777223
1.50707e+06  26635647076687.5
1.50707e+06  40071432718505.7
1.50707e+06  40597051184987.6
1.51583e+06  14470941879714.7
1.51583e+06  16393840155627.8
1.51583e+06  18085759733158.4
1.51583e+06  26635647084402.3
1.51583e+06  40226857897432.3
1.51583e+06  40734444989004.4
1.52459e+06  14505004029475.2
1.52459e+06  16424387870115.1
1.52459e+06  18085759688974.6
1.52459e+06  26635647092188.4
1.52459e+06  40382807407469.8
1.52459e+06  40872338003424.9
1.53335e+06  14538655465792.2
1.53335e+06  16454488308972.2
1.53335e+06  18085759643310.8
1.53335e+06  26635647100082
1.53335e+06  40539267171219
1.53335e+06  41010753634352.4
1.54211e+06  14571903221888.2
1.54211e+06  16484148120820.5
1.54211e+06  18085759597271.7
1.54211e+06  26635647108155.3
1.54211e+06  40696245348776
1.54211e+06  41149669070446.4
1.55088e+06  14604752596008.9
1.55088e+06  16513375958797.1
1.55088e+06  18085759549918.3
1.55088e+06  26635647116535
1.55088e+06  40853721918801.5
1.55088e+06  41289072179698.4
1.55964e+06  14637205762201.1
1.55964e+06  16542182464373.3
1.55964e+06  18085759502353.3
1.55964e+06  26635647125377.8
1.55964e+06  41011694004796.8
1.55964e+06  41428970399278.1
1.5684e+06  14669270757150.5
1.5684e+06  16570580234979.6
1.5684e+06  18085759452577.3
1.5684e+06  26635647133707.6
1.5684e+06  41170138400607.8
1.5684e+06  41569357707912.5
1.57716e+06  14700950258063.7
1.57716e+06  16598556526933.7
1.57716e+06  18085759403401.4
1.57716e+06  26635647142952.8
1.57716e+06  41329080759640.8
1.57716e+06  41710225811359.2
1.58592e+06  14732249424356.7
1.58592e+06  16626135749342.5
1.58592e+06  18085759352807
1.58592e+06  26635647151997
1.58592e+06  41488491057697.9
1.58592e+06  41851551117588.6
1.59469e+06  14763173849691.6
1.59469e+06  16653314640025.3
1.59469e+06  18085759300147.5
1.59469e+06  26635647161188.6
1.59469e+06  41648362296973.5
1.59469e+06  41993355486558.5
1.60345e+06  14793727854894.6
1.60345e+06  16680115499975.6
1.60345e+06  18085759247560.7
1.60345e+06  26635647170167.4
1.60345e+06  41808687911285.2
1.60345e+06  42135631435742.2
1.61221e+06  14823915862760.3
1.61221e+06  16706513394973.4
1.61221e+06  18085759193465
1.61221e+06  26635647179179.4
1.61221e+06  41969457723556.7
1.61221e+06  42278347031495.2
1.62097e+06  14853742405250.6
1.62097e+06  16732541188173.3
1.62097e+06  18085759138954.3
1.62097e+06  26635647189165
1.62097e+06  42130679528350.9
1.62097e+06  42421523613687.6
1.62973e+06  14883212138225.4
1.62973e+06  16758200638665
1.62973e+06  18085759082884.6
1.62973e+06  26635647198997.9
1.62973e+06  42292347722082.3
1.62973e+06  42565162340723.1
1.6385e+06  14912329848405.2
1.6385e+06  16783494955663.8
1.6385e+06  18085759025660.4
1.6385e+06  26635647208918.1
1.6385e+06  42454420311172.2
1.6385e+06  42709216012274.4
1.64726e+06  14941100463621.2
1.64726e+06  16808428828210.1
1.64726e+06  18085758967455.9
1.64726e+06  26635647218790.4
1.64726e+06  42616942995120
1.64726e+06  42853708149678.7
1.65602e+06  14969527966742.1
1.65602e+06  16833008443706.1
1.65602e+06  18085758907808.4
1.65602e+06  26635647228826.9
1.65602e+06  42779845833128.8
1.65602e+06  42998635511689.7
1.66478e+06  14997615240469.1
1.66478e+06  16857241487740
1.66478e+06  18085758846888.6
1.66478e+06  26635647239334.7
1.66478e+06  42943204720516.6
1.66478e+06  43143993169095.1
1.67354e+06  15025370158642.1
1.67354e+06  16881137138513.6
1.67354e+06  18085758784424.5
1.67354e+06  26635647249655.3
1.67354e+06  43106946094824.5
1.67354e+06  43289782630729.5
1.68231e+06  15052792832569.5
1.68231e+06  16904699527605.5
1.68231e+06  18085758721268.6
1.68231e+06  26635647260247.9
1.68231e+06  43271074122249.4
1.68231e+06  43435954525079.1
1.69107e+06  15079892201406.7
1.69107e+06  16927914567973.7
1.69107e+06  18085758656264.5
1.69107e+06  26635647270715.8
1.69107e+06  43435592455821.6
1.69107e+06  43582534956660.4
1.69983e+06  15106667333835
1.69983e+06  16950820705628.9
1.69983e+06  18085758589802.6
1.69983e+06  26635647281747.6
1.69983e+06  43600503452533.9
1.69983e+06  43729567027353
1.70859e+06  15133126279111.5
1.70859e+06  16973396833239.1
1.70859e+06  18085758521407.9
1.70859e+06  26635647292746.5
1.70859e+06  43765806712593.5
1.70859e+06  43876933275570.9
1.71735e+06  15159272804319.6
1.71735e+06  16995668842276.4
1.71735e+06  18085758451871.4
1.71735e+06  26635647304083.3
1.71735e+06  43931496217714.1
1.71735e+06  44024775063951.3
1.72612e+06  15185110178871.8
1.72612e+06  17017618181418.2
1.72612e+06  18085758380712.6
1.72612e+06  26635647315019.3
1.72612e+06  44097554315671
1.72612e+06  44172895344859.9
1.73488e+06  15210641176231.3
1.73488e+06  17039278539295.1
1.73488e+06  18085758308082.3
1.73488e+06  26635647326150.4
1.73488e+06  44263937787176.9
1.73488e+06  44321461786595.1
1.74364e+06  15235871492030.1
1.74364e+06  17060633153349.1
1.74364e+06  18085758233722.3
1.74364e+06  26635647337843.3
1.74364e+06  44430690053346.2
1.74364e+06  44470455977092.7
