0  109423368504.228
0  110288973259.987
0  12545802355885.2
0  14360044872582.3
7468.9  216866494036.851
7468.9  221029614770.143
7468.9  12545802354909.1
7468.9  14360056774742.7
14937.8  323994658621.637
14937.8  332026934883.06
14937.8  12545802353282.1
14937.8  14360048607991.2
22406.7  431874218285.468
22406.7  443170114723.321
22406.7  12545802351004.2
22406.7  14359949927168.7
29875.6  539378708310.592
29875.6  554387607885.024
29875.6  12545802347569.8
29875.6  14359813758885
37344.5  647314808826.493
37344.5  665336801497.851
37344.5  12545802343989.6
37344.5  14359664196867
37344.5  14364370404322.3
37344.5  14365036390698.9
44813.4  754784355549.744
44813.4  776044745945.664
44813.4  12545802339758
44813.4  14359519349085.4
44813.4  14364057040133.8
44813.4  14365220865873.5
52282.3  862683441198.784
52282.3  886787421575.286
52282.3  12545802334874.7
52282.3  14359388748549.5
59751.2  970127843676.854
59751.2  997540733067.525
59751.2  12545802329339.4
59751.2  14359275549445.4
59751.2  14369188264431.2
59751.2  14370211877592.6
67220.1  1077900302548.29
67220.1  1108282802320.65
67220.1  12545802323151.7
67220.1  14359179418520.9
67220.1  14370827835787
74689  1185307150237.51
74689  1218993843325.05
74689  12545802316311.3
74689  14359098528726.6
74689  14374083781212.8
74689  14375281305492
82158  1292908869029.52
82158  1329656119122.23
82158  12545802308817.7
82158  14359030636833.2
82158  14376661680451.2
89626.9  1400196812385.41
89626.9  1440193554701.53
89626.9  12545802300670.6
89626.9  14358973578340.2
89626.9  14379062114300.4
89626.9  14380676986647.3
97095.8  1507652929998.66
97095.8  1550598319314.55
97095.8  12545802291869.4
97095.8  14358925454258.5
97095.8  14383750446958.9
97095.8  14385195041685.4
104565  1614800197196.12
104565  1660943757233.56
104565  12545802282413.3
104565  14358884671093.7
104565  14384803757362.4
104565  14386129097083.3
112034  1722070518745.19
112034  1771218636480
112034  12545802272302.2
112034  14358849923629.2
112034  14389046235669.5
112034  14391409229382.6
119502  1829102117380.01
119502  1881412913315.85
119502  12545802261535.2
119502  14358820151875
119502  14393377031537.9
119502  14396177824891.5
126971  1936089714376.96
126971  1991517735089.03
126971  12545802250617.2
126971  14358794499042.2
126971  14397682454111.4
126971  14401004133190.8
134440  2042987720730.68
134440  2101525413756.26
134440  12545802238536.4
134440  14358772273707.7
134440  14401895059743.8
134440  14405951573123.3
141909  2149676703921.13
141909  2211429372809.6
141909  12545802225797.7
141909  14358752914716.2
141909  14406177963639.3
141909  14411052168970.2
149378  2256367002877.39
149378  2321224071348.12
149378  12545802212400.3
149378  14358735966386.2
149378  14410906229850.3
149378  14416345127494.3
156847  2362894189560.8
156847  2430904910812.54
156847  12545802198343.4
156847  14358721056221.6
156847  14416160763128.9
156847  14421905775362
164316  2469235389253.91
164316  2540468129630.78
164316  12545802184569.9
164316  14358707878854.2
164316  14421731482390.9
164316  14427935206750.4
171785  2575461653749.47
171785  2649896876504.26
171785  12545802168685.6
171785  14358696182769.4
171785  14427466333642.2
171785  14435064849130.8
179254  2681595268148.37
179254  2759118457707.82
179254  12545802152644.3
179254  14358685758224.7
179254  14433320152928.1
179254  14441083494867.8
186723  2787542406337.4
186723  2868210135051.74
186723  12545802135939.6
186723  14358676431274.5
186723  14439294110538.5
186723  14447727944943.7
194192  2893311106732.78
194192  2977172120210.99
194192  12545802118570.8
194192  14358668055858
194192  14445951420378.4
194192  14455420898855
201660  2998904467266.83
201660  3086004678346.37
201660  12545802101041.8
201660  14358660509101.5
201660  14452973084938.1
201660  14462427259164.4
209129  3104321960468.82
209129  3194671503854.86
209129  12545802082340.6
209129  14358653686801.7
209129  14459697809706.1
209129  14470608962413.9
216598  3209560213086.18
216598  3303081582478.16
216598  12545802062971.9
216598  14358647500721.8
216598  14467537049015.6
216598  14478486234152.7
224067  3314613451241.06
224067  3411370451086.07
224067  12545802042933.9
224067  14358641874774.4
224067  14474845115589.1
224067  14486875844941.9
231536  3419473719724.18
231536  3519486189868.58
231536  12545802022225.9
231536  14358636744285.6
231536  14483255916231.1
231536  14495858474946.5
239005  3524130934822.9
239005  3627331897082.15
239005  12545802000340.6
239005  14358632053235.7
239005  14491608794657
239005  14505183118502.5
246474  3628572798826.91
246474  3735071403022.86
246474  12545801978287.8
246474  14358627753813.1
246474  14499953198305
246474  14514540983987.2
253943  3732784584747.75
253943  3842475956843.63
253943  12545801956066
253943  14358623803306.7
253943  14509172058519.1
253943  14524263267067.7
261412  3836748782303.86
261412  3949764152845.83
261412  12545801933606.8
261412  14358620165819.3
261412  14518617310343.5
261412  14534470673989.7
268881  3940444581250.98
268881  4056726497633.97
268881  12545801909526.6
268881  14358616809647.1
268881  14528340479955.5
268881  14545101785108
276349  4043934243540.06
276349  4163492944053.18
276349  12545801884767.5
276349  14358613706586.6
276349  14538377003937.1
276349  14555806089360.4
283818  4147159516284.2
283818  4270047700424.27
283818  12545801859327.6
283818  14358610831792.9
283818  14548734836682.5
283818  14566924829388.6
291287  4250055470816.39
291287  4376257464631.79
291287  12545801832700.5
291287  14358608163714.4
291287  14559397820513.4
291287  14578639070580.7
298756  4352755891829
298756  4482222923658.41
298756  12545801806400
298756  14358605683201.7
298756  14570526740742.8
298756  14590770944118.8
306225  4455081873622.77
306225  4587920280798.74
306225  12545801778467.9
306225  14358603373513
306225  14582213354071.1
306225  14603081518990.7
313694  4557185974658.83
313694  4693329065109.74
313694  12545801750729.9
313694  14358601218717.7
313694  14594016899694.8
313694  14616024475031.7
321163  4658925356766.71
321163  4798432744185.61
321163  12545801721861.7
321163  14358599204949.6
321163  14606362839171.2
321163  14629354299739.8
328632  4760338051627.61
328632  4903219073228.26
328632  12545801693246
328632  14358597321227.3
328632  14619026012463.1
328632  14642901599535.5
336101  4861456626536.19
336101  5007680161885.92
336101  12545801662993.5
336101  14358595556885.9
336101  14632236932948.7
336101  14657036946779.8
343570  4962213180624.26
343570  5111812273492.47
343570  12545801632046.1
343570  14358593901834.3
343570  14645664720539.7
343570  14671636655372.3
351039  5062607251056.91
351039  5215615400187.62
351039  12545801600401.6
351039  14358592346986.5
351039  14659612192945.1
351039  14686666386730.3
358507  5162632511484.18
358507  5319028319693.37
358507  12545801568057.3
358507  14358590884037
358507  14674108972816
358507  14702141459909
365976  5262277270615.33
365976  5422063187864.33
365976  12545801535011.6
365976  14358589507554.4
365976  14689008409570.1
365976  14718123011087.8
373445  5361524534390.61
373445  5524761119393.87
373445  12545801501262.3
373445  14358588208920.2
373445  14704332016265.4
373445  14734739366460.2
380914  5460351674421.89
380914  5626996249863.61
380914  12545801466806.7
380914  14358586984110.6
380914  14720098556049.3
380914  14751548554669
388383  5558796946116.4
388383  5728863077550.95
388383  12545801432586.3
388383  14358585825175.6
388383  14736573915574.8
388383  14769058188892.1
395852  5656801447091.82
395852  5830313037524.23
395852  12545801396711.4
395852  14358584730094.4
395852  14753405340495.7
395852  14786967925019.9
403321  5754340096986.76
403321  5931285333319.34
403321  12545801360628.5
403321  14358583693592.8
403321  14770686765639
403321  14805580351619.6
410790  5851447442050.39
410790  6031819293791.49
410790  12545801322819.4
410790  14358582710598.7
410790  14788619507480.8
410790  14824659479310.5
418259  5948074831722.66
418259  6131891240101.18
418259  12545801284797.4
418259  14358581779322.6
418259  14807068662752.2
418259  14844217018878.6
425728  6044199817072.82
425728  6231484866893.28
425728  12545801246054.3
425728  14358580894560.9
425728  14825994018101.9
425728  14864411624592.4
433196  6139824941243.78
433196  6330591473694.53
433196  12545801207091.8
433196  14358580053556.2
433196  14845501813992.4
433196  14885209556171.7
440665  6234944290237.43
440665  6429164158664.12
440665  12545801165952.7
440665  14358579254008.6
440665  14865651468080.7
440665  14906454542496.1
448134  6329544278973.46
448134  6527197019847.75
448134  12545801125029.7
448134  14358578492229
448134  14886439791909.8
448134  14928410933485.1
455603  6423603767198.85
455603  6624725307512.67
455603  12545801083374.3
455603  14358577767542.9
455603  14907812302707.5
455603  14951027737424.8
463072  6517093557589.31
463072  6721640906566.97
463072  12545801041488
463072  14358577076357.5
463072  14929691050180.5
463072  14974271644481
470541  6609976285889.31
470541  6817996918445.07
470541  12545800997854
470541  14358576417365.2
470541  14952422437288.3
470541  14998079925500.9
478010  6702318735743.84
478010  6913765153412.08
478010  12545800953983.2
478010  14358575788154.5
478010  14975642722474.9
478010  15022611993208
485479  6794016852183.1
485479  7008913114686.33
485479  12545800910815.6
485479  14358575187096
485479  14999596154090.2
485479  15047834358696.6
492948  6885085412725.24
492948  7103420070934.37
492948  12545800865451.9
492948  14358574612236.6
492948  15024289281830.8
492948  15073782364970
500417  6975535339457.27
500417  7197277571561.36
500417  12545800818832.2
500417  14358574062838.9
500417  15049645910771.5
500417  15100459582148.6
507886  7065315706804.96
507886  7290488942574.19
507886  12545800772467.6
507886  14358573536888
507886  15075793174996
507886  15127730505031.1
515354  7154429176220.09
515354  7382973193763.4
515354  12545800724839.8
515354  14358573033162.1
515354  15102709532554.6
515354  15155876618826.5
522823  7242860792126.26
522823  7474792811947.78
522823  12545800677392.8
522823  14358572549729.7
522823  15130250274343.2
522823  15184778286911.3
530292  7330556305848.43
530292  7565849149049.25
530292  12545800627732.7
530292  14358572086351.8
530292  15158729951802.7
530292  15214374106707.1
537761  7417554241414.38
537761  7656167143428.64
537761  12545800577872.9
537761  14358571641453.3
537761  15187972598302.7
537761  15244825661584.2
545230  7503789438063.29
545230  7745730362641.53
545230  12545800527175.8
545230  14358571215250.6
545230  15218014473534.7
545230  15275993422984
552699  7589266034082.05
552699  7834506250351.39
552699  12545800475196.8
552699  14358570805889.6
552699  15248871562714.3
552699  15308005341860.6
560168  7673974688734.6
560168  7922454974533.12
560168  12545800424388.5
560168  14358570412062.2
560168  15280587208685.2
560168  15340928335253.5
567637  7757893467440.63
567637  8009617869761.44
567637  12545800371348.5
567637  14358570033269.6
567637  15313259743931.8
567637  15374707511879.3
575106  7840987475062.75
575106  8095907737396.73
575106  12545800318023.7
575106  14358569669819
575106  15346781056979.3
575106  15409289168592.1
582575  7923267460616.34
582575  8181337620389.97
582575  12545800263336.3
582575  14358569318453.3
582575  15381199519946.8
582575  15444819447086.1
590043  8004684205294.73
590043  8265895080913.62
590043  12545800207916
590043  14358568980945.7
590043  15416584245933.6
590043  15481159679268.3
597512  8085254250948.92
597512  8349551984217.07
597512  12545800153140
597512  14358568656404.3
597512  15452919122869.1
597512  15518461008869.4
604981  8164946205126.13
604981  8432262608323.28
604981  12545800095606.3
604981  14358568343343.9
604981  15490135838900.7
604981  15556703839292.6
612450  8243763502016.28
612450  8514061226838.43
612450  12545800037766
612450  14358568041084.9
612450  15528490263312.4
612450  15595926165512.1
619919  8321662536690.39
619919  8594905184361.78
619919  12545799979613.8
619919  14358567748255
619919  15567797019972.3
619919  15636075467220.7
627388  8398634919773.24
627388  8674755509238.29
627388  12545799919191.7
627388  14358567467652.8
627388  15608111368250.1
627388  15677179138598.5
634857  8474662469820.16
634857  8753598559021.58
634857  12545799859830.5
634857  14358567196406.3
634857  15649424470120.6
634857  15719349100833
642326  8549748933086.03
642326  8831446224666.99
642326  12545799799201.2
642326  14358566934403.8
642326  15691889418414.5
642326  15762424121980.7
649795  8623882046303.59
649795  8908264630195.6
649795  12545799736727
649795  14358566681214.6
649795  15735320454371
649795  15806576133217.2
657264  8697034084505.86
657264  8984049185946.88
657264  12545799674419.1
657264  14358566435345.4
657264  15779888227866.7
657264  15851739592163
664733  8769184723652.32
664733  9058764575338.73
664733  12545799611703.2
664733  14358566199147.1
664733  15825600952746.2
664733  15897940529192.8
672201  8840337597961.06
672201  9132404025003.84
672201  12545799546689.2
672201  14358565970334
672201  15872450532656.4
672201  15945263306517.8
679670  8910486488897.62
679670  9204988657736.38
679670  12545799481825.7
679670  14358565749163.5
679670  15920316343000
679670  15993524001130.5
687139  8979611527584.76
687139  9276429292624.68
687139  12545799415090.2
687139  14358565534216.9
687139  15969403624942.2
687139  16042896261745
694608  9047719728496.25
694608  9346777461847.98
694608  12545799349435.8
694608  14358565326703
694608  16019616562940.8
694608  16093366393806.6
702077  9114763697580.12
702077  9416013960210.8
702077  12545799281020.6
702077  14358565125444.5
702077  16071034695158.4
702077  16144987648791.8
709546  9180781664010.79
709546  9484114999571.08
709546  12545799212163.9
709546  14358564930286.2
709546  16123605267039.8
709546  16197541704775.2
717015  9245741239685.58
717015  9551073283134.56
717015  12545799142419.6
717015  14358564741136.8
717015  16177358840655.1
717015  16251297539907.7
724484  9309639675534.58
724484  9616881365429.13
724484  12545799072722.5
724484  14358564558080.4
724484  16232281866378
724484  16306141482819.4
731953  9372491687689.05
731953  9681546038332.12
731953  12545799000242.4
731953  14358564380106.6
731953  16288386724248.7
731953  16362063552654.4
739422  9434258276175.55
739422  9745071543337.73
739422  12545798927796.6
739422  14358564208852.4
739422  16345662315283.7
739422  16419152322448.3
746890  9494957302217.25
746890  9807393493003.41
746890  12545798854437.9
746890  14358564041855.4
746890  16404178852784.7
746890  16477280275100.7
754359  9554598185780.78
754359  9868580612034.87
754359  12545798781098.4
754359  14358563879870.5
754359  16463900094867.4
754359  16536568425726.2
761828  9613174551878.62
761828  9928599456476.38
761828  12545798706833.2
761828  14358563722047.2
761828  16524767162801.6
761828  16596949189758.1
769297  9670664600359.19
769297  9987449711783.28
769297  12545798629747.8
769297  14358563568707
769297  16586944662831.3
769297  16658457131100.5
776766  9727101485579.87
776766  10045164394503.6
776766  12545798554105.8
776766  14358563420162.1
776766  16650183496409
776766  16721080597260.9
784235  9782465655946.7
784235  10101678987988.7
784235  12545798475567
784235  14358563275940.4
784235  16714695062021.3
784235  16784844095014.1
791704  9836766504084.6
791704  10157055415759.3
791704  12545798397077.1
791704  14358563135241.4
791704  16780395099101.7
791704  16849646427383.4
799173  9889998275521.59
799173  10211288716820.7
799173  12545798317118.7
799173  14358562999297.8
799173  16847338461615.8
799173  16915546002146.8
806642  9942205915631.39
806642  10264381726816.4
806642  12545798237127.1
806642  14358562867015.7
806642  16915327519710.3
806642  16982489856976.2
814111  9993352751176.11
814111  10316321488821.2
814111  12545798155213.1
814111  14358562738306.1
814111  16984561673733.8
814111  17050626709561.7
821580  10043462934084.5
821580  10367137556339.4
821580  12545798072308.7
821580  14358562612392.2
821580  17054924794511.8
821580  17119814820878
829048  10092546203405.3
829048  10416842331553.4
829048  12545797988906.5
829048  14358562489991.9
829048  17126540291254.3
829048  17190051261799.6
836517  10140599159809.6
836517  10465454525047
836517  12545797903995.6
836517  14358562371649.5
836517  17199188407399
836517  17261262273225.5
843986  10187657373317.1
843986  10512940046881.4
843986  12545797818068.3
843986  14358562254977.2
843986  17273035868190.7
843986  17333584654450.9
851455  10233704865900.6
851455  10559373395520.4
851455  12545797731114.4
851455  14358562142217.1
851455  17347957770234.3
851455  17406933353998.4
858924  10278766677524.3
858924  10604730447719.7
858924  12545797644066.2
858924  14358562032583
858924  17423946018575.1
858924  17481337758267.1
866393  10322855474968.7
866393  10649015888440
866393  12545797555536.3
866393  14358561925999.6
866393  17501051202212.6
866393  17556722030478.8
873862  10365972755087.4
873862  10692263674276.2
873862  12545797464946.3
873862  14358561822281.9
873862  17579211059430.6
873862  17633112913993
881331  10408147857597.7
881331  10734514540232.2
881331  12545797375235.9
881331  14358561720299.6
881331  17658477119798.6
881331  17710557638620.6
888800  10449375815254.6
888800  10775737125240.4
888800  12545797282067.3
888800  14358561620927.2
888800  17738732792986.2
888800  17788871231572.4
896269  10489684875359
896269  10815970294924.8
896269  12545797189258.1
896269  14358561524825
896269  17819928941728.9
896269  17868146113235.6
903737  10529092753666.8
903737  10855245867851.8
903737  12545797095724.1
903737  14358561429595.6
903737  17902340009601.7
903737  17948399060897.1
911206  10567607970355.2
911206  10893536995479
911206  12545797000711.3
911206  14358561337730.4
911206  17985526949784
911206  18029656190808.4
918675  10605230307866.9
918675  10930914774306.3
918675  12545796903575.1
918675  14358561249306.7
918675  18069736342595.6
918675  18111644995865.6
926144  10642009879205.3
926144  10967356782057.5
926144  12545796807253.3
926144  14358561161838.3
926144  18154898507631.1
926144  18194722653513
933613  10677933509723.9
933613  11002910606158.8
933613  12545796707409.5
933613  14358561076722.9
933613  18241107131585
933613  18278469140988.8
941082  10713026439934.9
941082  11037581945194.9
941082  12545796606913.5
941082  14358560993462.1
941082  18328171664771.3
941082  18363162330200.7
948551  10747305711962.6
948551  11071397429800
948551  12545796506627.4
948551  14358560911070.9
948551  18416035590213.4
948551  18448746108547.1
956020  10780781147196.2
956020  11104375239162.9
956020  12545796404225.3
956020  14358560832280.1
956020  18504726355975.8
956020  18535241221345.5
963489  10813483842611.7
963489  11136506457043.3
963489  12545796300631.6
963489  14358560754636.7
963489  18594400944976.6
963489  18622257066146.3
970958  10845411591701.2
970958  11167840565493.1
970958  12545796197274.7
970958  14358560679486.6
970958  18684798845231.2
970958  18710401866122.3
978427  10876602846563.8
978427  11198395997483.3
978427  12545796090755.8
978427  14358560605833.3
978427  18776227446011.3
978427  18799084109494.7
985895  10907056177802
985895  11228179438871.5
985895  12545795984010.3
985895  14358560533598.3
985895  18868353987311.9
985895  18888525382350.1
993364  10936791626625.7
993364  11257214277688.3
993364  12545795875514.9
993364  14358560463314.7
993364  18961164443304.8
993364  18978803282184.9
1.00083e+06  10965823560674.7
1.00083e+06  11285539687579.8
1.00083e+06  12545795766263.3
1.00083e+06  14358560393560.6
1.00083e+06  19054615155192
1.00083e+06  19070048486086.7
1.0083e+06  10994175413440.5
1.0083e+06  11313118585373
1.0083e+06  12545795655234.3
1.0083e+06  14358560326325.3
1.0083e+06  19149109468278.4
1.0083e+06  19161382304379.9
1.01577e+06  11021863338091.6
1.01577e+06  11340049212313.5
1.01577e+06  12545795543350.6
1.01577e+06  14358560260298.6
1.01577e+06  19244196022173.9
1.01577e+06  19253706042882.9
1.02324e+06  11048892276363.8
1.02324e+06  11366254271548.8
1.02324e+06  12545795430664.8
1.02324e+06  14358560195575.7
1.02324e+06  19339752116483.1
1.02324e+06  19346520089038.7
1.03071e+06  11075282375921.6
1.03071e+06  11391818636043.8
1.03071e+06  12545795316153.4
1.03071e+06  14358560132649.1
1.03071e+06  19437981327242.4
1.03071e+06  19440521031350.5
1.03818e+06  11101060686608.2
1.03818e+06  11416748817028.8
1.03818e+06  12545795199932.3
1.03818e+06  14358560071217
1.03818e+06  19534762165927.1
1.03818e+06  19535129946770.8
1.04565e+06  11126229019156.8
1.04565e+06  11441063215670.2
1.04565e+06  12545795082291.8
1.04565e+06  14358560010382.4
1.04565e+06  19630647222134.4
1.05312e+06  11150803573053.8
1.05312e+06  11464780301536.9
1.05312e+06  12545794964215.9
1.05312e+06  14358559951828
1.05312e+06  19727651302817.1
1.06058e+06  11174800027435.1
1.06058e+06  11487864073815.5
1.06058e+06  12545794843815.1
1.06058e+06  14358559893736.4
1.06058e+06  19823505335004.5
1.06058e+06  19826842424875.9
1.06805e+06  11198245671164.5
1.06805e+06  11510423189741.6
1.06805e+06  12545794722506.9
1.06805e+06  14358559837148.8
1.06805e+06  19919492719204.5
1.06805e+06  19926940587964.6
1.07552e+06  11221134520266.7
1.07552e+06  11532378927805.9
1.07552e+06  12545794599705.7
1.07552e+06  14358559782178.1
1.07552e+06  20017204735683
1.07552e+06  20027270628635.4
1.08299e+06  11243492883964.9
1.08299e+06  11553824938031.2
1.08299e+06  12545794475025
1.08299e+06  14358559728045.2
1.08299e+06  20114697782300.2
1.08299e+06  20128128093881.9
1.09046e+06  11265324666534.1
1.09046e+06  11574752266491.7
1.09046e+06  12545794349880.3
1.09046e+06  14358559674902.2
1.09046e+06  20213435860434.4
1.09046e+06  20229745198357.9
1.09793e+06  11286661213538.2
1.09793e+06  11595151123043.8
1.09793e+06  12545794220812.6
1.09793e+06  14358559623226.8
1.09793e+06  20312477719464.1
1.09793e+06  20331350891548.8
1.1054e+06  11307499463283.4
1.1054e+06  11615051999163.9
1.1054e+06  12545794092178.8
1.1054e+06  14358559572222.4
1.1054e+06  20411984100909.5
1.1054e+06  20433698381059.9
1.11287e+06  11327856024185
1.11287e+06  11634453490351
1.11287e+06  12545793962455.1
1.11287e+06  14358559522052.3
1.11287e+06  20512018774679.2
1.11287e+06  20536517986862.2
1.12034e+06  11347744928782
1.12034e+06  11653378876446.4
1.12034e+06  12545793830248
1.12034e+06  14358559474548.9
1.12034e+06  20612557432855
1.12034e+06  20640032051113.1
1.1278e+06  11367178038508.7
1.1278e+06  11671861990607.3
1.1278e+06  12545793697406
1.1278e+06  14358559426372
1.1278e+06  20713534575305.4
1.1278e+06  20743658269332.5
1.13527e+06  11386165327876.2
1.13527e+06  11689935927375.6
1.13527e+06  12545793562037.7
1.13527e+06  14358559379660.8
1.13527e+06  20814881133731.1
1.13527e+06  20847882638451.1
1.14274e+06  11404718741980.3
1.14274e+06  11707509880584.3
1.14274e+06  12545793425053.6
1.14274e+06  14358559334737.4
1.14274e+06  20916983950632.9
1.14274e+06  20952591877725.2
1.15021e+06  11422861978307.5
1.15021e+06  11724729705335.4
1.15021e+06  12545793287365.3
1.15021e+06  14358559289556.2
1.15021e+06  21019291956747.6
1.15021e+06  21057743621526.3
1.15768e+06  11440585220971.9
1.15768e+06  11741487537470.5
1.15768e+06  12545793147579
1.15768e+06  14358559245120.3
1.15768e+06  21122189349475.6
1.15768e+06  21163334754896.6
1.16515e+06  11457918644842.2
1.16515e+06  11757868171523.4
1.16515e+06  12545793006038
1.16515e+06  14358559201894.9
1.16515e+06  21225322412031.5
1.16515e+06  21269388717577.5
1.17262e+06  11474853356720.4
1.17262e+06  11773880408032.4
1.17262e+06  12545792861910.3
1.17262e+06  14358559159017.5
1.17262e+06  21329028128563.7
1.17262e+06  21375763941937.7
1.18009e+06  11491422273226.3
1.18009e+06  11789521411672.3
1.18009e+06  12545792717914.1
1.18009e+06  14358559118002.6
1.18009e+06  21433118081136.3
1.18009e+06  21482482594852.6
1.18756e+06  11507619559207.6
1.18756e+06  11804792936187.5
1.18756e+06  12545792570713.9
1.18756e+06  14358559077685
1.18756e+06  21537562765958
1.18756e+06  21589744188389.2
1.19502e+06  11523456681715.2
1.19502e+06  11819701465552.1
1.19502e+06  12545792421217.3
1.19502e+06  14358559037353.2
1.19502e+06  21642378681341.2
1.19502e+06  21697183908408.1
1.20249e+06  11538945285162.9
1.20249e+06  11834258179648.1
1.20249e+06  12545792271829.8
1.20249e+06  14358558998497.8
1.20249e+06  21747564190989.2
1.20249e+06  21805172253760.7
1.20996e+06  11554095703058.7
1.20996e+06  11848478720341.3
1.20996e+06  12545792119152.6
1.20996e+06  14358558960757.9
1.20996e+06  21853103231250.7
1.20996e+06  21913335383336.9
1.21743e+06  11568917170775
1.21743e+06  11862382781997.4
1.21743e+06  12545791964588.3
1.21743e+06  14358558922545.3
1.21743e+06  21958970478987.9
1.21743e+06  22021916384513.8
1.2249e+06  11583417999399.5
1.2249e+06  11875993567972.8
1.2249e+06  12545791808608.7
1.2249e+06  14358558885820.3
1.2249e+06  22065158472836.9
1.2249e+06  22130870784650.1
1.23237e+06  11597605700336.3
1.23237e+06  11889290361211.9
1.23237e+06  12545791651114.8
1.23237e+06  14358558849074.6
1.23237e+06  22171803569539.4
1.23237e+06  22240153250606.2
1.23984e+06  11611487073272.9
1.23984e+06  11902260936486.1
1.23984e+06  12545791491140.7
1.23984e+06  14358558814628.6
1.23984e+06  22278684330011.6
1.23984e+06  22349696709315.6
1.24731e+06  11625068260359.4
1.24731e+06  11915007369264.9
1.24731e+06  12545791327781.2
1.24731e+06  14358558779676.5
1.24731e+06  22385877657948.8
1.24731e+06  22459547418449.4
1.25478e+06  11638370431804.9
1.25478e+06  11927386284945.3
1.25478e+06  12545791163800.9
1.25478e+06  14358558745584.4
1.25478e+06  22493418960023.2
1.25478e+06  22569714134671.5
1.26224e+06  11651386330002.5
1.26224e+06  11939566021423
1.26224e+06  12545790997236.4
1.26224e+06  14358558711966.8
1.26224e+06  22601226372827.7
1.26224e+06  22680167663094.8
1.26971e+06  11664127600562.4
1.26971e+06  11951426869924.5
1.26971e+06  12545790829979.4
1.26971e+06  14358558679344.1
1.26971e+06  22709315749746.2
1.26971e+06  22790861943359.4
1.27718e+06  11676605434142.3
1.27718e+06  11963046309792.1
1.27718e+06  12545790659127.2
1.27718e+06  14358558647284.1
1.27718e+06  22817749137117.4
1.27718e+06  22901838887422.1
1.28465e+06  11688821151952.7
1.28465e+06  11974446171582
1.28465e+06  12545790486505.7
1.28465e+06  14358558616126
1.28465e+06  22926408075170.5
1.28465e+06  23013109948888.4
1.29212e+06  11700784152396.6
1.29212e+06  11985575079698.3
1.29212e+06  12545790311707.3
1.29212e+06  14358558584560
1.29212e+06  23035311203014.5
1.29212e+06  23124691888331.8
1.29959e+06  11712504078056.1
1.29959e+06  11996447805562.1
1.29959e+06  12545790134621.7
1.29959e+06  14358558553669.6
1.29959e+06  23144526688519.8
1.29959e+06  23236435132144.5
1.30706e+06  11723980198572.8
1.30706e+06  12007101726079.1
1.30706e+06  12545789954711.9
1.30706e+06  14358558523604.7
1.30706e+06  23254011110357
1.30706e+06  23348464301441.3
1.31453e+06  11735222365423
1.31453e+06  12017536698392.4
1.31453e+06  12545789773361
1.31453e+06  14358558494267.8
1.31453e+06  23363734679639
1.31453e+06  23460757742251
1.322e+06  11746241606258.5
1.322e+06  12027754489111.4
1.322e+06  12545789588660.7
1.322e+06  14358558465732.8
1.322e+06  23473696085797.2
1.322e+06  23573237350583.1
1.32947e+06  11757037341068
1.32947e+06  12037758812548.2
1.32947e+06  12545789402860.4
1.32947e+06  14358558437153.6
1.32947e+06  23583890499049.6
1.32947e+06  23685988009652.7
1.33693e+06  11767616158976.1
1.33693e+06  12047555315077.7
1.33693e+06  12545789213243.6
1.33693e+06  14358558409463.7
1.33693e+06  23694310196603.6
1.33693e+06  23798941041292.6
1.3444e+06  11777984132021.8
1.3444e+06  12057151502494.1
1.3444e+06  12545789020997.3
1.3444e+06  14358558381574.1
1.3444e+06  23804945270461.7
1.3444e+06  23912094412568.4
1.35187e+06  11788146906219.8
1.35187e+06  12066556633784.2
1.35187e+06  12545788827067.5
1.35187e+06  14358558355171.3
1.35187e+06  23915857156072.2
1.35187e+06  24025512084559.1
1.35934e+06  11798109776074.3
1.35934e+06  12075781553389.5
1.35934e+06  12545788629037.4
1.35934e+06  14358558328643.4
1.35934e+06  24026976547127.4
1.35934e+06  24139086618096.5
1.36681e+06  11807877734709.4
1.36681e+06  12084824492621.8
1.36681e+06  12545788430208.7
1.36681e+06  14358558303023.5
1.36681e+06  24138282378990.8
1.36681e+06  24252853583706.9
1.37428e+06  11817455534599.2
1.37428e+06  12093631068899.9
1.37428e+06  12545788225803.3
1.37428e+06  14358558277694.7
1.37428e+06  24249759472517.2
1.37428e+06  24366840145346.3
1.38175e+06  11826847709245
1.38175e+06  12102284268115.6
1.38175e+06  12545788020851.9
1.38175e+06  14358558252820.2
1.38175e+06  24361510572259.8
1.38175e+06  24481029070379.3
1.38922e+06  11836058620310.8
1.38922e+06  12110800501303.5
1.38922e+06  12545787812566.4
1.38922e+06  14358558228884.2
1.38922e+06  24473424310099.1
1.38922e+06  24595407203473.4
1.39669e+06  11845092470361.2
1.39669e+06  12119124038093.9
1.39669e+06  12545787601746
1.39669e+06  14358558204626.5
1.39669e+06  24585504050081.8
1.39669e+06  24709961417696.4
1.40415e+06  11853957361327.3
1.40415e+06  12127262512285.5
1.40415e+06  12545787386032.5
1.40415e+06  14358558180961.8
1.40415e+06  24697826534062.9
1.40415e+06  24824667586220.9
1.41162e+06  11862653916788.6
1.41162e+06  12135307040464.1
1.41162e+06  12545787169083.5
1.41162e+06  14358558156945.1
1.41162e+06  24810263868219.8
1.41162e+06  24939553482080.5
1.41909e+06  11871185600262
1.41909e+06  12143115722723.4
1.41909e+06  12545786948967.5
1.41909e+06  14358558133828.1
1.41909e+06  24922953806984.6
1.41909e+06  25054613394703.2
1.42656e+06  11879557422357.6
1.42656e+06  12150833232477.5
1.42656e+06  12545786725609.6
1.42656e+06  14358558111467.6
1.42656e+06  25035760981215.4
1.42656e+06  25169843288881.9
1.43403e+06  11887775460205.4
1.43403e+06  12158364963458.4
1.43403e+06  12545786498006.4
1.43403e+06  14358558090033.1
1.43403e+06  25148769932985.4
1.43403e+06  25285223271397.1
1.4415e+06  11895839837012.9
1.4415e+06  12165790043066.6
1.4415e+06  12545786267506.7
1.4415e+06  14358558068207.3
1.4415e+06  25261944389056.6
1.4415e+06  25400746612328.8
1.44897e+06  11903756640202.2
1.44897e+06  12173032085542.5
1.44897e+06  12545786033968.5
1.44897e+06  14358558046569.1
1.44897e+06  25375238665046.2
1.44897e+06  25516424570213
1.45644e+06  11911528742129.5
1.45644e+06  12180208037086.8
1.45644e+06  12545785795946.7
1.45644e+06  14358558025463.3
1.45644e+06  25488750500692.3
1.45644e+06  25632257895480.6
1.46391e+06  11919159013533.2
1.46391e+06  12187155563266.4
1.46391e+06  12545785555211.3
1.46391e+06  14358558004545.4
1.46391e+06  25602403586952.1
1.46391e+06  25748248212939.2
1.47137e+06  11926652008093.7
1.47137e+06  12194044650332.9
1.47137e+06  12545785309817.8
1.47137e+06  14358557985094.4
1.47137e+06  25716186616479.3
1.47137e+06  25864398038099.7
1.47884e+06  11934009789445.2
1.47884e+06  12200788812629.8
1.47884e+06  12545785061097.1
1.47884e+06  14358557964357.1
1.47884e+06  25830103557181.3
1.47884e+06  25980664056524.4
1.48631e+06  11941236420132
1.48631e+06  12207376898269.5
1.48631e+06  12545784808459.9
1.48631e+06  14358557945032.6
1.48631e+06  25944210641524.2
1.48631e+06  26097046393919.3
