0  131789075245.256
0  23646231694166.7
0  23739257049897.9
0  24023384037185.2
9068.2  279647370815.513
9068.2  23646231474107.7
9068.2  23739270378151.6
9068.2  24023386611478.2
18136.4  23646231107332.8
18136.4  23739292597075.2
18136.4  24023390901527.3
27204.6  23646230593827
27204.6  23739323714426.4
27204.6  24023396906674.1
36272.8  699789078232.277
36272.8  700320732593.541
36272.8  23646229933569.4
36272.8  23739363741078.3
36272.8  24023404625998.4
45341  846934907682.214
45341  852526966304.86
45341  23646229126532.7
45341  23739412691028.8
45341  24023414058278
54409.2  995611140191.372
54409.2  1001935260579.29
54409.2  23646228172683.6
54409.2  23739470581420.1
54409.2  24023425202032
63477.4  1149114579123.31
63477.4  1150172638944.07
63477.4  23646227071985.4
63477.4  23739537432581
63477.4  24023438055817.1
72545.6  1276331509531.89
72545.6  23646225824283.8
72545.6  23739613268122.7
72545.6  24023452617464.4
81613.8  1399385049688.25
81613.8  1403417749033.35
81613.8  23646224429742.5
81613.8  23739698114498.1
81613.8  24023468884819.2
90682  1544440915498.31
90682  1561626817856.96
90682  23646222888197.1
90682  23739792001796
90682  24023486855431.2
99750.2  1689147628680.82
99750.2  1711440025614.53
99750.2  23646221199947.6
99750.2  23739894962811.6
99750.2  24023506526606.8
108818  1832887195806.77
108818  1859426664552.39
108818  23646219364303.5
108818  23740007034850.7
108818  24023527895299.3
117887  1973286144174.53
117887  2006725374878.4
117887  23646217381339
117887  23740128257667.3
117887  24023550958531.2
126955  2098862890294.96
126955  2153693271120.44
126955  23646215251079.2
126955  23740258674460.2
126955  24023575712882.8
136023  2242709488552.66
136023  2300477599027.01
136023  23646212973742.6
136023  23740398331641.2
136023  24023602154630.5
145091  2385729594683.76
145091  2435562538710.4
145091  23646210548616.8
145091  23740547280265.9
145091  24023630279880
154159  2527136711645.76
154159  2577787639372.37
154159  23646207976274.1
154159  23740705573415.4
154159  24023660084690.3
163228  2664901498423.89
163228  2722200979147.47
163228  23646205255876.8
163228  23740873269505.7
163228  24023691564814.8
172296  2798241546636.61
172296  2867404094385.79
172296  23646202387363.7
172296  23741050429701.7
172296  24023724715637.6
181364  2941280023577.87
181364  3012984118596.66
181364  23646199371433
181364  23741237118053.9
181364  24023759532596.7
190432  3083358835005.95
190432  3158774820974.04
190432  23646196207610.6
190432  23741433403885.2
190432  24023796010902.9
199500  3223811548359.24
199500  3304695952346.07
199500  23646192895337.5
199500  23741639360548.8
199500  24023834145423.1
208569  3361242133949.3
208569  3450703774151.34
208569  23646189434930.4
208569  23741855064395.6
208569  24023873931032.4
217637  3497517061121.74
217637  3590683127771.28
217637  23646185826095.1
217637  23742080596647.8
217637  24023915362499.3
226705  3639964431526.5
226705  3732389116197.95
226705  23646182067938
226705  23742316043451.5
226705  24023958434119
235773  3781428759650.82
235773  3875731151540.24
235773  23646178160915.2
235773  23742561493710.5
235773  24024003140389.5
244841  3921366827763.55
244841  4019959822644.87
244841  23646174105847.6
244841  23742817040351.5
244841  24024049475530.3
253910  4058778165082.6
253910  4164723704910.56
253910  23646169901048.2
253910  23743082783867.9
253910  24024097433688.3
262978  4196674558037.08
262978  4309835878653.91
262978  23646165547006.5
262978  23743358826875.9
262978  24024147008855.7
272046  4338658734291.98
272046  4455187591714.8
272046  23646161043677.8
272046  23743645277485.8
272046  24024198195019.3
281114  4479674479671.01
281114  4600711154223.88
281114  23646156390229.2
281114  23743942249730.1
281114  24024250986055.5
290182  4619274743742.4
290182  4741942420418.19
290182  23646151587497.7
290182  23744249860824
290182  24024305375733.1
299251  4756705178505.33
299251  4883996411788.73
299251  23646146633789.5
299251  23744568236272.7
299251  24024361357860
308319  4895692369153.02
308319  5027169656021.65
308319  23646141529882
308319  23744897504157
308319  24024418926040.5
317387  5037291989259.08
317387  5171063641667.23
317387  23646136275581.6
317387  23745237799389.8
317387  24024478074251.2
326455  5177949684298.77
326455  5315449147834.93
326455  23646130870005.1
326455  23745589263507.6
326455  24024538795893.5
335523  5317290194579.52
335523  5460184866148.89
335523  23646125313529.1
335523  23745952042677.9
335523  24024601084959.5
344592  5454719074058.65
344592  5605178859177.5
344592  23646119605361
344592  23746326290673.3
344592  24024664935019.1
353660  5594543366381.59
353660  5750368668358.61
353660  23646113746284.2
353660  23746712165972.5
353660  24024730340040.7
362728  5735806957068.78
362728  5891897754844.27
362728  23646107734417.3
362728  23747109836847.6
362728  24024797293972
371796  5876156518319.21
371796  6034252717942.53
371796  23646101570630.7
371796  23747519475400
371796  24024865790626.4
380864  6015270172176.81
380864  6177424242127.25
380864  23646095253762.4
380864  23747941263331.9
380864  24024935824410.3
389933  6152661648007.39
389933  6321174787981.08
389933  23646088784887.1
389933  23748375387332.6
389933  24025007389456.6
399001  6293195053554.37
399001  6465350666009.96
399001  23646082161646.4
399001  23748822045825.8
408069  6434151053561.44
408069  6609848025574.8
408069  23646075385449.2
408069  23749281441126.3
417137  6574217771316.74
417137  6754594023944.88
417137  23646068455574.8
417137  23749753786452.9
426205  6713113167938.88
426205  6899175153078.69
426205  23646061370601.6
426205  23750185066176
435274  6850426440919.34
435274  7040904719790
435274  23646054131846.5
435274  23750572603984.6
444342  6991608944175.63
444342  7183487518178.13
444342  23646046737586.2
444342  23750973154108.6
453410  7132271157951.6
453410  7326695461681.95
453410  23646039187690
453410  23751387140949.4
462478  7272063585657.55
462478  7470374840069.33
462478  23646031482484.8
462478  23751815012759.7
471546  7410733920368.32
471546  7614418233650.69
471546  23646023620310.2
471546  23752257245412.4
480614  7548682904836.25
480614  7758748262694.07
480614  23646015601512.6
480614  23752714340696.4
489683  7689739381669.05
489683  7903307734911.18
489683  23646007426087.8
489683  23753186830304
498751  7830109914167.56
498751  8046844371098.5
498751  23645999092195.8
498751  23753675279257.3
507819  7969623750274.38
507819  8188957862765.89
507819  23645990599872.4
507819  23754180284935.3
516887  8108050567441.14
516887  8331711799659.78
516887  23645981949508.3
516887  23754702480869.6
525955  8246771806587.58
525955  8474959804679.01
525955  23645973139800.2
525955  23755242541343.9
535024  8387531785972.7
535024  8618596555277.69
535024  23645964170204.5
535024  23755801182130
544092  8527602379890.96
544092  8762544291203.6
544092  23645955040443.8
544092  23756379164227.8
553160  8666822112341.68
553160  8906744315334.82
553160  23645945749717.7
553160  23756977298131.8
562228  8804976441899.44
562228  9051151456889.67
562228  23645936297369.6
562228  23757596447137.5
571296  8944470142517.32
571296  9193542541220.94
571296  23645926683453
571296  23758237531083.3
580365  9084920195079.53
580365  9335924668795.59
580365  23645916906218.2
580365  23758901533485.6
589433  9224672426104.95
589433  9478804636619.37
589433  23645906966120.6
589433  23759589502895
598501  9363571460292.04
598501  9622082861995.48
598501  23645896860699.9
598501  23760302563650.3
607569  9501413294809.54
607569  9765684167623.85
607569  23645886591136.6
607569  23761041915725.6
616637  9641706781243.41
616637  9909550698855.71
616637  23645876156275.3
616637  23761808847779.5
625706  9781823850890.21
625706  10053637171607.7
625706  23645865555233.3
625706  23762604742201
634774  9921228311756.15
634774  10196936610583.1
634774  23645854787034
634774  23763431084284.7
643842  10059767837189
643842  10339020614643.4
643842  23645843850859.3
643842  23764289471596.3
643842  24041559827004.6
652910  10198027098563.7
652910  10481591099997
652910  23645832746211.8
652910  23765181624491.5
652910  24042202544690.1
661978  10338392572880.2
661978  10624556448824.2
661978  23645821471917.5
661978  23766109399311.5
661978  24048992653403.4
661978  24050557914700.7
671047  10478142416816.9
671047  10767846073186.7
671047  23645810027290.3
671047  23767074800478.4
671047  24047765647294.8
671047  24051308563322.5
680115  10617156815678.8
680115  10911404666994.8
680115  23645798410813.7
680115  23768079997166.4
680115  24046618337992.5
680115  24052092843335.6
689183  10755283333542.8
689183  11055188244265.7
689183  23645786622196.9
689183  23769127337931
689183  24045543322109.1
689183  24052912913004.7
698251  10894434535955
698251  11198808821884.8
698251  23645774660534.9
698251  23770219372089.1
698251  24044534068529.4
698251  24053771129757.4
707319  11034414633742.7
707319  11340657596738.3
707319  23645762524795.6
707319  23771358870584.7
707319  24043584792830.3
707319  24054670073275.1
716388  11173749160459.4
716388  11482969364974.4
716388  23645750213248.3
716388  23772548851391.9
716388  24042690354581.3
716388  24055612572200.5
725456  11312315034992.2
725456  11625661676325.9
725456  23645737725501.1
725456  23773792605158.4
725456  24041846167582.4
725456  24056601737269.3
734524  11449967277038.2
734524  11768669792951.4
734524  23645725060290.8
734524  23775093729264.6
734524  24041048127792.7
734524  24057640995522.2
743592  11590088859187.4
743592  11911942127515.1
743592  23645712216245.5
743592  23776456163562.9
743592  24040292550370.4
743592  24058734134092
752660  11729627977159.1
752660  12055437020022.6
752660  23645699191615.1
752660  23777884232240.8
752660  24039576117511.2
752660  24059885348122.2
761729  11868481005191.7
761729  12198785896349.9
761729  23645685986778.2
761729  23779382688523.7
761729  24038895833566.3
761729  24061099296739.4
770797  12006518443694
770797  12340448591642.4
770797  23645672599214.8
770797  23780956776339.2
770797  24038248983751.4
770797  24062381174980.5
779865  12145170224377
779865  12482541036267.2
779865  23645659028058
779865  23782612288274.2
779865  24037633103794.6
779865  24063736787070.7
788933  12284821242707.7
788933  12624990401832.1
788933  23645645271084.9
788933  23784355643989
788933  24037045950122.2
788933  24065172644383.8
798001  12423843016561.9
798001  12767738473061.7
798001  23645631327677.6
798001  23786193972894.2
798001  24036485472229.8
798001  24066696077913.4
807070  12562123591963.5
807070  12910738099487.9
807070  23645617196616.2
807070  23788135218612.5
807070  24035949795520.1
807070  24068315371064.7
816138  12699633648666.1
816138  13053950630045.8
816138  23645602874892.6
816138  23790188259795.5
816138  24035437197373.5
816138  24070039922101.1
825206  12839316513571.3
825206  13196432430759.6
825206  23645588361996
825206  23792363045732.1
825206  24034946094439.9
825206  24071880443096
834274  12978407599346.4
834274  13337940292550.7
834274  23645573656324.5
834274  23794670768221.7
834274  24034475024706
834274  24073849196323
843342  13116806366611.3
843342  13479836681430.6
843342  23645558756001.3
843342  23797124060589.8
843342  24034022635956.1
843342  24075960292387.9
852411  13254388067305.6
852411  13622058285242.4
852411  23645543659655.9
852411  23799737236134.6
852411  24033587673559.2
852411  24078230055011.9
861479  13393067068120.5
861479  13764553608574.6
861479  23645528364219.6
861479  23800380258224.9
861479  24033168970170.8
861479  24080677476666.4
870547  13532137097374.9
870547  13907280265327.9
870547  23645512868501.1
870547  23800838367335
870547  24032765436859.9
870547  24083324797030.3
879615  13670543337843.8
879615  14050202978378.1
879615  23645497169828.9
879615  23801340938170.6
879615  24032376051854.3
879615  24086198229133.5
888683  13808170249894.3
888683  14191222643353
888683  23645481267225.8
888683  23801894954419.3
888683  24031999857615.5
888683  24089328905970.2
897752  13945992607704.6
897752  14332582905442.7
897752  23645465158086.3
897752  23802508954228.3
897752  24031635949104.8
897752  24092754092497.1
906820  14084952649656.7
906820  14474283625506.9
906820  23645448839693.6
906820  23803193487942.4
906820  24031283468831.3
906820  24096518797304.7
915888  14223259561103
915888  14616270466362.4
915888  23645432309685
915888  23803961747601.2
915888  24030941602690.7
915888  24100351066707.7
924956  14360802038235.8
924956  14758498449459.6
924956  23645415566377.5
924956  23804830449135.5
924956  24030609569935.9
924956  24102658130341.3
934024  14497975596795.2
934024  14900929927148.4
934024  23645398605891.6
934024  23805821094380.7
934024  24030286620634.3
934024  24105071788437
943093  14636731178911.5
943093  15041652568502.7
943093  23645381426973.5
943093  23806961813458.7
943093  24029972028954.3
943093  24107600265166.7
952161  14774826805370.9
952161  15182497870409.6
952161  23645364025955.5
952161  23808290135634.7
952161  24029665087949.7
952161  24110252765241.2
961229  14912150821913.1
961229  15323684495042
961229  23645346400165.6
961229  23809857269562.2
961229  24029365102618
961229  24113039632207.7
970297  15048853065616.8
970297  15465156971290
970297  23645328546691.5
970297  23811734962928.9
970297  24029071386719.8
970297  24115972542821.6
979365  15187296517236.8
979365  15606869031166.7
979365  23645310461469.5
979365  23814026948687.5
979365  24028783254179.2
979365  24119064746181.7
988434  15325054041395.1
988434  15748433024707.2
988434  23645292142297.5
988434  23816888998807.9
988434  24028500011805.4
988434  24122331347947.9
997502  15462008696700.9
997502  15888386103861.1
997502  23645273585419.9
997502  23820566246711.6
997502  24028220955808.4
997502  24125789674897.6
1.00657e+06  15598402542472.2
1.00657e+06  16028730174577.9
1.00657e+06  23645254786636.5
1.00657e+06  23825467988224.5
1.00657e+06  24027945358543.9
1.00657e+06  24129459717609
1.01564e+06  15736403159343.4
1.01564e+06  16169399277111.9
1.01564e+06  23645235743544.6
1.01564e+06  23832332735166.9
1.01564e+06  24027672461709.8
1.01564e+06  24133364693349.6
1.02471e+06  15873668507932.5
1.02471e+06  16310338493106.1
1.02471e+06  23645216450155.6
1.02471e+06  23842642558287.7
1.02471e+06  24027401464866.8
1.02471e+06  24137531761396.3
1.03377e+06  16010070165816.2
1.03377e+06  16451501546031.3
1.03377e+06  23645196903533.2
1.03377e+06  23853521894358
1.03377e+06  24027131512088.1
1.03377e+06  24141992941652.9
1.04284e+06  16146319194250.3
1.04284e+06  16590970593937.5
1.04284e+06  23645177099712.7
1.04284e+06  23859977891359.6
1.04284e+06  24026861674280.8
1.04284e+06  24146786303653.4
1.05191e+06  16283708974056.5
1.05191e+06  16730449703234
1.05191e+06  23645157033822.9
1.05191e+06  23865776565914.1
1.05191e+06  24026590932148.8
1.05191e+06  24151517855060.9
1.06098e+06  16420282672874.3
1.06098e+06  16870280714522.7
1.06098e+06  23645136700595.9
1.06098e+06  23871020622465
1.06098e+06  24026318149423.4
1.06098e+06  24155764728772.3
1.07005e+06  16555891482623.7
1.07005e+06  17010400841956.5
1.07005e+06  23645116095417.3
1.07005e+06  23875792702248.4
1.07005e+06  24026042042628.3
1.07005e+06  24160228367868.9
1.07912e+06  16692178444668.7
1.07912e+06  17150757112412.5
1.07912e+06  23645095212904
1.07912e+06  23880160063644.8
1.07912e+06  24025761145102.1
1.07912e+06  24164930880430.2
1.08818e+06  16828729359891.3
1.08818e+06  17289123336156.3
1.08818e+06  23645074047229.3
1.08818e+06  23884178013472.5
1.08818e+06  24025473751625.4
1.08818e+06  24169898182340.7
1.09725e+06  16964337031641.7
1.09725e+06  17427729614981.1
1.09725e+06  23645052593383
1.09725e+06  23887892452093.2
1.09725e+06  24025177856733.9
1.09725e+06  24175160927145.1
1.10632e+06  17099031030302.7
1.10632e+06  17566694478553.9
1.10632e+06  23645030845105.6
1.10632e+06  23891341805047.8
1.10632e+06  24024871065531
1.10632e+06  24180755724388.7
1.11539e+06  17235372606508.4
1.11539e+06  17705948931074.3
1.11539e+06  23645008795455.1
1.11539e+06  23894558490948
1.11539e+06  24024550474446.6
1.11539e+06  24186726773134.1
1.12446e+06  17370757254746.9
1.12446e+06  17844296513948.5
1.12446e+06  23644986438250.9
1.12446e+06  23897570057948.7
1.12446e+06  24024212512379.8
1.12446e+06  24193128068238.8
1.13352e+06  17504997029248.5
1.13352e+06  17981596333553.5
1.13352e+06  23644963766269.3
1.13352e+06  23913017707227.7
1.13352e+06  24023852713444.6
1.13352e+06  24200022792645.4
1.14259e+06  17640068670859.8
1.14259e+06  18119319805969.6
1.14259e+06  23644940771307.8
1.14259e+06  23938078761734
1.14259e+06  24023465393211.9
1.14259e+06  24206372028029.9
1.15166e+06  17774997021503.7
1.15166e+06  18257380406823.2
1.15166e+06  23644917447561.8
1.15166e+06  23943786777511
1.15166e+06  24023043182722.5
1.15166e+06  24213083519713.7
1.16073e+06  17908714263506.2
1.16073e+06  18394659032525.5
1.16073e+06  23644893784540.7
1.16073e+06  23946321045138.8
1.16073e+06  24022576320309.1
1.16073e+06  24220206278119.8
1.1698e+06  18042559180354
1.1698e+06  18530617994871.8
1.1698e+06  23644869774334.5
1.1698e+06  23947756633029.1
1.1698e+06  24022051567970
1.1698e+06  24227801034066.2
1.17887e+06  18176761842287
1.17887e+06  18667048432433.7
1.17887e+06  23644845407326.3
1.17887e+06  23948683366629.2
1.17887e+06  24021450478000
1.17887e+06  24235944212792.3
1.18793e+06  18309627906848.2
1.18793e+06  18803846707675.7
1.18793e+06  23644820674215.5
1.18793e+06  23949332976830.1
1.18793e+06  24020746508744.1
1.18793e+06  24244733681926.5
1.197e+06  18442443984436.6
1.197e+06  18938807512105.6
1.197e+06  23644795564347
1.197e+06  23949815045578.7
1.197e+06  24019899992996.8
1.197e+06  24253793489572.3
1.20607e+06  18575582451084.5
1.20607e+06  19073438123062.5
1.20607e+06  23644770067292.3
1.20607e+06  23979160922784.5
1.20607e+06  24018848817973.4
1.20607e+06  24262843656802.6
1.21514e+06  18707175972682.1
1.21514e+06  19208555397674.4
1.21514e+06  23644744170047.6
1.21514e+06  23991663186355.6
1.21514e+06  24017489866097.9
1.21514e+06  24272522121623
1.22421e+06  18839127443671.4
1.22421e+06  19342645327636.6
1.22421e+06  23644717861557
1.22421e+06  23995816422514.8
1.22421e+06  24015638389352.7
1.22421e+06  24282949488493.8
1.23327e+06  18970741925950.1
1.23327e+06  19475377483635.7
1.23327e+06  23644691128793
1.23327e+06  23997900498796.3
1.23327e+06  24012927156054.5
1.23327e+06  24294287350731.5
1.24234e+06  19100473277825.6
1.24234e+06  19608718015557.1
1.24234e+06  23644663956925.8
1.24234e+06  23999159722048
1.24234e+06  24008507029953.8
1.24234e+06  24305997662073.5
1.25141e+06  19231718177316.5
1.25141e+06  19740784029841.1
1.25141e+06  23644636331961.5
1.25141e+06  24022371285196.2
1.25141e+06  24317976231714.4
1.26048e+06  19361133191979.6
1.26048e+06  19871621477096.4
1.26048e+06  23644608236802.1
1.26048e+06  24023807313896.1
1.26048e+06  24330962727624.2
1.26955e+06  19490112024483
1.26955e+06  20003171569161.5
1.26955e+06  23644579655528
1.26955e+06  24024962612540.3
1.26955e+06  24345218594890.5
1.27862e+06  19618833506881.7
1.27862e+06  20131950974625
1.27862e+06  23644550571121.2
1.27862e+06  24359817821274
1.28768e+06  19745788257404.4
1.28768e+06  20261011293648.6
1.28768e+06  23644520963512.1
1.28768e+06  24375182120551.4
1.29675e+06  19873411150167.4
1.29675e+06  20388743393932.1
1.29675e+06  23644490811711.1
1.29675e+06  24043475036650.2
1.29675e+06  24059267025391.2
1.29675e+06  24392150884731.3
1.30582e+06  19998469572618.3
1.30582e+06  20515166682725.7
1.30582e+06  23644460094945
1.30582e+06  24038825471531.7
1.30582e+06  24072799043953.1
1.30582e+06  24409923999408.1
1.31489e+06  20124518877993.3
1.31489e+06  20640950640280.6
1.31489e+06  23644428788340.3
1.31489e+06  24036021171371.9
1.31489e+06  24088834261912.6
1.31489e+06  24428607731651.1
1.32396e+06  20247715167516.3
1.32396e+06  20764745340764.7
1.32396e+06  23644396867480.7
1.32396e+06  24034133102411.4
1.32396e+06  24107664770754.2
1.32396e+06  24449594868293.9
1.33303e+06  20371587770729.6
1.33303e+06  20887585611446.9
1.33303e+06  23644364305730.4
1.33303e+06  24032766688612.2
1.33303e+06  24125926336381.9
1.33303e+06  24470610575197.5
1.34209e+06  20492870808314.9
1.34209e+06  21008962064993.8
1.34209e+06  23644331072941
1.34209e+06  24031725789297.7
1.34209e+06  24143561031622.6
1.34209e+06  24494239283197.7
1.35116e+06  20613739242947.5
1.35116e+06  21127919223155.1
1.35116e+06  23644297138760.5
1.35116e+06  24030901874091.9
1.35116e+06  24164838062643.2
1.35116e+06  24518776568261.7
1.36023e+06  20732969484662.9
1.36023e+06  21246629887711.5
1.36023e+06  23644262468405.2
1.36023e+06  24030230012664.2
1.36023e+06  24186133238503.6
1.36023e+06  24545982946879.3
1.3693e+06  20849659842820.3
1.3693e+06  21361673823765.8
1.3693e+06  23644227025606.3
1.3693e+06  24029668969340.2
1.3693e+06  24208340274336.6
1.3693e+06  24574131066225.2
1.37837e+06  20966526510543
1.37837e+06  21474844513752.1
1.37837e+06  23644190771207.1
1.37837e+06  24029191291733.6
1.37837e+06  24233823339642.6
1.37837e+06  24605485022047.4
1.38743e+06  21080741556927.8
1.38743e+06  21586414475203
1.38743e+06  23644153662513.5
1.38743e+06  24028777994501.4
1.38743e+06  24259232762459.2
1.38743e+06  24638319626310.2
1.3965e+06  21192488040413.6
1.3965e+06  21695911572251.4
1.3965e+06  23644115652669.8
1.3965e+06  24028415521586.3
1.3965e+06  24287950395153.4
1.3965e+06  24673735484224.8
1.40557e+06  21302236712391.6
1.40557e+06  21802199904594.5
1.40557e+06  23644076691136.2
1.40557e+06  24028093932553.7
1.40557e+06  24318689620402.9
1.40557e+06  24712289420905.7
1.41464e+06  21410565794446.1
1.41464e+06  21905116332811.6
1.41464e+06  23644036722344.3
1.41464e+06  24027805772164.1
1.41464e+06  24349072350643.6
1.41464e+06  24753878795355.3
1.42371e+06  21516121908810
1.42371e+06  22005263473341.9
1.42371e+06  23643995686855
1.42371e+06  24027545331774.5
1.42371e+06  24386072269055.5
1.42371e+06  24798258307083.8
1.43278e+06  21618879290891.2
1.43278e+06  22102492108925.5
1.43278e+06  23643953519406.9
1.43278e+06  24027308171345.8
1.43278e+06  24424155627774.4
1.43278e+06  24845588725109.4
1.44184e+06  21718727159732.9
1.44184e+06  22195808754049.3
1.44184e+06  23643910147652.2
1.44184e+06  24027090779744.8
1.44184e+06  24464174228622.9
1.44184e+06  24896587892401.9
1.45091e+06  21815469026081.3
1.45091e+06  22284748687287.7
1.45091e+06  23643865492109.1
1.45091e+06  24026890341651.8
1.45091e+06  24506989570366.3
1.45091e+06  24951271216070.8
1.45998e+06  21908807519152
1.45998e+06  22370607725677.2
1.45998e+06  23643819467055.7
1.45998e+06  24026704575102.3
1.45998e+06  24553304839603.8
1.45998e+06  25009070345474.4
1.46905e+06  21998558967678
1.46905e+06  22454133094650.9
1.46905e+06  23643771975563.5
1.46905e+06  24026531609911.9
1.46905e+06  24603536388996
1.46905e+06  25070816574842.1
1.47812e+06  22085937699207.6
1.47812e+06  22531250379953.3
1.47812e+06  23643722913075.2
1.47812e+06  24026369895353.2
1.47812e+06  24657765633679.8
1.47812e+06  25137065260940.8
1.48718e+06  22169099795679.8
1.48718e+06  22606502529080.1
1.48718e+06  23643672161665
1.48718e+06  24026218134722.4
1.48718e+06  24715782516915.1
1.48718e+06  25207400359201
1.49625e+06  22247571265670.4
1.49625e+06  22675637263509.8
1.49625e+06  23643619591175.5
1.49625e+06  24026075236625.3
1.49625e+06  24777190343702.2
1.49625e+06  25281051422060
1.50532e+06  22323707866242.3
1.50532e+06  22743167408415.2
1.50532e+06  23643565055534
1.50532e+06  24025940274586.4
1.50532e+06  24841522698308
1.50532e+06  25359473460289
1.51439e+06  22394550414389.6
1.51439e+06  22805585045198.9
1.51439e+06  23643508392949.7
1.51439e+06  24025812454475
1.51439e+06  24910619820545.8
1.51439e+06  25441561254825.6
1.52346e+06  22462411528411.3
1.52346e+06  22863067856353.5
1.52346e+06  23643449422032.5
1.52346e+06  24025691094846.2
1.52346e+06  24983860296029.2
1.52346e+06  25527049449644.7
1.53253e+06  22526205160185.9
1.53253e+06  22917390195423.6
1.53253e+06  23643387937371.7
1.53253e+06  24025575602813.7
1.53253e+06  25060320263827.2
1.53253e+06  25616807157561.6
1.54159e+06  22585770759075.2
1.54159e+06  22968376229606.9
1.54159e+06  23643323707762.6
1.54159e+06  24025465466094.9
1.54159e+06  25140925706165.2
1.54159e+06  25710300031418
1.55066e+06  22641552029809.4
1.55066e+06  23016117114649.2
1.55066e+06  23643256470242.3
1.55066e+06  24025360231337.3
1.55066e+06  25225851734288.9
1.55066e+06  25807158358065
1.55973e+06  22693822684886.8
1.55973e+06  23061019356620.1
1.55973e+06  23643185927710.9
1.55973e+06  24025259502676.6
1.55973e+06  25313618925062.2
1.55973e+06  25907121817903.4
1.5688e+06  22742758515690.7
1.5688e+06  23103773830513
1.5688e+06  23643111739030.7
1.5688e+06  24025162928703.7
1.5688e+06  25404608969801.6
1.5688e+06  26010012259028
1.57787e+06  22788477395440.5
1.57787e+06  23141512242397.9
1.57787e+06  23643033511006.2
1.57787e+06  24025070199508.7
1.57787e+06  25499177576169.1
1.57787e+06  26115721287338.8
1.58693e+06  22831060195748.6
1.58693e+06  23175382522418.1
1.58693e+06  23642950793200.6
1.58693e+06  24024981036616.2
1.58693e+06  25597349811351.5
1.58693e+06  26224206969128.5
1.596e+06  22870556987230.6
1.596e+06  23209733927663
1.596e+06  23642863060701.6
1.596e+06  24024895190783.4
1.596e+06  25698252563339.7
1.596e+06  26335497518458.6
1.60507e+06  22906976687403.9
1.60507e+06  23241417756173.2
1.60507e+06  23642769701066.9
1.60507e+06  24024812440486
1.60507e+06  25802014478349.3
1.60507e+06  26449701955094
1.61414e+06  22941098906601.7
1.61414e+06  23268037377173.8
1.61414e+06  23642669996690.2
1.61414e+06  24024732583971.2
1.61414e+06  25908760456388
1.61414e+06  26564536072812.7
1.62321e+06  22973038950364.5
1.62321e+06  23299124909519.2
1.62321e+06  23642563098665.8
1.62321e+06  24024655438755.8
1.62321e+06  26017802249113.6
1.62321e+06  26682023317489.9
1.63228e+06  23002201482682.4
1.63228e+06  23319359560773.1
1.63228e+06  23642447993844.5
1.63228e+06  24024580839991.9
1.63228e+06  26128784555460.2
1.63228e+06  26802135634906.9
1.64134e+06  23029908461957.7
1.64134e+06  23346773413446.7
1.64134e+06  23642323469973.7
1.64134e+06  24024508638095.6
1.64134e+06  26241381472684.5
1.64134e+06  26922455042184.1
1.65041e+06  23055330933685.5
1.65041e+06  23364422737747.1
1.65041e+06  23642188056056.6
1.65041e+06  24024438695492.7
1.65041e+06  26356128221985.5
1.65041e+06  27045718782027.4
1.65948e+06  23079236671045.7
1.65948e+06  23385693002856.2
1.65948e+06  23642039956724.7
1.65948e+06  24024370887285.8
1.65948e+06  26473256772323.3
1.65948e+06  27169198790893.1
1.66855e+06  23101336384270.1
1.66855e+06  23405770013740.9
1.66855e+06  23641876950259.3
1.66855e+06  24024305097842.1
1.66855e+06  26591112467045.7
1.66855e+06  27295116780694.9
1.67762e+06  23122152778849.5
1.67762e+06  23420169674469
1.67762e+06  23641696257802.9
1.67762e+06  24024241222330.9
1.67762e+06  26710895572310.9
1.67762e+06  27421130452678.4
1.68668e+06  23141485201238.8
1.68668e+06  23440110576822.6
1.68668e+06  23641494363220.2
1.68668e+06  24024179162733.6
1.68668e+06  26832151774146.9
1.68668e+06  27549680747827
1.69575e+06  23159661299833.7
1.69575e+06  23455384213170.6
1.69575e+06  23641266740144.4
1.69575e+06  24024118829324.9
1.69575e+06  26953922279894.7
1.69575e+06  27677529896929.4
1.70482e+06  23176553411868
1.70482e+06  23466186314012
1.70482e+06  23641007461712.5
1.70482e+06  24024060138240.9
1.70482e+06  27077955628724.9
1.70482e+06  27807611190475.2
1.71389e+06  23192566513051.7
1.71389e+06  23481069496947.6
1.71389e+06  23640708630692.6
1.71389e+06  24024003013321.1
1.71389e+06  27201762069915.5
1.71389e+06  27937951178645.5
1.72296e+06  23207557317998.7
1.72296e+06  23500613440772.8
1.72296e+06  23640359460530.3
1.72296e+06  24023947381765.2
1.72296e+06  27327936596587.5
1.72296e+06  28069096004620.6
1.73203e+06  23221424518721.9
1.73203e+06  23506372699057
1.73203e+06  23639944842146.2
1.73203e+06  24023893177251
1.73203e+06  27453741957411.4
1.73203e+06  28201873970817.2
1.74109e+06  23234686556056.6
1.74109e+06  23514149550665.8
1.74109e+06  23639442923703.3
1.74109e+06  24023840337516.9
1.74109e+06  27581469712736.5
1.74109e+06  28334005080922.8
1.75016e+06  23247520293721
1.75016e+06  23525374863183.9
1.75016e+06  23638820893743.1
1.75016e+06  24023788804069.3
1.75016e+06  27709174517324.8
1.75016e+06  28467373649067.8
1.75923e+06  23259052838698.4
1.75923e+06  23543254931067.8
1.75923e+06  23638027099859.4
1.75923e+06  24023738522847.8
1.75923e+06  27837950880765
1.75923e+06  28602014362546.2
1.7683e+06  23269897977768.5
1.7683e+06  23550518701510.4
1.7683e+06  23636975280234.9
1.7683e+06  24023689442006
1.7683e+06  27967416193576.9
1.7683e+06  28735996043628.6
1.77737e+06  23280396218664.9
1.77737e+06  23551492832085.7
1.77737e+06  23635509739030.4
1.77737e+06  24023641514667.2
1.77737e+06  28096832982007.8
1.77737e+06  28870903663252.4
1.78644e+06  23290639711315.5
1.78644e+06  23553021082777.4
1.78644e+06  23633317880913.7
1.78644e+06  24023594694790
1.78644e+06  28227900030304.9
1.78644e+06  29006853002694.6
1.7955e+06  23300595309360.3
1.7955e+06  23555789467355.4
1.7955e+06  23629666000929.3
1.7955e+06  24023548940553.9
1.7955e+06  28358601250376.4
1.7955e+06  29142804858002.7
1.80457e+06  23308973372012.6
1.80457e+06  23562412860666.2
1.80457e+06  23622330122609.4
1.80457e+06  24023504211745.7
1.80457e+06  28490147991884.7
1.80457e+06  29278777357411.1
