0  139939811174.568
0  140336177688.625
0  23600087718846.2
0  23738548306837.8
0  24016267609891.6
9068.2  279838486719.576
9068.2  286760516369.534
9068.2  23600087718472.4
9068.2  23738562347027
9068.2  24016274913595.6
18136.4  419723960732.453
18136.4  431049582306.016
18136.4  23600087717849.4
18136.4  23738585753910.7
18136.4  24016287083651.3
27204.6  559603304692.447
27204.6  575191331251.973
27204.6  23600087716977.2
27204.6  23738618537350.1
27204.6  24016304115885.4
36272.8  699479024475.499
36272.8  718822932986.963
36272.8  23600087715855.8
36272.8  23738660711169.4
36272.8  24016326004462.6
45341  839352165663.439
45341  862594032343.537
45341  23600087714485.1
45341  23738712293174.2
45341  24016352741786.3
54409.2  979223187351.175
54409.2  1006484868343.98
54409.2  23600087712865
54409.2  23738773305175
54409.2  24016384318614.4
63477.4  1119092275198.07
63477.4  1150431053453.25
63477.4  23600087710995.6
63477.4  23738843773016.6
63477.4  24016420724825.1
72545.6  1258959472939.64
72545.6  1294205865838.76
72545.6  23600087708739.8
72545.6  23738923726745.2
72545.6  24016461947464.8
81613.8  1398824744305.83
81613.8  1437947627925.9
81613.8  23600087706371.4
81613.8  23739013200116.5
81613.8  24016507972653.2
90682  1538688004785.52
90682  1581774317658.81
90682  23600087703753.5
90682  23739112231440.4
90682  24016558784799
99750.2  1678549139043.22
99750.2  1725653596443.75
99750.2  23600087701349.4
99750.2  23739220862648.7
99750.2  24016614366739.5
108818  1818408010986.92
108818  1869468686695.51
108818  23600087698368.9
108818  23739339141157
108818  24016674699476.4
117887  1958264469832.54
117887  2013203864985.74
117887  23600087695001.7
117887  23739467117754.7
117887  24016739763262
126955  2098118353880.81
126955  2157001284285.12
126955  23600087691384.4
126955  23739604847679.7
126955  24016809536301.5
136023  2237969492925.67
136023  2300842389829.06
136023  23600087687909.4
136023  23739752390394.8
136023  24016883995121.4
145091  2377817709816.6
145091  2444666149448.16
145091  23600087683791.8
145091  23739909811064.3
145091  24016963114928.2
154159  2517662821473.7
154159  2588394465710.65
154159  23600087679887.3
154159  23740076847889.9
154159  24017046869929.8
163228  2657504639551.25
163228  2732170930752.49
163228  23600087675268.8
163228  23740253501242.3
163228  24017135232699.1
172296  2797342970851.95
172296  2875983592276.75
172296  23600087670007.5
172296  23740440248859.3
172296  24017228174016.1
181364  2937177617575.1
181364  3019799706255.78
181364  23600087665142.9
181364  23740637179167.7
181364  24017325663967.2
190432  3077008377448.27
190432  3163518508715.02
190432  23600087660235.3
190432  23740844387510.2
190432  24017427671250.4
199500  3216835043766.2
199500  3307275907299.53
199500  23600087654750.1
199500  23741061974950.7
199500  24017541263997
208569  3356657405363.51
208569  3451063566144.5
208569  23600087649268.7
208569  23741290047253.3
208569  24017675324504.2
217637  3496475246541.56
217637  3594860875547.87
217637  23600087643606.8
217637  23741528716875.6
217637  24017814671657
226705  3636288346952.51
226705  3738567112699.78
226705  23600087636837.9
226705  23741778103123.4
226705  24017959255291.4
235773  3776096481446.15
235773  3882304977278.17
235773  23600087629745.9
235773  23742038329957.2
235773  24018109024822.8
244841  3915899419895.23
244841  4026068315040.2
244841  23600087623583.1
244841  23742309527396.4
244841  24019326272644.4
244841  24020121460040.8
253910  4055696927002.32
253910  4169837788773.01
253910  23600087616449.6
253910  23742591835257.9
253910  24018772672461.3
253910  24020278107592.3
262978  4195488762066.8
262978  4313528275830.93
262978  23600087609200
262978  23742885397636.3
262978  24018372109237.7
262978  24020453099018.7
272046  4335274678749.82
272046  4457245002081.6
272046  23600087602023.8
272046  23743190366473
272046  24018069287693.9
272046  24020649498532.1
281114  4475054424815.24
281114  4600983224368.96
281114  23600087594131.2
281114  23743506902118.8
281114  24017832661636.8
281114  24020871111464
290182  4614839677455.47
290182  4744716772388.35
290182  23600087586839.8
290182  23743835170599.4
290182  24017642922128.3
290182  24021122721344.6
299251  4754621764057.42
299251  4888388194436.66
299251  23600087578303
299251  23744175349044
299251  24017487589162.9
299251  24021410425321
308319  4894396589371.23
308319  5032081486274.47
308319  23600087569785.6
308319  23744527619872.5
308319  24017358239017.3
308319  24021742115556.2
317387  5034163918301.14
317387  5175792865692.16
317387  23600087561339.8
317387  23744892175338.7
317387  24017248982298.2
317387  24022128192413.9
326455  5173923504761.75
326455  5319482776675.22
326455  23600087552176.3
326455  23745266008348.2
326455  24017155575663.8
326455  24022582642239
335523  5313675091760.79
335523  5463131641362.35
335523  23600087543083.7
335523  23745651241218.5
335523  24017074887944.2
335523  24023124730582.9
344592  5453418411414.2
344592  5606798685821.46
344592  23600087533409.5
344592  23746049416673.3
344592  24017004555585.6
344592  24023781746593.4
353660  5593153184871.7
353660  5750480807917.13
353660  23600087524470.3
353660  23746460779200.9
353660  24016942763092
353660  24024593667558.7
362728  5732879122200.87
362728  5894119436886.53
362728  23600087514283.9
362728  23746885588078.4
362728  24016888093790.2
362728  24025186261213.5
371796  5872595922177.08
371796  6037742015588.75
371796  23600087504303.4
371796  23747324111373.7
371796  24016839423063.9
371796  24025535239595.3
380864  6012303272054.13
380864  6181379543938.98
380864  23600087493466.6
380864  23747776632292.2
380864  24016795850813.8
380864  24025919531803.3
389933  6152000847248.62
389933  6325029414771.84
389933  23600087483499.3
389933  23748243444622.5
389933  24016756646177.9
389933  24026344418742.9
399001  6291688311012.84
399001  6468608989298.53
399001  23600087471892.4
399001  23748724860230.8
399001  24016721209916.6
399001  24026816306965.6
408069  6431365314012.86
408069  6612201247038.29
408069  23600087460809.7
408069  23749221201055.2
408069  24016689045151.5
408069  24027343040058.6
417137  6571031493874.96
417137  6755805539500.27
417137  23600087449793.7
417137  23749732806962.4
417137  24016659739660.8
417137  24027934327682.8
426205  6710686474748.88
426205  6899386011468.75
426205  23600087437546.8
426205  23750254870799.7
426205  24016632945091.9
426205  24028602334829.5
435274  6850329866685.97
435274  7042932059923.42
435274  23600087426147.9
435274  23750787545011
435274  24016608366984
435274  24029362508772.9
444342  6989963055663.96
444342  7186489610909.39
444342  23600087413960.8
444342  23751336628539.2
444342  24016585754825.9
444342  24030122706712.3
453410  7129599355189.67
453410  7330056468131.8
453410  23600087401323.8
453410  23751902555025
453410  24016564892841.1
453410  24030629168676.5
462478  7269222861529
462478  7473558138829.24
462478  23600087389141.6
462478  23752485779298.3
462478  24016545595857.7
462478  24031181113295.3
471546  7408833145968
471546  7617067497789.82
471546  23600087375915.5
471546  23753086781522
471546  24016527703522.8
471546  24031784616281.8
480614  7548429761955.23
480614  7760585489593.88
480614  23600087362610.2
480614  23753706063796.2
480614  24016511075737.8
480614  24032446900010
489683  7688012244350.78
489683  7904065429967.58
489683  23600087349775.9
489683  23754344154392.9
489683  24016495590339.1
489683  24033176615800.3
498751  7827580108606.51
498751  8047524830349.98
498751  23600087335759.8
498751  23755001565658.5
498751  24016481139736.7
498751  24033984214532.3
507819  7967132849849.09
507819  8190992009667.29
507819  23600087321201.1
507819  23755660134964.5
507819  24016467629533.9
507819  24034882442554.2
516887  8106669941917.94
516887  8334439480380.19
516887  23600087307182.1
516887  23756339239030.3
516887  24016454976200.9
516887  24035565778922.8
525955  8246190836331.38
525955  8477846809675.33
525955  23600087292760.8
525955  23757039561931.9
525955  24016443104947.1
525955  24036260342306
535024  8385694961145.98
535024  8621260888587.08
535024  23600087277936.5
535024  23757761824855.2
535024  24016431950032.7
535024  24037013644589.5
544092  8525181719746.21
544092  8764665259603.59
544092  23600087263046.4
544092  23758506789233.8
544092  24016421451909.7
544092  24037833143385.1
553160  8664663626723.22
553160  8908018026939.8
553160  23600087247822.6
553160  23759275260450.9
553160  24016411557891.3
553160  24038727627184.8
562228  8804134050598.26
562228  9051376340005.26
562228  23600087232193.5
562228  23760065593502.6
562228  24016402219495.3
562228  24039707528224.9
571296  8943585429203.88
571296  9194726986116.4
571296  23600087216957
571296  23760854099631.1
571296  24016393394701.9
571296  24040565398181.5
580365  9083017079411.97
580365  9338022285563.48
580365  23600087200787.3
580365  23761668676098.8
580365  24016385044454.8
580365  24041403216580.7
589433  9222428286544.66
589433  9481321748934.36
589433  23600087185008.2
589433  23762510379831.2
589433  24016377132959.8
589433  24042306940596.7
598501  9361818302634.79
598501  9624607951022.94
598501  23600087167509
598501  23763380337826.8
598501  24016369629751.7
598501  24043284373176.3
607569  9501186344466.92
607569  9767842418990.13
607569  23600087150521.8
607569  23764279744820.3
607569  24016362504274.3
607569  24044344614098.8
616637  9640531591557.67
616637  9911079483690.29
616637  23600087133532.4
616637  23765200326829.4
616637  24016355731363.1
616637  24045387412817.4
625706  9779858078868.46
625706  10054290332394.2
625706  23600087116385.1
625706  23766119413300.8
625706  24016349286449.6
625706  24046353388573.9
634774  9919178305907.48
634774  10197460097695.2
634774  23600087098843.6
634774  23767071662159.5
634774  24016343148067
634774  24047390662300.9
643842  10058473474921.2
643842  10340630695357.9
643842  23600087080888.6
643842  23768058680991.7
643842  24016337295245.5
643842  24048507175280.6
652910  10197742625519
652910  10483754994079.3
652910  23600087062908.5
652910  23769082192829.5
652910  24016331709015.8
652910  24049712108273.6
661978  10336984748558.8
661978  10626855618980.8
661978  23600087044530.9
661978  23770136133768.8
661978  24016326373118.5
661978  24050828060375.5
671047  10476198783018.8
671047  10769953434503.6
671047  23600087025989.9
671047  23771178566779.3
671047  24016321271259.5
671047  24051966105898.2
680115  10615383612631
680115  10912981262658.9
680115  23600087006589.3
680115  23772262677062.8
680115  24016316389585.3
680115  24053185513370
689183  10754552130151.1
689183  11056007673034.4
689183  23600086987093.5
689183  23773390834384
689183  24016311713597.1
689183  24054495117716.8
698251  10893701400645.7
698251  11198996398887.1
698251  23600086967584.6
698251  23774565604412.8
698251  24016307232106.5
698251  24055765557347.2
707319  11032818396667.2
707319  11341946675500.6
707319  23600086948042.7
707319  23775738786146.4
707319  24016302932392
707319  24057040147728.4
716388  11171901785945.9
716388  11484889364632.8
716388  23600086927688.6
716388  23776934511629.7
716388  24016298804414.1
716388  24058402245323.4
725456  11310950161940.3
725456  11627760298467.4
725456  23600086907317.1
725456  23778184470848.1
725456  24016294838416
725456  24059861022173.2
734524  11449963123183.2
734524  11770626692006.3
734524  23600086886772.4
734524  23779492313375.4
734524  24016291024414.5
734524  24061238462836.7
743592  11588966087674.8
743592  11913436237687.1
743592  23600086865818.3
743592  23780797208695.8
743592  24016287353719.4
743592  24062686708500.8
752660  11727930146287.7
752660  12056219076850.1
752660  23600086843840.5
752660  23782127160092.2
752660  24016283818487.3
752660  24064232352826.8
761729  11866853594551.3
761729  12198961650114.8
761729  23600086822686
761729  23783525601941.4
761729  24016280411274
761729  24065786242214.3
770797  12005734625893.4
770797  12341657172905.1
770797  23600086800963.4
770797  23784997904786.9
770797  24016277124959.1
770797  24067349337407.6
779865  12144582918127.3
779865  12484323107095.3
779865  23600086779212.8
779865  23786416209146.3
779865  24016273952536.4
779865  24069013764757.8
788933  12283405792331
788933  12626927301491.4
788933  23600086756502.5
788933  23787916404520.4
788933  24016270888596.8
788933  24070713131058.6
798001  12422181202984.6
798001  12769506541616.8
798001  23600086733760.5
798001  23789506018612.3
798001  24016267925723.3
798001  24072418755373.4
807070  12560906923656
807070  12912015108219.2
807070  23600086711289.4
807070  23791075089079.3
807070  24016265059747.6
807070  24074232448015
816138  12699591445681.4
816138  13054497188801.1
816138  23600086687478
816138  23792694742250.9
816138  24016262283925.3
816138  24076065480045.3
825206  12838246154984.3
825206  13196905499038.5
825206  23600086663545.6
825206  23794424703560.4
825206  24016259594571.7
825206  24077942671301
834274  12976844885539.3
834274  13339279518229.5
834274  23600086639572.9
834274  23796132803107.6
834274  24016256986227
834274  24079937487245.8
843342  13115384851706.3
843342  13481582567547.3
843342  23600086615403.9
843342  23797900045286.7
843342  24016254454417.5
843342  24081904205952.4
852411  13253891438771.5
852411  13623837156814.6
852411  23600086591512
852411  23799806847619
852411  24016251994740.6
852411  24083985225098.8
861479  13392344216393.5
861479  13766029512003.2
861479  23600086566592
861479  23801631990755.9
861479  24016249602928.4
861479  24086116770573.4
870547  13530730262379.3
870547  13908152800631.2
870547  23600086541468.2
870547  23803592349116.4
870547  24016247275824.7
870547  24088305254534.4
879615  13669069108995.9
879615  14050228540380.1
879615  23600086515446.9
879615  23805628816425.7
879615  24016245007870.9
879615  24090590453836.9
888683  13807353299301.8
888683  14192208113683.5
888683  23600086489743.7
888683  23807644269032.2
888683  24016242796910.8
888683  24092906641751.6
897752  13945561194488.9
897752  14334137425777.7
897752  23600086463911.1
897752  23809874313373.6
897752  24016240638611.9
897752  24095342905293.2
906820  14083719412837.2
906820  14475983611311.8
906820  23600086437476.3
906820  23811971094006.1
906820  24016238528920.4
906820  24097807066565.1
915888  14221807741292.3
915888  14617746597229.1
915888  23600086410454.6
915888  23814302242929.3
915888  24016236465457.8
915888  24100397935002.7
924956  14359812577361.3
924956  14759443863777.1
924956  23600086383685.8
924956  23816580449233.3
924956  24016234444047.3
924956  24103031187100.6
934024  14497768080640.8
934024  14901041130329.8
934024  23600086355778.7
934024  23819037386634.6
934024  24016232461364.8
934024  24105784941813.3
943093  14635627318090.5
943093  15042547682581.1
943093  23600086328252.1
943093  23821481972562.5
943093  24016230513952.4
943093  24108609986416
952161  14773420792684.8
952161  15183971722825.5
952161  23600086300176.7
952161  23824106751324.5
952161  24016228598608.7
952161  24111538890599
961229  14911122519727.6
961229  15325298685986.5
961229  23600086271812.8
961229  23826692699539
961229  24016226710990
961229  24114580761818.2
970297  15048740141053.9
970297  15466505694178.4
970297  23600086243296.3
970297  23829558474037.8
970297  24016224848179.5
970297  24117700725260.1
979365  15186265604601.1
979365  15607612033202.7
979365  23600086213693.4
979365  23832248306229.8
979365  24016223006563.2
979365  24120954720613.6
988434  15323695421206.2
988434  15748610372634.7
988434  23600086184175.1
988434  23835337161282.3
988434  24016221181006.2
988434  24124318206413.8
997502  15461022939109.8
997502  15889493117226.3
997502  23600086154426.4
997502  23838230243291.6
997502  24016219368752.9
997502  24127791554195
1.00657e+06  15598250105275.2
1.00657e+06  16030246217218.8
1.00657e+06  23600086123847.3
1.00657e+06  23841356224780.2
1.00657e+06  24016217564681.8
1.00657e+06  24131405779670.6
1.01564e+06  15735354436234.7
1.01564e+06  16170858650968.6
1.01564e+06  23600086093862.7
1.01564e+06  23844845293149.6
1.01564e+06  24016215763840.9
1.01564e+06  24135161635459.6
1.02471e+06  15872360726431.1
1.02471e+06  16311334717675.2
1.02471e+06  23600086062383.8
1.02471e+06  23847911105429.4
1.02471e+06  24016213961233.2
1.02471e+06  24139038922519.9
1.03377e+06  16009228646919.6
1.03377e+06  16451665967558.5
1.03377e+06  23600086030648.7
1.03377e+06  23851366247539.4
1.03377e+06  24016212151618.9
1.03377e+06  24143068580890.1
1.04284e+06  16145975420536.9
1.04284e+06  16591843698365.1
1.04284e+06  23600085999036.1
1.04284e+06  23855258940744.2
1.04284e+06  24016210327960
1.04284e+06  24147259370660.8
1.05191e+06  16282589907505.9
1.05191e+06  16731858959905.6
1.05191e+06  23600085967206.7
1.05191e+06  23858790191861.3
1.05191e+06  24016208483681.7
1.05191e+06  24151617346218.4
1.06098e+06  16419051692120
1.06098e+06  16871702558792.3
1.06098e+06  23600085934648
1.06098e+06  23862200415174.6
1.06098e+06  24016206610315.6
1.06098e+06  24156149995026.1
1.07005e+06  16555363232143.5
1.07005e+06  17011365063253.6
1.07005e+06  23600085901743.5
1.07005e+06  23865858286767.1
1.07005e+06  24016204697606.2
1.07005e+06  24160866115961.5
1.07912e+06  16691527255050.7
1.07912e+06  17150836807750
1.07912e+06  23600085868346.7
1.07912e+06  23870000331213.7
1.07912e+06  24016202735923
1.07912e+06  24165775756267.8
1.08818e+06  16827517597325.5
1.08818e+06  17290107897260.9
1.08818e+06  23600085834136.2
1.08818e+06  23879996643695.6
1.08818e+06  24016200711365.4
1.08818e+06  24170890200848
1.09725e+06  16963326794859
1.09725e+06  17429148864308.2
1.09725e+06  23600085799872.4
1.09725e+06  23881430918823.5
1.09725e+06  24016198608929.3
1.09725e+06  24176222007160.3
1.10632e+06  17098946319692
1.10632e+06  17567961582151.5
1.10632e+06  23600085765366.6
1.10632e+06  23885477221744.3
1.10632e+06  24016196410273.8
1.10632e+06  24181785078975.4
1.11539e+06  17234366484874.9
1.11539e+06  17706538001914.4
1.11539e+06  23600085730069.4
1.11539e+06  23890349133170
1.11539e+06  24016194091571.9
1.11539e+06  24187594792696.4
1.12446e+06  17369576329193.5
1.12446e+06  17844864303332.5
1.12446e+06  23600085694512.9
1.12446e+06  23895609957339.7
1.12446e+06  24016191624661.4
1.12446e+06  24193668169392.2
1.13352e+06  17504563478472.6
1.13352e+06  17982892076797.3
1.13352e+06  23600085658548.3
1.13352e+06  23901141373706.5
1.13352e+06  24016188973986.5
1.13352e+06  24200023783594.8
1.14259e+06  17639313978874.8
1.14259e+06  18120645879307.1
1.14259e+06  23600085621451.2
1.14259e+06  23906886077028.1
1.14259e+06  24016186092420.1
1.14259e+06  24206660934040.9
1.15166e+06  17773812096466.8
1.15166e+06  18258072286179.2
1.15166e+06  23600085585213.6
1.15166e+06  23912803927086.5
1.15166e+06  24016182920643.4
1.15166e+06  24213620900705.3
1.16073e+06  17908040076321.8
1.16073e+06  18395182616872.2
1.16073e+06  23600085547706.6
1.16073e+06  23918860900231
1.16073e+06  24016179377381.2
1.16073e+06  24220918009397
1.1698e+06  18041977850751.6
1.1698e+06  18531913531758.7
1.1698e+06  23600085509748.5
1.1698e+06  23925045233740.1
1.1698e+06  24016175351449.6
1.1698e+06  24228570527287.1
1.17887e+06  18175602685407.1
1.17887e+06  18668274120609.5
1.17887e+06  23600085470996.1
1.17887e+06  23932131420600.8
1.17887e+06  24016170686912.2
1.17887e+06  24236608392968
1.18793e+06  18308909279020.3
1.18793e+06  18804230243104.9
1.18793e+06  23600085431906.4
1.18793e+06  23939127224286.3
1.18793e+06  24016165156036.9
1.18793e+06  24245063195087.1
1.197e+06  18441865722927.2
1.197e+06  18939746930645.5
1.197e+06  23600085392193.2
1.197e+06  23946647183978.9
1.197e+06  24016158414170.4
1.197e+06  24253948191118.4
1.20607e+06  18574438427175.6
1.20607e+06  19074788706207.6
1.20607e+06  23600085352362.6
1.20607e+06  23954375500432.5
1.20607e+06  24016149909292.4
1.20607e+06  24263308619956.3
1.21514e+06  18706621402309.3
1.21514e+06  19209319945550.6
1.21514e+06  23600085311115.2
1.21514e+06  23962771279023.9
1.21514e+06  24016138703894.8
1.21514e+06  24273178109198.4
1.22421e+06  18838368405273.1
1.22421e+06  19343305273056.2
1.22421e+06  23600085269649.4
1.22421e+06  23971385114157.9
1.22421e+06  24016123064244.5
1.22421e+06  24283594617815.7
1.23327e+06  18969646129959.7
1.23327e+06  19476709983397.8
1.23327e+06  23600085228016.3
1.23327e+06  23980377393504
1.23327e+06  24016099383151.5
1.23327e+06  24294601764445.2
1.24234e+06  19100434428732.4
1.24234e+06  19609489678837.9
1.24234e+06  23600085185365.7
1.24234e+06  23989948864452.6
1.24234e+06  24016058714572.7
1.24234e+06  24306236461157.2
1.25141e+06  19230688905822.6
1.25141e+06  19741573072227.5
1.25141e+06  23600085142440.1
1.25141e+06  24000169208950.7
1.25141e+06  24015971096552.3
1.25141e+06  24318557620221.9
1.26048e+06  19360362853049.4
1.26048e+06  19872924093648.4
1.26048e+06  23600085098007.3
1.26048e+06  24012768109949.8
1.26048e+06  24015635979569.9
1.26048e+06  24331618293421.7
1.26955e+06  19489418741206.8
1.26955e+06  20003480297792.5
1.26955e+06  23600085052875.9
1.26955e+06  24017549605059.6
1.26955e+06  24021394735386.3
1.26955e+06  24345482325485.9
1.27862e+06  19617807671142.9
1.27862e+06  20133169638357.1
1.27862e+06  23600085007851.7
1.27862e+06  24016512457915
1.27862e+06  24034138892973.2
1.27862e+06  24360209818358.4
1.28768e+06  19745456865789.5
1.28768e+06  20261923205261.6
1.28768e+06  23600084962078.9
1.28768e+06  24016377638595
1.28768e+06  24046967869443.4
1.28768e+06  24375871456623.3
1.29675e+06  19872334352995.4
1.29675e+06  20389670331990
1.29675e+06  23600084915081.8
1.29675e+06  24016324229399.1
1.29675e+06  24060609624566.2
1.29675e+06  24392550543793
1.30582e+06  19998351662008
1.30582e+06  20516297988207.4
1.30582e+06  23600084867861.3
1.30582e+06  24016295409084.4
1.30582e+06  24075044263775.5
1.30582e+06  24410342498563
1.31489e+06  20123446233022
1.31489e+06  20641732537231.1
1.31489e+06  23600084819160.5
1.31489e+06  24016277258995.2
1.31489e+06  24090388585166.7
1.31489e+06  24429327505655
1.32396e+06  20247540100882.9
1.32396e+06  20765871166018.8
1.32396e+06  23600084769654.3
1.32396e+06  24016264702003.7
1.32396e+06  24106745582347.6
1.32396e+06  24449619162806.4
1.33303e+06  20370536884328.8
1.33303e+06  20888586615939.5
1.33303e+06  23600084719691
1.33303e+06  24016255443054.3
1.33303e+06  24124181826963.1
1.33303e+06  24471322864243.4
1.34209e+06  20492363346065.6
1.34209e+06  21009775306066.8
1.34209e+06  23600084668336.1
1.34209e+06  24016248294022.4
1.34209e+06  24142816490606.7
1.34209e+06  24494573887697.3
1.35116e+06  20612896228765
1.35116e+06  21129278712392.2
1.35116e+06  23600084616443.1
1.35116e+06  24016242576923.9
1.35116e+06  24162729887001.1
1.35116e+06  24519494677315.9
1.36023e+06  20732029875253.8
1.36023e+06  21246964061280.4
1.36023e+06  23600084563141.1
1.36023e+06  24016237878511.1
1.36023e+06  24184032989110.9
1.36023e+06  24546230382355.6
1.3693e+06  20849634534312.4
1.3693e+06  21362684857336.8
1.3693e+06  23600084508628.4
1.3693e+06  24016233930723.5
1.3693e+06  24206876596752.8
1.3693e+06  24574946482454.9
1.37837e+06  20965593770728.5
1.37837e+06  21476274780279.8
1.37837e+06  23600084453179.3
1.37837e+06  24016230551510.8
1.37837e+06  24231362972706.7
1.37837e+06  24605789218003.2
1.38743e+06  21079751773609.6
1.38743e+06  21587549362328.2
1.38743e+06  23600084396855.8
1.38743e+06  24016227616029.8
1.38743e+06  24257657357695
1.38743e+06  24638944678939.2
1.3965e+06  21191969747535.3
1.3965e+06  21696340299764
1.3965e+06  23600084339281.4
1.3965e+06  24016225032660.3
1.3965e+06  24285886132165.4
1.3965e+06  24674596163286.3
1.40557e+06  21302066301564.3
1.40557e+06  21802446762409
1.40557e+06  23600084280388.8
1.40557e+06  24016222733463.3
1.40557e+06  24316245627351.5
1.40557e+06  24712918048127.8
1.41464e+06  21409868069412.6
1.41464e+06  21905695191477.8
1.41464e+06  23600084219659.4
1.41464e+06  24016220669032.7
1.41464e+06  24348886142463.2
1.41464e+06  24754119966438.5
1.42371e+06  21515214115918.1
1.42371e+06  22005873481502.9
1.42371e+06  23600084157527.2
1.42371e+06  24016218797651.6
1.42371e+06  24383993355075.9
1.42371e+06  24798377766538.2
1.43278e+06  21617917089448.2
1.43278e+06  22102798664408
1.43278e+06  23600084094212.3
1.43278e+06  24016217090602.9
1.43278e+06  24421760235030.8
1.43278e+06  24845890163893.8
1.44184e+06  21717772966682
1.44184e+06  22196307729110.7
1.44184e+06  23600084029242
1.44184e+06  24016215523822.7
1.44184e+06  24462362612202.6
1.44184e+06  24896824295670.4
1.45091e+06  21814595172305
1.45091e+06  22286223371140.3
1.45091e+06  23600083962067.2
1.45091e+06  24016214076339.1
1.45091e+06  24505982464061.2
1.45091e+06  24951354688758
1.45998e+06  21908221452805.4
1.45998e+06  22372398590620.6
1.45998e+06  23600083893459.4
1.45998e+06  24016212732455.5
1.45998e+06  24552828834354.4
1.45998e+06  25009625045019.1
1.46905e+06  21998458636002.6
1.46905e+06  22454739221548.1
1.46905e+06  23600083822340.9
1.46905e+06  24016211480350.5
1.46905e+06  24603050130523
1.46905e+06  25071740450846.2
1.47812e+06  22085149089034.2
1.47812e+06  22533105662050.6
1.47812e+06  23600083749581.6
1.47812e+06  24016210308578
1.47812e+06  24656812863083.1
1.47812e+06  25137806723924.8
1.48718e+06  22168177268088.7
1.48718e+06  22607484746735.7
1.48718e+06  23600083674518.3
1.48718e+06  24016209207058.9
1.48718e+06  24714247504518.9
1.48718e+06  25207875494003.3
1.49625e+06  22247408981865.6
1.49625e+06  22677845158918.9
1.49625e+06  23600083597106.7
1.49625e+06  24016208168504.1
1.49625e+06  24775477480905.6
1.49625e+06  25281965967932.3
1.50532e+06  22322769424354.6
1.50532e+06  22744212630141.6
1.50532e+06  23600083516517
1.50532e+06  24016207187111.4
1.50532e+06  24840583270668
1.50532e+06  25360069344405.4
1.51439e+06  22394207935684.9
1.51439e+06  22806611743770.7
1.51439e+06  23600083432968.3
1.51439e+06  24016206256231.4
1.51439e+06  24909605066169.5
1.51439e+06  25442105781255.3
1.52346e+06  22461725043293
1.52346e+06  22865176188024.4
1.52346e+06  23600083346723.9
1.52346e+06  24016205372155.2
1.52346e+06  24982569519755.4
1.52346e+06  25528014833608.2
1.53253e+06  22525329115584.8
1.53253e+06  22919980990893
1.53253e+06  23600083257066.8
1.53253e+06  24016204529170.9
1.53253e+06  25059419734052.4
1.53253e+06  25617669258977.5
1.54159e+06  22585094620714.2
1.54159e+06  22971160220722.9
1.54159e+06  23600083163752.5
1.54159e+06  24016203725999.2
1.54159e+06  25140118581094.5
1.54159e+06  25710930831198.5
1.55066e+06  22641117130056.8
1.55066e+06  23018921490878.4
1.55066e+06  23600083065853.1
1.55066e+06  24016202957229
1.55066e+06  25224575462038
1.55066e+06  25807624772056.4
1.55973e+06  22693507947560.8
1.55973e+06  23063413880763
1.55973e+06  23600082963911.3
1.55973e+06  24016202220798.8
1.55973e+06  25312666418816.4
1.55973e+06  25907584984478.7
1.5688e+06  22742417303115.4
1.5688e+06  23104864075698.2
1.5688e+06  23600082857396.6
1.5688e+06  24016201513569.4
1.5688e+06  25404225781533.2
1.5688e+06  26010626323495.4
1.57787e+06  22788007859487
1.57787e+06  23143377544618.4
1.57787e+06  23600082744666.4
1.57787e+06  24016200834653.3
1.57787e+06  25499109950219.9
1.57787e+06  26116542766243.7
1.58693e+06  22830454732997.4
1.58693e+06  23179239931053.1
1.58693e+06  23600082626218.9
1.58693e+06  24016200181268.5
1.58693e+06  25597138694551.7
1.58693e+06  26225163330356.1
1.596e+06  22869949433770.9
1.596e+06  23212564805096
1.596e+06  23600082500970.1
1.596e+06  24016199550942.7
1.596e+06  25698118456152
1.596e+06  26336275863098.1
1.60507e+06  22906684365431.4
1.60507e+06  23243595739886.5
1.60507e+06  23600082367718
1.60507e+06  24016198943539.4
1.60507e+06  25801866234418.4
1.60507e+06  26449722424680
1.61414e+06  22940833326080.6
1.61414e+06  23272461948667.9
1.61414e+06  23600082226090.7
1.61414e+06  24016198357111.2
1.61414e+06  25908194061511.4
1.61414e+06  26565311900737.5
1.62321e+06  22972590524369.6
1.62321e+06  23299382767469.1
1.62321e+06  23600082075181.2
1.62321e+06  24016197789839.7
1.62321e+06  26016918903802.8
1.62321e+06  26682877899503.3
1.63228e+06  23002126861938.4
1.63228e+06  23324452064085.5
1.63228e+06  23600081912372.6
1.63228e+06  24016197240707
1.63228e+06  26127863492843.6
1.63228e+06  26802278932285
1.64134e+06  23029611186680.1
1.64134e+06  23347803832341.2
1.64134e+06  23600081737096.9
1.64134e+06  24016196709165.5
1.64134e+06  26240854822654
1.64134e+06  26923364662455.8
1.65041e+06  23055207422439.6
1.65041e+06  23369682005458.4
1.65041e+06  23600081546595
1.65041e+06  24016196193710.6
1.65041e+06  26355741033976.2
1.65041e+06  27046000904317.6
1.65948e+06  23079063636451.5
1.65948e+06  23390103755379.2
1.65948e+06  23600081339475.2
1.65948e+06  24016195693850
1.65948e+06  26472374479390.1
1.65948e+06  27170065757200.1
1.66855e+06  23101316691940.8
1.66855e+06  23409176454672.9
1.66855e+06  23600081111988.5
1.66855e+06  24016195208151.6
1.66855e+06  26590601720648.7
1.66855e+06  27295434213989.2
1.67762e+06  23122095763727.1
1.67762e+06  23427041038084.9
1.67762e+06  23600080859107.4
1.67762e+06  24016194736657.1
1.67762e+06  26710307133596.3
1.67762e+06  27422006098399.2
1.68668e+06  23141519528179.1
1.68668e+06  23443844375611
1.68668e+06  23600080577662.9
1.68668e+06  24016194278139.1
1.68668e+06  26831375204010.7
1.68668e+06  27549701494749.1
1.69575e+06  23159697746274.4
1.69575e+06  23459640797672.9
1.69575e+06  23600080261404
1.69575e+06  24016193832154.4
1.69575e+06  26953685364159.9
1.69575e+06  27678407923997.1
1.70482e+06  23176728334477.5
1.70482e+06  23474451483980.3
1.70482e+06  23600079899598.5
1.70482e+06  24016193397586
1.70482e+06  27077144745717.5
1.70482e+06  27808062884495.8
1.71389e+06  23192704323284.8
1.71389e+06  23488356528004.7
1.71389e+06  23600079483759.1
1.71389e+06  24016192974856.3
1.71389e+06  27201657636611.3
1.71389e+06  27938590271524
1.72296e+06  23207708899228.6
1.72296e+06  23501500880201.5
1.72296e+06  23600078996777.8
1.72296e+06  24016192562521.1
1.72296e+06  27327144619917.5
1.72296e+06  28069926895466.9
1.73203e+06  23221818302122
1.73203e+06  23513923742773.2
1.73203e+06  23600078417476.6
1.73203e+06  24016192160547.1
1.73203e+06  27453526072184.3
1.73203e+06  28201992103707.5
1.74109e+06  23235105592094.9
1.74109e+06  23525658676643.3
1.74109e+06  23600077712505.2
1.74109e+06  24016191768562.7
1.74109e+06  27580733078537
1.74109e+06  28334759646126.5
1.75016e+06  23247621485963.4
1.75016e+06  23536678997633.7
1.75016e+06  23600076835310.7
1.75016e+06  24016191385889.9
1.75016e+06  27708708476726.3
1.75016e+06  28468151001580.3
1.75923e+06  23259440839748.8
1.75923e+06  23547146750475.6
1.75923e+06  23600075706859
1.75923e+06  24016191012515.5
1.75923e+06  27837389481439.5
1.75923e+06  28602139318476.2
1.7683e+06  23270604234039.3
1.7683e+06  23557072124029.6
1.7683e+06  23600074193721.7
1.7683e+06  24016190647383.7
1.7683e+06  27966721173835.3
1.7683e+06  28736677414249.1
1.77737e+06  23281161201712.7
1.77737e+06  23566499659818.9
1.77737e+06  23600072048750.9
1.77737e+06  24016190291085.7
1.77737e+06  28096658665056.1
1.77737e+06  28871724658473.3
1.78644e+06  23291159916148.2
1.78644e+06  23575535347907.5
1.78644e+06  23600068754816.2
1.78644e+06  24016189942406.3
1.78644e+06  28227158302202.4
1.78644e+06  29007245931103
1.7955e+06  23300640953153.3
1.7955e+06  23583977144132.2
1.7955e+06  23600063014849.4
1.7955e+06  24016189601563.7
1.7955e+06  28358178014899.2
1.7955e+06  29143210790143.6
1.80457e+06  23309637907219.2
1.80457e+06  23591750049904.2
1.80457e+06  23600050411119.4
1.80457e+06  24016189268075.8
1.80457e+06  28489677578345.1
1.80457e+06  29279592800243.4
