0  100018052378.347
0  10350263256426.4
0  11590142175485.1
7478.9  199619990960.284
7478.9  200118919086.691
7478.9  10350263249656.6
7478.9  11591033836181.4
14957.8  299353294126.871
14957.8  300328889198.101
14957.8  10350263238373.2
14957.8  11592493324292.8
22436.7  399000811114.1
22436.7  400661866499.938
22436.7  10350263222575.4
22436.7  11594471727068.5
29915.6  498570010617.716
29915.6  501130940284.013
29915.6  10350263202263.1
29915.6  11596884337317.9
37394.5  598063619295.113
37394.5  601749571378.553
37394.5  10350263177435.3
37394.5  11599599454739.4
44873.4  697482402053.987
44873.4  702531490054.377
44873.4  10350263148091.4
44873.4  11600185265877
52352.3  796825711905.218
52352.3  803490191601.943
52352.3  10350263114230.2
52352.3  11600428915974.6
59831.2  896091657663.199
59831.2  904638169648.665
59831.2  10350263075850.4
59831.2  11600699798475.4
67310.1  995277158346.82
67310.1  1005985919049.59
67310.1  10350263032951.2
67310.1  11600993586141.5
74789  1094377942462.99
74789  1107540735157.35
74789  10350262985530.2
74789  11601303242745.2
82267.9  1193388505784.88
82267.9  1209305361531.03
82267.9  10350262933586.1
82267.9  11601617271398.1
89746.8  1292302028059.62
89746.8  1311276577727.09
89746.8  10350262876697
89746.8  11601916615310.6
97225.7  1391110243198.38
97225.7  1413443863929.64
97225.7  10350262815701.1
97225.7  11602168879453.1
104705  1489803253440.77
104705  1515788319362.22
104705  10350262750176.1
104705  11602316820486.9
112183  1588369272863.28
112183  1618282033963.72
112183  10350262680119.4
112183  11602253339181.8
119662  1686794279740.25
119662  1720888102664.95
119662  10350262605529.1
119662  11601760421877.1
127141  1785061548218.39
127141  1823561419321.63
127141  10350262525842.7
127141  11600333138726.4
134620  1883151016602.11
134620  1926250291890.18
134620  10350262442175.7
134620  11598054009075.9
142099  1981038430695.53
142099  2028898793431.37
142099  10350262354525.2
142099  11595878890914.2
149578  2078694169911.32
149578  2131449633286.47
149578  10350262261770.1
149578  11593829987454.7
157057  2176081617374.24
157057  2233847218312.92
157057  10350262164279.4
157057  11591924602639
157057  11626886211847.3
164536  2273154854738.79
164536  2336040644149.62
164536  10350262062421.8
164536  11590168170984.1
164536  11643243168718
164536  11650659986285.7
172015  2369855373302.69
172015  2437985928581.01
172015  10350261956007.9
172015  11588558472521.1
172015  11638579578580.7
172015  11651984076767.3
179494  2466107166538.94
179494  2539647895028.88
179494  10350261845033.8
179494  11587088688259.7
179494  11638340092995
179494  11653224953651.4
186972  2561809406257.69
186972  2641000869611.98
186972  10350261729495.1
186972  11585749507403.6
186972  11640134868484.1
186972  11654205196312.9
194451  2656824965534.04
194451  2742028699429.48
194451  10350261609387.5
194451  11584530518534
194451  11643327549868.3
194451  11654476544480.7
201930  2750961920877.81
201930  2842724037346.12
201930  10350261484892.2
201930  11583421090257.9
201930  11647785321782.9
201930  11652575968993.8
209409  2847982426332.93
209409  2943087126762.76
209409  10350261355633.4
209409  11582410902798.2
216888  2945399507296.18
216888  3043124303839.95
216888  10350261221792.5
216888  11581490243841.9
216888  11675783154126.8
224367  3042558537873.08
224367  3142846415682.34
224367  10350261083363.9
224367  11580650154396.5
224367  11695794953012.8
224367  11700541037401.3
231846  3139423974465.71
231846  3242267310902.05
231846  10350260940342.6
231846  11579882479205.4
231846  11690186083211.3
231846  11702865231227.5
239325  3235951612815.66
239325  3341402505837.9
239325  10350260792722.7
239325  11579179863399.6
239325  11690973877659.5
239325  11704971740552.9
246804  3332085440944.88
246804  3440268082467.05
246804  10350260640500.5
246804  11578535712618.5
246804  11693897845498.8
246804  11706293927412.2
254283  3427753003490.63
254283  3538879831663.55
254283  10350260483668.3
254283  11577944135692.3
254283  11698055464501.5
254283  11704397853403.6
261761  3522858382340.15
261761  3637252631343.43
261761  10350260322221.3
261761  11577399884551.8
261761  11721460777515.3
269240  3617271226387.92
269240  3735400028349.3
269240  10350260156706.8
269240  11576898289798.8
269240  11747279043437.1
269240  11750317918457.8
276719  3710808965099.12
276719  3833333990515.83
276719  10350259985410.5
276719  11576435197970.1
276719  11739646637206.7
276719  11753634814395.2
284198  3803206687601.71
284198  3931064789522.75
284198  10350259810080.5
284198  11576006913445.4
284198  11741443917723.1
284198  11756615575431.8
291677  3897167195802.32
291677  4028600981645.19
291677  10350259630294.8
291677  11575610150243.1
291677  11745482229279.9
291677  11758020233027
299156  3992268502468.85
299156  4125949457615.25
299156  10350259445676
299156  11575241977273.5
299156  11769054612663.8
306635  4086829518695.74
306635  4223115537550.8
306635  10350259256816.9
306635  11574899785127.9
306635  11795804696208.1
306635  11800478913424.5
314114  4180735911007.55
314114  4320103093234.15
314114  10350259062881.6
314114  11574581240856.6
314114  11788810450602.7
314114  11804772692089.5
321593  4273829157684.03
321593  4416914684177.07
321593  10350258864276.1
321593  11574284259504.3
321593  11792082779630.7
321593  11808554523403
329072  4365881696734.07
329072  4513551699359.38
329072  10350258660993.9
329072  11574006972696.9
329072  11797372840369.3
329072  11808798405300.2
336550  4456553130742.93
336550  4610014496591.53
336550  10350258453025.9
336550  11573747704747.3
336550  11827156647769.8
344029  4547438979726.85
344029  4706302537801.09
344029  10350258240364.7
344029  11573504950034
344029  11837601100878.8
344029  11854645126189.5
351508  4640417335909.03
351508  4802414516990.02
351508  10350258023550.6
351508  11573277352982.6
351508  11841434515440.7
351508  11859543563026.9
358987  4732535818091.95
358987  4896821151500.33
358987  10350257801294.1
358987  11573063693153.6
358987  11847602294875.2
358987  11860351694430
366466  4823552616777.78
366466  4989232392769.97
366466  10350257574684.3
366466  11572862866045.9
366466  11890249146178.7
366466  11901129426454.7
373945  4913101437261.39
373945  5082004321814.42
373945  10350257343163.8
373945  11572673874623.3
373945  11887867137204.5
373945  11907379416469.9
381424  5000596766208.77
381424  5175015857261.66
381424  10350257106494.1
381424  11572495813440.9
381424  11894064607906.2
381424  11912618971541.8
388903  5091597149574.51
388903  5268176394943.96
388903  10350256865489.7
388903  11572327862338.2
388903  11925680174251.7
396382  5181706862422.04
396382  5361416479950.04
396382  10350256619727.6
396382  11572169274633.6
396382  11936030142138.1
396382  11956476878775.4
403861  5270310488766.9
403861  5454681750770.02
403861  10350256369198.6
403861  11572019370948.7
403861  11942805682598.2
403861  11963221211246.4
411339  5356801586581.57
411339  5546322416196.36
411339  10350256114438.5
411339  11571877532185.7
411339  11975510567959.8
418818  5444060045122.7
418818  5635094974530.96
418818  10350255854344.7
418818  11571743193206.2
418818  11985829972346.2
418818  12007629420875.5
426297  5532412029087.8
426297  5724750454547.92
426297  10350255589452.3
426297  11571615835239.5
426297  11994027459039.4
426297  12015247898015.1
433776  5618893479190.46
433776  5814990100466.96
433776  10350255319750.4
433776  11571494985647.4
433776  12032879023951
433776  12052043054031.4
441255  5702640396352.64
441255  5905611065096.87
441255  10350255044684.5
441255  11571380208959.7
441255  12038316593743.8
441255  12061240297242.1
448734  5789121179177.97
448734  5994040102963.68
448734  10350254765331
448734  11571271107097.8
448734  12048179353790.5
448734  12067271831962
456213  5874608340421.29
456213  6080007287372.23
456213  10350254481133.9
456213  11571167313481.2
456213  12084052527696.9
456213  12107465638013.1
463692  5957273807689.4
463692  6167300212670.9
463692  10350254191674.6
463692  11571068488657.1
463692  12094310938118.4
463692  12117361221580.7
471171  6040809668280.77
471171  6255448633351.03
471171  10350253898294.4
471171  11570974321599.9
471171  12131228892274.2
471171  12154788295738.3
478650  6124508726307.77
478650  6340488766299.8
478650  10350253599672.5
478650  11570884523374.9
478650  12141953588779.5
478650  12165848794675.8
486128  6204857953542.86
486128  6424203278967.55
486128  10350253295795.7
486128  11570798828330.5
486128  12179781850602.7
486128  12203445611092.9
493607  6287080479414.21
493607  6509601827595.92
493607  10350252987192.7
493607  11570716992448.9
493607  12191183349994.7
493607  12215386903865.9
501086  6368008138039.73
501086  6593633833667.45
501086  10350252673670.1
501086  11570638786275.2
501086  12229669818953.3
501086  12253574260689.9
508565  6446194483499.76
508565  6674472755757.81
508565  10350252355211.6
508565  11570563998291.1
508565  12242105766135.2
508565  12266283111815.8
516044  6526857200968.46
516044  6757684285268
516044  10350252031805.6
516044  11570492432390.4
516044  12281224894630.1
516044  12305272590431.2
523523  6603315726530.74
523523  6837988554909.56
523523  10350251704554.6
523523  11570423906554.9
523523  12294817025805.9
523523  12318426847538.4
531002  6682158135769.63
531002  6917380311403.58
531002  10350251370806.4
531002  11570358251572.3
531002  12334694434221.3
531002  12358588188988.1
538481  6757815957179.07
538481  6998938756989.09
538481  10350251032289.1
538481  11570295308414.5
538481  12349394644555.2
538481  12365004843526.4
545960  6834147392783
545960  7074302390961.94
545960  10350250688942.4
545960  11570234929479.1
545960  12390114833490.7
545960  12413369104324.6
553439  6908238269594.64
553439  7153585614287.95
553439  10350250340572.4
553439  11570176978094.1
553439  12432722874159.2
553439  12454684761738
560917  6982777683672.43
560917  7227608299692.43
560917  10350249987162.7
560917  11570121326144.1
560917  12447537158708.2
560917  12466592844241.4
568396  7054475174092.87
568396  7304589544357.87
568396  10350249629406.9
568396  11570067852476.1
568396  12490113966950.2
568396  12511902843322.7
575875  7127775954346.4
575875  7376727624772.93
575875  10350249265867.2
575875  11570016444820.4
575875  12534969042256.5
575875  12554890982111.9
583354  7197125212891.04
583354  7452086442595.57
583354  10350248897238.2
583354  11569966999287
583354  12573367348288.6
590833  7268590483477.79
590833  7521565280533.94
590833  10350248522929.3
590833  11569919416804.1
590833  12594570841531.9
590833  12613040169251
598312  7337138537808.9
598312  7593935524195.14
598312  10350248144069.1
598312  11569873603310.8
598312  12640053973535.1
598312  12658793589692.4
605791  7404178762641.23
605791  7662508625560.14
605791  10350247760242
605791  11569829474910.4
605791  12688371838440.7
605791  12704002419799.5
613270  7472378904542.34
613270  7730384566873.6
613270  10350247371077.3
613270  11569786947514.7
613270  12728348995550.5
620749  7537643274149.7
620749  7800246917707.25
620749  10350246976730.8
620749  11569745944786.8
620749  12769954687619.2
628227  7601114694798.84
628227  7863965204757.66
628227  10350246577008.2
628227  11569706395466.5
628227  12797334644049.1
628227  12808153004593.7
635706  7666249303032.46
635706  7928279492163.07
635706  10350246172242.4
635706  11569668231555.8
635706  12845445388543.5
635706  12857865374452.4
643185  7728884794308.12
643185  7993330111818.82
643185  10350245762019.1
643185  11569631389472.9
643185  12894425722645.5
643185  12906477215623.5
650664  7789625591646.46
650664  8055699870306.07
650664  10350245347275.1
650664  11569595808038.2
650664  12944214431876.1
650664  12955054216198.9
658143  7848830161722.2
658143  8115409430447.49
658143  10350244926725.9
658143  11569561430434.4
658143  12994627191648.2
658143  13003887758735.5
665622  7908853454753.45
665622  8174746042488
665622  10350244500872.9
665622  11569528202679.7
665622  13045363506200.9
665622  13053068524644
673101  7967362906482.27
673101  8233565371428.29
673101  10350244069521.6
673101  11569496075070
673101  13096128597659.9
673101  13102599115270.2
680580  8024271652455.09
680580  8291679640277.32
680580  10350243633557.9
680580  11569464998187.7
680580  13146809263225.9
680580  13152409462493.5
688059  8079784369946.8
688059  8348861092225.24
688059  10350243192178.2
688059  11569434927911.2
688059  13197528976423.3
688059  13202318192347.4
695538  8134033409489.83
695538  8402987138740.48
695538  10350242744498
695538  11569405820450.2
695538  13248534617624.1
695538  13251889359151.6
703016  8187104591108.1
703016  8455702130095.55
703016  10350242291787.9
703016  11569377635021.3
703016  13308433920692.6
710495  8239052260643.12
710495  8507366336798.55
710495  10350241833635.2
710495  11569350334193.1
710495  13364933269624.7
717974  8289908217125.62
717974  8557940407482.99
717974  10350241370015.1
717974  11569323879048
717974  13422709030985.3
725453  8339686869024.33
725453  8607417024730.04
725453  10350240901414
725453  11569298236056.3
725453  13481683787010.5
732932  8388387807688.11
732932  8655823467326
732932  10350240426781.6
732932  11569273373534
732932  13541892209512.5
740411  8435996308915.63
740411  8703220192294.95
740411  10350239946263.1
740411  11569249258554.8
740411  13603363129920.9
747890  8482481815996.19
747890  8749498183174.18
747890  10350239459961.3
747890  11569225862626.5
747890  13666099182570.7
755369  8527793985021.26
755369  8792441020146.39
755369  10350238968612.5
755369  11569203155938.6
755369  13730037677671.1
762848  8571855269907.8
762848  8834480086911.81
762848  10350238472143.4
762848  11569181112231.4
762848  13795108336373.9
770327  8614547983015.84
770327  8875883227362.5
770327  10350237969507
770327  11569159706225
770327  13861427751676
777805  8655691782412.23
777805  8916883335392.79
777805  10350237461355
777805  11569138914611.9
777805  13928946022852.6
785284  8696190430080.65
785284  8957672149179.56
785284  10350236947147.9
785284  11569118712517.3
785284  13997787602210.6
785284  14001804857883.3
792763  8736670014279.19
792763  8997284719230.79
792763  10350236427487.5
792763  11569099077312.1
792763  14067309596253.8
800242  8775692538524.81
800242  9032228830504.02
800242  10350235902300.1
800242  11569079990467.4
800242  14147592338119.4
800242  14150856197115.5
807721  8812971624330.22
807721  9068262451801.56
807721  10350235371090.1
807721  11569061429686.2
807721  14197726088389
807721  14205340745582
815200  8848475269028.62
815200  9105281537298.99
815200  10350234833700.6
815200  11569043375205.5
815200  14296795511776.5
815200  14300622802448.4
822679  8885167207095.4
822679  9138386899631.36
822679  10350234291102.5
822679  11569025810123.1
822679  14344384087651.4
822679  14360129139202.5
830158  8920050614758.03
830158  9170386411016.81
830158  10350233741884.4
830158  11569008716514.7
830158  14436838756117.5
830158  14452258233316.9
837637  8952514846869.32
837637  9204671823302.01
837637  10350233186928
837637  11568992078099
837637  14492026729902.5
837637  14516007322989.2
845116  8986117772705.97
845116  9234011848909.97
845116  10350232625989.8
845116  11568975878296.7
845116  14576053030992.4
845116  14606355242873.1
852594  9018209383131.99
852594  9264144905924.48
852594  10350232058867.8
852594  11568960101301.1
852594  14641565705202.2
852594  14678287293622.4
860073  9047908771341.72
860073  9295361459532.89
860073  10350231486018.8
860073  11568944734209.9
860073  14724098072819.2
860073  14763890134789.8
867552  9079194278502.8
867552  9321109604029.07
867552  10350230906913.5
867552  11568929762757.1
867552  14793644246809.3
867552  14853212417253.5
875031  9107807055365.12
875031  9351805366153.15
875031  10350230321306
875031  11568915171468
875031  14877870963679.8
875031  14928313939474.3
882510  9136469979416.21
882510  9375105841519.4
882510  10350229730222
882510  11568900948606
882510  14948289191038.7
882510  15014561481728
889989  9164193868234.04
889989  9403689184445.32
889989  10350229132760.3
889989  11568887081987.1
889989  15034687522133
889989  15104325286455.5
897468  9190568439839.33
897468  9425883046391.97
897468  10350228528879.6
897468  11568873560144.9
897468  15115305857630.7
897468  15185729543584
904947  9217136276308.95
904947  9453134924278.12
904947  10350227919067
904947  11568860370584.3
904947  15193540172716.2
904947  15270966287249.7
912426  9241798014441.82
912426  9473535969555.66
912426  10350227302669.7
912426  11568847503648.7
912426  15279802678885.5
912426  15360717929384.5
919905  9266992080143.96
919905  9500396249777.32
919905  10350226679766.1
919905  11568834948802.7
919905  15360709301153.4
919905  15452198776445.8
927383  9290346677982.85
927383  9518520889918.89
927383  10350226050431.5
927383  11568822695740.2
927383  15443181525113.6
927383  15536622057717.4
934862  9313937105457.73
934862  9541921910807.09
934862  10350225414780.3
934862  11568810735044.2
934862  15530814088326.7
934862  15624523752433.8
942341  9336324139454.78
942341  9561537492328.33
942341  10350224772764.3
942341  11568799057881.1
942341  15615432000125
942341  15715509401967.3
949820  9357998919370.22
949820  9580946852697.91
949820  10350224123018
949820  11568787653615.2
949820  15697521872340.4
949820  15808046642652.3
957299  9379768735194.24
957299  9603351989054.58
957299  10350223467488.4
957299  11568776515490.3
957299  15787276039167.4
957299  15901557129127.7
964778  9399220377826.03
964778  9619087969859.78
964778  10350222805917.1
964778  11568765633637.8
964778  15875771965338.6
964778  15990694598867.5
972257  9420621295638.22
972257  9639017818425.43
972257  10350222136829.5
972257  11568755003532
972257  15962184902913
972257  16081307493262.1
979736  9439610232006.62
979736  9657255324170.82
979736  10350221461120.7
979736  11568744614691.8
979736  16047821376932.8
979736  16173967116179.6
987215  9458646506637.64
987215  9672342406594.79
987215  10350220778382.7
987215  11568734458889.8
987215  16139237408744.7
987215  16267892538836.8
994694  9477564940850.96
994694  9691501391282.1
994694  10350220089266.9
994694  11568724531637
994694  16230086500991.4
994694  16362701214774.7
1.00217e+06  9494656867832.68
1.00217e+06  9707523730051.22
1.00217e+06  10350219393241.4
1.00217e+06  11568714825461.8
1.00217e+06  16320149795161.5
1.00217e+06  16458181680915.5
1.00965e+06  9512767123661.02
1.00965e+06  9721157033269.58
1.00965e+06  10350218690016.7
1.00965e+06  11568705334792.8
1.00965e+06  16409142733418.2
1.00965e+06  16554206078739.8
1.01713e+06  9529871284087.6
1.01713e+06  9738190454556.87
1.01713e+06  10350217979687.2
1.01713e+06  11568696050210.5
1.01713e+06  16498329669033
1.01713e+06  16650691480678.4
1.02461e+06  9545534992660.27
1.02461e+06  9754582831860.98
1.02461e+06  10350217261964.3
1.02461e+06  11568686968411.4
1.02461e+06  16591659430619.5
1.02461e+06  16745388691290.9
1.03209e+06  9562288161876.42
1.03209e+06  9766191339729.94
1.03209e+06  10350216537361.5
1.03209e+06  11568678082461.4
1.03209e+06  16684863266331.2
1.03209e+06  16840580681148.5
1.03957e+06  9578095150247.18
1.03957e+06  9780258806890.68
1.03957e+06  10350215805352.8
1.03957e+06  11568669388757.6
1.03957e+06  16777915431247
1.03957e+06  16936664107930.3
1.04705e+06  9592631414858.24
1.04705e+06  9798312444205.21
1.04705e+06  10350215065874.8
1.04705e+06  11568660880107.3
1.04705e+06  16870795461301.4
1.04705e+06  17033450337669.6
1.05452e+06  9607631428383.09
1.05452e+06  9808696737551.88
1.05452e+06  10350214318975.9
1.05452e+06  11568652549769.2
1.05452e+06  16963490110955.9
1.05452e+06  17130816618865.8
1.062e+06  9622544961054.29
1.062e+06  9819676882715.83
1.062e+06  10350213564814.3
1.062e+06  11568644394480.2
1.062e+06  17055995519139.4
1.062e+06  17228679428369.7
1.06948e+06  9636205166419.42
1.06948e+06  9833011958955.92
1.06948e+06  10350212803583.6
1.06948e+06  11568636409505.4
1.06948e+06  17149038214975
1.06948e+06  17326979899148.1
1.07696e+06  9649064735585.48
1.07696e+06  9850045633719.22
1.07696e+06  10350212034302.6
1.07696e+06  11568628591466.8
1.07696e+06  17244678292560.1
1.07696e+06  17425675395720.1
1.08444e+06  9663321672490.93
1.08444e+06  9858315639865.48
1.08444e+06  10350211257013.9
1.08444e+06  11568620932740.1
1.08444e+06  17340443825006.5
1.08444e+06  17524734419127.4
1.09192e+06  9676395294936.09
1.09192e+06  9867866685531.99
1.09192e+06  10350210473104.2
1.09192e+06  11568613430950.9
1.09192e+06  17436347273035.8
1.09192e+06  17624133408972.5
1.0994e+06  9688572061229.57
1.0994e+06  9879260862906.58
1.0994e+06  10350209680582.9
1.0994e+06  11568606080996.8
1.0994e+06  17532403103413.3
1.0994e+06  17723854677490.2
1.10688e+06  9700191402928.62
1.10688e+06  9893465599706.8
1.10688e+06  10350208880159.1
1.10688e+06  11568598878938.5
1.10688e+06  17628627332391
1.10688e+06  17823885044662.5
1.11436e+06  9713125354869.65
1.11436e+06  9904264734368.02
1.11436e+06  10350208071861.5
1.11436e+06  11568591822069.8
1.11436e+06  17725036985133.9
1.11436e+06  17924214923512.9
1.12183e+06  9724926258450.44
1.12183e+06  9911919532899.11
1.12183e+06  10350207254942.6
1.12183e+06  11568584904233.2
1.12183e+06  17821649492468.1
1.12183e+06  18024837706586.3
1.12931e+06  9735975943664.92
1.12931e+06  9920771575442.58
1.12931e+06  10350206430313.5
1.12931e+06  11568578123749.1
1.12931e+06  17918482056280
1.12931e+06  18125749357994.4
1.13679e+06  9746519913656.04
1.13679e+06  9931324798426.59
1.13679e+06  10350205597880.7
1.13679e+06  11568571478027.2
1.13679e+06  18015551020755.6
1.13679e+06  18226948156109.6
1.14427e+06  9757801380225.57
1.14427e+06  9944427033712.71
1.14427e+06  10350204756348.1
1.14427e+06  11568564960209.4
1.14427e+06  18112871283402.6
1.14427e+06  18328434548138.4
1.15175e+06  9768725662519.65
1.15175e+06  9953757665977.13
1.15175e+06  10350203906718.6
1.15175e+06  11568558568037.5
1.15175e+06  18210455778599.8
1.15175e+06  18430211093561.5
1.15923e+06  9778915492875.41
1.15923e+06  9960181459337.89
1.15923e+06  10350203049146.3
1.15923e+06  11568552299621.8
1.15923e+06  18308315063605.9
1.15923e+06  18532282485419.5
1.16671e+06  9788600930393.28
1.16671e+06  9967493521696.02
1.16671e+06  10350202182376.3
1.16671e+06  11568546150741.2
1.16671e+06  18406457023236.7
1.16671e+06  18634655641580.7
1.17419e+06  9797938512542.3
1.17419e+06  9976015288612.65
1.17419e+06  10350201306745.7
1.17419e+06  11568540119081.5
1.17419e+06  18504886701888.1
1.17419e+06  18737339865114.4
1.18167e+06  9808036567532.86
1.18167e+06  9986252832877.01
1.18167e+06  10350200423008.5
1.18167e+06  11568534201531.8
1.18167e+06  18603606264075.2
1.18167e+06  18840347079149.1
1.18914e+06  9817675035882.4
1.18914e+06  9999052005794.23
1.18914e+06  10350199529770.9
1.18914e+06  11568528393594
1.18914e+06  18702615072911.9
1.18914e+06  18943692142851.3
1.19662e+06  9826727069960.95
1.19662e+06  10004596670742.4
1.19662e+06  10350198627359.3
1.19662e+06  11568522696425.7
1.19662e+06  18801909867674.1
1.19662e+06  19047393264793.7
1.2041e+06  9835366093537.43
1.2041e+06  10010031453235.6
1.2041e+06  10350197715767.3
1.2041e+06  11568517102845
1.2041e+06  18901485022345.1
1.2041e+06  19150964723726.8
1.21158e+06  9843713656108.26
1.21158e+06  10016152313572.5
1.21158e+06  10350196795092.3
1.21158e+06  11568511613320.7
1.21158e+06  19001332859386.6
1.21158e+06  19253879508938.8
1.21906e+06  9852128171467.55
1.21906e+06  10023177552698.9
1.21906e+06  10350195865456.8
1.21906e+06  11568506223360.2
1.21906e+06  19101443996170.6
1.21906e+06  19357036311755.6
1.22654e+06  9860935486071.01
1.22654e+06  10031433791621.6
1.22654e+06  10350194925904.6
1.22654e+06  11568500933110.8
1.22654e+06  19201807702802.6
1.22654e+06  19460445078660.1
1.23402e+06  9869170548027.84
1.23402e+06  10041432842228.2
1.23402e+06  10350193976419.3
1.23402e+06  11568495737518.8
1.23402e+06  19302412252204.8
1.23402e+06  19564117605712.7
1.2415e+06  9876994355687.3
1.2415e+06  10051125991263.7
1.2415e+06  10350193017907.9
1.2415e+06  11568490635583.1
1.2415e+06  19403245249527.8
1.2415e+06  19668067820675.8
1.24898e+06  9884520755199.27
1.24898e+06  10055198357552.8
1.24898e+06  10350192049409.1
1.24898e+06  11568485623950.7
1.24898e+06  19504293930831.6
1.24898e+06  19772312126871
1.25645e+06  9891832761910.64
1.25645e+06  10059678971372.4
1.25645e+06  10350191070587.9
1.25645e+06  11568480702098.5
1.25645e+06  19605545422947.8
1.25645e+06  19876869824134.4
1.26393e+06  9898992554004.78
1.26393e+06  10064669654778.5
1.26393e+06  10350190081714
1.26393e+06  11568475867138.4
1.26393e+06  19706986963422.8
1.26393e+06  19981763626982.5
1.27141e+06  9906651104994.32
1.27141e+06  10070311136660
1.27141e+06  10350189082037.3
1.27141e+06  11568471116426.9
1.27141e+06  19808606080060
1.27141e+06  20087020306402.4
1.27889e+06  9913946255586.79
1.27889e+06  10076803674303.1
1.27889e+06  10350188072325.1
1.27889e+06  11568466449049.2
1.27889e+06  19910390730726.4
1.27889e+06  20192671491253.2
1.28637e+06  9920873724994.32
1.28637e+06  10084442312896.8
1.28637e+06  10350187052118.7
1.28637e+06  11568461862718
1.28637e+06  20012329408603.5
1.28637e+06  20298754674007
1.29385e+06  9927528832911.28
1.29385e+06  10093680621177.9
1.29385e+06  10350186021196.7
1.29385e+06  11568457356462.6
1.29385e+06  20114411215036.3
1.29385e+06  20403671242299.8
1.30133e+06  9933982217576.69
1.30133e+06  10101279025764.6
1.30133e+06  10350184979495.6
1.30133e+06  11568452926229
1.30133e+06  20216625905621.6
1.30133e+06  20508481751678.9
1.30881e+06  9940287497216.79
1.30881e+06  10104469998194.7
1.30881e+06  10350183926588
1.30881e+06  11568448572402.1
1.30881e+06  20318963913795.9
1.30881e+06  20613582180722.4
1.31629e+06  9946486249050.09
1.31629e+06  10107941291906.7
1.31629e+06  10350182862308.3
1.31629e+06  11568444291995.4
1.31629e+06  20421416355931.4
1.31629e+06  20718994626993.1
1.32377e+06  9952832124229.66
1.32377e+06  10111751836670.2
1.32377e+06  10350181786870.1
1.32377e+06  11568440083391.9
1.32377e+06  20523975022183.1
1.32377e+06  20824744915827.6
1.33124e+06  9959174783919.48
1.33124e+06  10115979272474.2
1.33124e+06  10350180699704.4
1.33124e+06  11568435945407.4
1.33124e+06  20626632356636.4
1.33124e+06  20930863326415.5
1.33872e+06  9965201629411.37
1.33872e+06  10120728022336.2
1.33872e+06  10350179600596.2
1.33872e+06  11568431876382.3
1.33872e+06  20729381429186.9
1.33872e+06  21037385496735.5
1.3462e+06  9970988697431.97
1.3462e+06  10126141973406.8
1.3462e+06  10350178489295.4
1.3462e+06  11568427875985.8
1.3462e+06  20832215902257.5
1.3462e+06  21144353565238.5
1.35368e+06  9976593422774.03
1.35368e+06  10132425105251.3
1.35368e+06  10350177366081.3
1.35368e+06  11568423941791.2
1.35368e+06  20935129994004.7
1.35368e+06  21251303577119.6
1.36116e+06  9982060107680.46
1.36116e+06  10139876567124.8
1.36116e+06  10350176230871.5
1.36116e+06  11568420070810.9
1.36116e+06  21038118439998.2
1.36116e+06  21356981408080.8
1.36864e+06  9987423574172.55
1.36864e+06  10148953581805.9
1.36864e+06  10350175082423.2
1.36864e+06  10441282258259.5
1.36864e+06  11568416263127.4
1.36864e+06  21141176454391.7
1.36864e+06  21462967996550.3
1.37612e+06  9992711655686.12
1.37612e+06  10152049359042
1.37612e+06  10350173921832.2
1.37612e+06  10441189407989.3
1.37612e+06  11568412516968.4
1.37612e+06  21244299691018.4
1.37612e+06  21569290481618.5
1.3836e+06  9997946961900.91
1.3836e+06  10154487819425.2
1.3836e+06  10350172748125.6
1.3836e+06  10441096028955.4
1.3836e+06  11568408831275.7
1.3836e+06  21347484206727.9
1.3836e+06  21675980569728.5
1.39108e+06  10003278565344.6
1.39108e+06  10157116361561
1.39108e+06  10350171560618.3
1.39108e+06  10441002151050.9
1.39108e+06  11568405206369.1
1.39108e+06  21450969058144.5
1.39108e+06  21783075465471.1
1.39855e+06  10008473798103.8
1.39855e+06  10159968772189.1
1.39855e+06  10350170360265.5
1.39855e+06  10440907689809.8
1.39855e+06  11568401638341.1
1.39855e+06  21555317245646.6
1.39855e+06  21890619044026.7
1.40603e+06  10013452234391.1
1.40603e+06  10163087767154.6
1.40603e+06  10350169145455.6
1.40603e+06  10440812739134.2
1.40603e+06  11568398127511.9
1.40603e+06  21659656378686.6
1.40603e+06  21998663340366.7
1.41351e+06  10018261429076.4
1.41351e+06  10166528155781.8
1.41351e+06  10350167917235.2
1.41351e+06  10440717208512.9
1.41351e+06  11568394671130.5
1.41351e+06  21763987296549.5
1.41351e+06  22105300846839.5
1.42099e+06  10022938581282.4
1.42099e+06  10170361461510.5
1.42099e+06  10350166674441.8
1.42099e+06  10440621158472.2
1.42099e+06  11568391268650
1.42099e+06  21868310955444.7
1.42099e+06  22211906494711.4
1.42847e+06  10027513264840
1.42847e+06  10174682830792.5
1.42847e+06  10350165417372.1
1.42847e+06  10440524552749.8
1.42847e+06  11568387920204.6
1.42847e+06  21972628387969.9
1.42847e+06  22318862473336.3
1.43595e+06  10032009352454.4
1.43595e+06  10179621680862.1
1.43595e+06  10350164145363
1.43595e+06  10440427417153
1.43595e+06  11568384625301.6
1.43595e+06  22076940671706.9
1.43595e+06  22426203988908.1
1.44343e+06  10036446379862.1
1.44343e+06  10185358676370
1.44343e+06  10350162858300
1.44343e+06  10440329730613.7
1.44343e+06  11568381378350
1.44343e+06  22181248904025.1
1.44343e+06  22533972346743.5
1.45091e+06  10040840540751.8
1.45091e+06  10192153911770.9
1.45091e+06  10350161556578
1.45091e+06  10440231454607.2
1.45091e+06  11568378184718.7
1.45091e+06  22285554182628.7
1.45091e+06  22642216274046.8
1.45839e+06  10045205430136.6
1.45839e+06  10200067131366.6
1.45839e+06  10350160238329.9
1.45839e+06  10440132690150.6
1.45839e+06  11568375038498
1.45839e+06  22389857590899.3
1.45839e+06  22750742994758.3
1.46586e+06  10049552580885.3
1.46586e+06  10201656435206.1
1.46586e+06  10350158904386.5
1.46586e+06  10440033354689.6
1.46586e+06  11568371939013.6
1.46586e+06  22494160185961.5
1.46586e+06  22857677071453.9
1.47334e+06  10053836870460.6
1.47334e+06  10203343176048.7
1.47334e+06  10350157553458.8
1.47334e+06  10439933521134
1.47334e+06  11568368887819.9
1.47334e+06  22598462990843.1
1.47334e+06  22964956088608.7
1.48082e+06  10057953309921.9
1.48082e+06  10205140524139.9
1.48082e+06  10350156186415.5
1.48082e+06  10439833100286.4
1.48082e+06  11568365882271.1
1.48082e+06  22703571509762.9
1.48082e+06  23072614956170.2
1.4883e+06  10061932279110.6
1.4883e+06  10207064265310.3
1.4883e+06  10350154802308.4
1.4883e+06  10439732132446.1
1.4883e+06  11568362921863.1
1.4883e+06  22809050159549.8
1.4883e+06  23180694500757.5
