0  99559943037.7699
0  100600203529.665
0  10395475516407.6
0  11595942624299.9
7478.9  198637432541.605
7478.9  204070731474.083
7478.9  10395475515266.1
7478.9  11596202147776.4
14957.8  297434768127.567
14957.8  306454243315.45
14957.8  10395475513363.5
14957.8  11596656376834.8
22436.7  396042447617.626
22436.7  409056920709.551
22436.7  10395475510699.5
22436.7  11597343769515.2
29915.6  494720657744.292
29915.6  511342651545.625
29915.6  10395475507274.2
29915.6  11569991620151.4
29915.6  11570004316961.4
29915.6  11598333400364.7
37394.5  593735104935.154
37394.5  613682506566.535
37394.5  10395475503087.2
37394.5  11569395775030.9
37394.5  11570485064052.2
37394.5  11599751585941.1
44873.4  692605759829.732
44873.4  716000898014.968
44873.4  10395475498138.4
44873.4  11569003541447.6
44873.4  11571269140322.3
44873.4  11600919709686
52352.3  791333423282.374
52352.3  818163534310.998
52352.3  10395475492427.5
52352.3  11568732647442.3
52352.3  11572727837634.3
52352.3  11602335314370.2
59831.2  889936553219.795
59831.2  920485212196.811
59831.2  10395475485954
59831.2  11568537674845.8
59831.2  11575322050155.1
59831.2  11604315506867.1
67310.1  988764316868.807
67310.1  1022485133694.54
67310.1  10395475478717.8
67310.1  11568392343049.8
67310.1  11576880021670.4
67310.1  11606187019526.9
74789  1087451720296.02
74789  1124715962611.5
74789  10395475470718.2
74789  11568280750744
74789  11579108008257.5
74789  11608342925115.1
82267.9  1185987418342.53
82267.9  1226619887244.03
82267.9  10395475461954.8
82267.9  11568192884795.3
82267.9  11581426467465.2
82267.9  11610853861991.3
89746.8  1284480235094.66
89746.8  1328590885064.51
89746.8  10395475451665.1
89746.8  11568122209610.3
89746.8  11583908761161.1
89746.8  11613394887083
97225.7  1383011114896.19
97225.7  1430539189488.35
97225.7  10395475441372.5
97225.7  11568064321876.8
97225.7  11586632867111.1
97225.7  11616271463834.4
104705  1481373091429.02
104705  1532267608742.32
104705  10395475430314.4
104705  11568016169441.5
104705  11589549988511.2
104705  11619479023683.8
112183  1579617665775.52
112183  1634047851154.21
112183  10395475418490.2
112183  11567975581515.7
112183  11592638231006.1
112183  11622576261404.2
119662  1677900473319.23
119662  1735705687582.62
119662  10395475405899.2
119662  11567940978956.4
119662  11595984342838.6
119662  11626181741284.4
127141  1775985138465.12
127141  1837199737295.74
127141  10395475391524.9
127141  11567911187787.3
127141  11599488659859.7
127141  11630124530458.7
134620  1874002569706.82
134620  1938675075934.3
134620  10395475377397.7
134620  11567885318214.8
134620  11603259574912.2
134620  11633955431650.7
142099  1971939355069.36
142099  2040091964297.95
142099  10395475363517
142099  11567862686163
142099  11607253911324.1
142099  11638101641893.8
149578  2069678203152.32
149578  2141258994586.51
149578  10395475347850.5
149578  11567842755688.2
149578  11611453677789.2
149578  11642552902550.5
157057  2167413935079.02
157057  2242353909215.35
157057  10395475331074.3
157057  11567825100920.8
157057  11615867350246.7
157057  11647268074862
164536  2264895535455.39
164536  2343356684147.58
164536  10395475313864.5
164536  11567809380164.6
164536  11620513626536.5
164536  11652231398873.2
172015  2362376383425.68
172015  2444247838395.22
172015  10395475295881.6
172015  11567795316074
172015  11625411425244.2
172015  11657444831088.4
179494  2459602408618.48
179494  2545007941861.88
179494  10395475277124.2
179494  11567782680377.3
179494  11630573109750.5
179494  11662926234841
186972  2556769033702.61
186972  2645550687487.31
186972  10395475257591.5
186972  11567771283891.2
186972  11636000901667.4
186972  11668712078679.8
194451  2653728208565.11
194451  2745953902700.59
194451  10395475237282.2
194451  11567760968520.3
194451  11641686704554.2
194451  11674865893826.6
201930  2750510854962.05
201930  2846204842699.98
201930  10395475216533.4
201930  11567751600680
201930  11647614739831.6
201930  11681009489801.2
209409  2847181198071.24
209409  2946292371180.82
209409  10395475194666.9
209409  11567743067913.8
209409  11653765624349.2
209409  11687482836563.6
216888  2943624882121.35
216888  3046207049867.05
216888  10395475172020.2
216888  11567735274162.8
216888  11660147442529.9
216888  11694455806187.2
224367  3039854844985.66
224367  3145941151230.47
224367  10395475148591.4
224367  11567728136800.6
224367  11666993231721.6
224367  11701480723481.5
231846  3135952381248.6
231846  3245488601204.26
231846  10395475124379.3
231846  11567721583648.6
231846  11673971314687.2
231846  11708941483744.4
239325  3231833207250.54
239325  3344829200881.76
239325  10395475099382.2
239325  11567715553364.3
239325  11681307578315.6
239325  11716620351247.1
246804  3327487048125.85
246804  3443911039533.9
246804  10395475073599.2
246804  11567709992862
246804  11688906483522.2
246804  11724804853822.7
254283  3422912519911.46
254283  3542786026871.03
254283  10395475047028
254283  11567704854205.7
254283  11696868096357.2
254283  11732994615952.4
261761  3518104808781.58
261761  3641455405448.49
261761  10395475019666.9
261761  11567700096263.3
261761  11704980632864.8
261761  11741684981519.2
269240  3613056059773.01
269240  3739913958592.57
269240  10395474992529.5
269240  11567695683097.9
269240  11713649141906.2
269240  11750767886657.5
276719  3707755528886.77
276719  3838031066265.17
276719  10395474962484.4
276719  11567691582583.4
276719  11722577544056.1
276719  11760190057548
284198  3802189540507.28
284198  3935949102021.47
284198  10395474932743.9
284198  11567687765020.4
284198  11731808744216.2
284198  11769904047693.4
291677  3896341268440.06
291677  4033564162214.11
291677  10395474902544.8
291677  11567684206763.4
291677  11741385034602.4
291677  11779973020777.4
299156  3990190329635.81
299156  4130913231253.65
299156  10395474871208.8
299156  11567680883033.6
299156  11751338086162.4
299156  11790357271384.3
306635  4083791787909.87
306635  4227934800790.48
306635  10395474839832.6
306635  11567677775725.3
306635  11761681358662.6
306635  11801091419637.8
314114  4177070321725.66
314114  4324697353084.01
314114  10395474806892.9
314114  11567674866029.6
314114  11772407814703.8
314114  11812236228442.6
321593  4269983018683.29
321593  4421079849732.64
321593  10395474773148.1
321593  11567672138172.6
321593  11783493578079.8
321593  11823883554588.7
329072  4362634865051.34
329072  4517132236599.94
329072  10395474738596.6
329072  11567669577076.4
329072  11794905500709.7
329072  11835905110034.5
336550  4454871901835.57
336550  4612846610918.26
336550  10395474703235
336550  11567667169467.7
336550  11806961400986.2
336550  11848282954199.9
344029  4546810918710.76
344029  4708197700577.8
344029  10395474667061.9
344029  11567664903434.2
344029  11819267663735.7
344029  11861173018737.6
351508  4638346013204.99
351508  4803165270406.46
351508  10395474631089.1
351508  11567662767796.7
351508  11832148475975.3
351508  11874541013723.1
358987  4729478195349.55
358987  4897734624702.48
358987  10395474592947.7
358987  11567660754014.7
358987  11845325675319.1
358987  11888214235855.5
366466  4820219321512.74
366466  4991896735955.45
366466  10395474554663.5
366466  11567658852157.3
366466  11859120615299.9
366466  11902438563497.5
373945  4910557826871.58
373945  5085648010987.61
373945  10395474515219.8
373945  11567657055126.1
373945  11873400368447.4
373945  11917163546812.6
381424  5000454618185.35
381424  5178926012344
381424  10395474474191.3
381424  11567655354570.4
381424  11888155496487.7
381424  11932382969232.3
388903  5089897786361.85
388903  5271741276130.85
388903  10395474433096.8
388903  11567653744333.7
388903  11903416125741
388903  11948127785168.2
396382  5178902736119.61
396382  5364096923695.88
396382  10395474391172.6
396382  11567652217725.6
396382  11919183178746.9
396382  11964473377124.5
403861  5267417424148.17
403861  5455940555953.91
403861  10395474348416.5
403861  11567650769030
403861  11935527518495
403861  11981228956659.8
411339  5355404102677.02
411339  5547252917479
411339  10395474305838.5
411339  11567649393361.4
411339  11952547854711.4
411339  11998588974271
418818  5442914837893.35
418818  5638042369748.57
418818  10395474261409
418818  11567648086452.6
418818  11969958114049.2
418818  12016529656670.7
426297  5529848241278.79
426297  5728273614857.81
426297  10395474216138.1
426297  11567646842602.2
426297  11988217885735.4
426297  12035169423510.3
433776  5616271143883.39
433776  5817921279798.24
433776  10395474170022.5
433776  11567645658870.8
433776  12007003548131.6
433776  12054270630832.1
441255  5702110557365.67
441255  5906970788960.92
441255  10395474122047.1
441255  11567644530709.2
441255  12026418417696.5
441255  12074034802720.2
448734  5787353800904.81
448734  5995418358219.21
448734  10395474074234.3
448734  11567643455649.8
448734  12046531353253.3
448734  12094498864493
456213  5871984926640.9
456213  6083177517275.49
456213  10395474025567.4
456213  11567642430957.6
456213  12067354442726.5
456213  12115586762060.7
463692  5955977936185.32
463692  6170310980616.51
463692  10395473975282.7
463692  11567641452339.4
463692  12088842240689.3
463692  12137291452970.1
471171  6039324050809.09
471171  6256707138164.69
471171  10395473925910.6
471171  11567640517634.6
471171  12111105169711.4
471171  12159898135345.6
478650  6122014467710.91
478650  6342404820162.59
478650  10395473874999
478650  11567639623152.4
478650  12134121881857.4
478650  12182994771267.6
486128  6203991132202.29
486128  6427363865354.76
486128  10395473822543.8
486128  11567638766768.3
486128  12157989308959.2
486128  12206953477194.9
493607  6285249899736.44
493607  6511560130954.86
493607  10395473769554.7
493607  11567637948198.6
493607  12182626924894.6
493607  12231684896064.6
501086  6365791136393.18
501086  6594985692263.79
501086  10395473715690.9
501086  11567637163988.9
501086  12208091528343.2
501086  12257184122757.2
508565  6445562310267.5
508565  6677536028913
508565  10395473660946.3
508565  11567636412127.2
508565  12234363723142.9
508565  12283522837860
516044  6524554077576.61
516044  6759287821170.18
516044  10395473605318.9
516044  11567635690997.4
516044  12261641868367.9
516044  12310715403860.1
523523  6602759618929.52
523523  6840163753900.36
523523  10395473550913.2
523523  11567634999320.2
523523  12289697161782.9
523523  12338677772309.7
531002  6680104255267.98
531002  6920131925021.41
531002  10395473492748.3
531002  11567634336027
531002  12318836006785.5
531002  12367520652588.7
538481  6756639431852.18
538481  6999161806604.3
538481  10395473434108.9
538481  11567633698755.5
538481  12348877445942
538481  12397287064448.3
545960  6832289271703.12
545960  7077241836153.34
545960  10395473374906.5
545960  11567633085905.9
545960  12379839681764.5
545960  12427971554992.6
553439  6907044200684.56
553439  7154373729745.2
553439  10395473314800.3
553439  11567632496977.9
553439  12412000536479.6
553439  12459685218757.4
560917  6980877738822.37
560917  7230488519997.57
560917  10395473253785.2
560917  11567631931058.9
560917  12444974049200
560917  12492161421085
568396  7053787496061.38
568396  7305570234038.57
568396  10395473193204.9
568396  11567631385975.3
568396  12479205709176.4
568396  12525776566533
575875  7125732789220.49
575875  7379602176046.02
575875  10395473130357.7
575875  11567630860715.9
575875  12514444378142
575875  12560364484173.6
583354  7196714006205.41
583354  7452531207565.59
583354  10395473066587
583354  11567630355511.3
583354  12550841577259.9
583354  12595892833677.6
590833  7266689648215.98
590833  7524393602416.05
590833  10395473000793.3
590833  11567629868959.7
590833  12588400812336.6
590833  12632444016160.7
598312  7335639878590.38
598312  7595122200032.19
598312  10395472935162.5
598312  11567629398665.5
598312  12627096064401.5
598312  12670229801430.3
605791  7403571092165.74
605791  7664688456968.98
605791  10395472868930.2
605791  11567628946563.5
605791  12666959068341.5
605791  12708896878354.4
613270  7470432188614.11
613270  7733068102083.3
613270  10395472801417.3
613270  11567628509457.1
613270  12708031445594.2
613270  12748719088161.9
620749  7536241417016.35
620749  7800298461625.2
620749  10395472732956.3
620749  11567628086928.5
620749  12750203373684.9
620749  12789751889590.3
628227  7600953993930.02
628227  7866284167827.07
628227  10395472663203
628227  11567627679121.5
628227  12793831818605.9
628227  12831702802374.5
635706  7664562870376.45
635706  7931062023738.75
635706  10395472592827.5
635706  11567627285312.3
635706  12838645098371.1
635706  12875051779714.9
643185  7727075673463.04
643185  7994606706982.7
643185  10395472521066.2
643185  11567626905284.8
643185  12884629190598.6
643185  12919334015224.4
650664  7788447805135.78
650664  8056866875467.16
650664  10395472449765.1
650664  11567626537662.4
650664  12932123314476.1
650664  12964927653283.1
658143  7848683631395.64
658143  8117877255364.03
658143  10395472376476.3
658143  11567626182009.1
658143  12980690817012
658143  13011464186662.3
665622  7907778407118.8
665622  8177610996468.2
665622  10395472302203.9
665622  11567625837592.4
665622  13030659741082.9
665622  13059418996883.8
673101  7965706026372.33
673101  8236069455724.67
673101  10395472226606.1
673101  11567625504960.9
673101  13082071253862.8
673101  13108364963082
680580  8022491228082.59
680580  8293220365961.46
680580  10395472151443.1
680580  11567625182308.2
680580  13134533871546.6
680580  13158626039554.7
688059  8078100817819.14
688059  8349092507815.34
688059  10395472075192.5
688059  11567624870438.6
688059  13188607749788.5
688059  13210239066588.5
695538  8132543993469.47
695538  8403652642148.84
695538  10395471996167.7
695538  11567624568170.9
695538  13243862574135.3
695538  13262622677148.1
703016  8185808272482.96
703016  8456917025506.1
703016  10395471916884.4
703016  11567624275049
703016  13300300598927.1
703016  13316492514570.2
710495  8237918063345.52
710495  8508899762199.26
710495  10395471836578.3
710495  11567623991808.2
710495  13358510795926.4
710495  13371488269258.1
717974  8288847956180.45
717974  8559596843681.05
717974  10395471755243.5
717974  11567623715855.9
717974  13417936491286
717974  13427530674045.8
725453  8338619370625.03
725453  8608988890691.06
725453  10395471673879.7
725453  11567623447991.4
725453  13478597129062.8
725453  13485374244264.9
732932  8387232969463.5
732932  8657106942642.24
732932  10395471590465
732932  11567623189111.1
732932  13539864136756.5
732932  13541182444737.9
740411  8434677958580.78
740411  8703981527961.89
740411  10395471505326.6
740411  11567622937342.4
740411  13603465054921.4
747890  8480997446098.62
747890  8749605988168.04
747890  10395471418709.3
747890  11567622693596
747890  13666171883411.7
755369  8526176459409.77
755369  8793971097558.12
755369  10395471332117.8
755369  11567622456118.2
755369  13728467681052.4
755369  13731650099558.3
762848  8570221024641.6
762848  8837116066582.38
762848  10395471245459.1
762848  11567622225257.7
762848  13791085887706.1
762848  13799648308176
770327  8613175160871.87
770327  8879079825333.34
770327  10395471156709.7
770327  11567622001069.7
770327  13855108447164.7
770327  13867468952554.9
777805  8655003979444.72
777805  8919862782336.36
777805  10395471067206.4
777805  11567621784342.3
777805  13920881101621
777805  13936961690461.7
785284  8695772726333.96
785284  8959456160437.22
785284  10395470975930.9
785284  11567621573250.8
785284  13987672712425.1
785284  14007562073762.2
792763  8735462584204.72
792763  8997895777608.32
792763  10395470884135.9
792763  11567621367095.1
792763  14055205673265.7
792763  14079489478051.9
800242  8774108650767.74
800242  9035259945851.07
800242  10395470791727.3
800242  11567621168148.4
800242  14124165251253.8
800242  14152221002915.2
807721  8811722959346.97
807721  9071478880583.43
807721  10395470697772.2
807721  11567620974118.8
807721  14194094072652.8
807721  14226271793114
815200  8848317579522.72
815200  9106643928395.2
815200  10395470602010.7
815200  11567620784281.3
815200  14264962693959.5
815200  14301358303190.9
822679  8883914003264.94
822679  9140774231387.56
822679  10395470506447.9
822679  11567620599843.4
822679  14337106021247.3
822679  14377487633028.8
830158  8918540770592.78
830158  9173862102512.87
830158  10395470408304.6
830158  11567620420239.7
830158  14409960510462
830158  14454817459224.7
837637  8952212908495.67
837637  9205960509663.6
837637  10395470309416.1
837637  11567620245748.8
837637  14484015961876.5
837637  14532927806083.7
845116  8984934242031.44
845116  9237071027532.44
845116  10395470209354.3
845116  11567620075654.8
845116  14558951772508.3
845116  14612146614742.7
852594  9016770090414.16
852594  9267246929557.72
852594  10395470107773
852594  11567619909319.6
852594  14634769734028.8
852594  14692331897147.1
860073  9047702444802
860073  9296508564100.82
860073  10395470005666.2
860073  11567619748283.1
860073  14711630661071
860073  14773474909209.8
867552  9077763723335.35
867552  9324899793505.33
867552  10395469902020.7
867552  11567619592161.7
867552  14789274604355.8
867552  14855559421684.6
875031  9106976479236.74
875031  9352358121937.97
875031  10395469796403.7
875031  11567619438830.5
875031  14867871273268.2
875031  14938446180212.3
882510  9135353055204.87
882510  9379023540224.96
882510  10395469690983.4
882510  11567619289242.5
882510  14947274374078.3
882510  15022228352666.7
889989  9162945478098.71
889989  9404878569115.54
889989  10395469583988.4
889989  11567619143401.5
889989  15027505063543.8
889989  15106863576111
897468  9189733364214.8
897468  9429922117029.26
897468  10395469475408.2
897468  11567619001518.3
897468  15108528772868.7
897468  15192301624379.9
904947  9215775626291.55
904947  9454177265351.46
904947  10395469366319
904947  11567618862338.1
904947  15190308065485.2
904947  15278543043187.4
912426  9241074997249.82
912426  9477690650950.47
912426  10395469255452.1
912426  11567618726916.8
912426  15272942917245.1
912426  15365562992255.5
919905  9265649774794.34
919905  9500529498638.98
919905  10395469143046.4
919905  11567618595036.6
919905  15356253759181.6
919905  15453257256462.2
927383  9289527639002.12
927383  9522621042054.61
927383  10395469029341.1
927383  11567618466301.1
927383  15440265755496.3
927383  15541701156617.5
934862  9312738328309.66
934862  9544083759301.07
934862  10395468914656.8
934862  11567618340792.8
934862  15525000208493.5
934862  15630855362884.1
942341  9335271056058.12
942341  9564902032208.81
942341  10395468798980.5
942341  11567618218797.3
942341  15610443678993.1
942341  15720663639249.9
949820  9357187412798.6
949820  9585070306372.19
949820  10395468679540.2
949820  11567618098501
949820  15696555797816
949820  15811099562089.4
957299  9378472224607.04
957299  9604620548887.42
957299  10395468560500.3
957299  11567617981529.3
957299  15783279720328.4
957299  15902157817341.1
964778  9399155277565.71
964778  9623569539197.42
964778  10395468441428.4
964778  11567617866167.3
964778  15870597318844.8
964778  15993850762192.9
972257  9419260225231.1
972257  9641969722090.58
972257  10395468319303.5
972257  11567617755589.7
972257  15958560139832.6
972257  16086113794774.2
979736  9438805725056.3
979736  9659870656561.91
979736  10395468196113.1
979736  11567617646896.5
979736  16047093153882.7
979736  16178941619398.9
987215  9457806126094.66
987215  9677160289170.34
987215  10395468071093.1
987215  11567617539101.4
987215  16136172323112
987215  16272298153453.3
994694  9476271764043.85
994694  9693999384745.44
994694  10395467945729.9
994694  11567617434592.8
994694  16225803147429.8
994694  16366209064233.1
1.00217e+06  9494225401768.26
1.00217e+06  9710347948441.7
1.00217e+06  10395467819003.1
1.00217e+06  11567617332607.4
1.00217e+06  16315976375163.7
1.00217e+06  16460629693476.4
1.00965e+06  9511691805913.44
1.00965e+06  9726179518220.24
1.00965e+06  10395467690398.6
1.00965e+06  11567617233989.9
1.00965e+06  16406670546605.8
1.00965e+06  16555531310188.3
1.01713e+06  9528671976624.15
1.01713e+06  9741568433829.49
1.01713e+06  10395467560230.6
1.01713e+06  11567617135610.7
1.01713e+06  16497855341182.9
1.01713e+06  16650896562636.6
1.02461e+06  9545181516873.44
1.02461e+06  9756522370753.27
1.02461e+06  10395467427986
1.02461e+06  11567617040073.3
1.02461e+06  16589495048851.7
1.02461e+06  16746716919679.4
1.03209e+06  9561257414012.22
1.03209e+06  9771057675354.33
1.03209e+06  10395467294894.3
1.03209e+06  11567616946238.7
1.03209e+06  16681646445159
1.03209e+06  16842991307883.9
1.03957e+06  9576892803502.11
1.03957e+06  9785198901929.73
1.03957e+06  10395467159936.2
1.03957e+06  11567616856009.6
1.03957e+06  16774217291465.6
1.03957e+06  16939725539132.1
1.04705e+06  9592105254501.99
1.04705e+06  9798885533798.93
1.04705e+06  10395467023096.4
1.04705e+06  11567616767600.1
1.04705e+06  16867256776845.9
1.04705e+06  17036816592002.8
1.05452e+06  9606909461586.69
1.05452e+06  9812199557762.64
1.05452e+06  10395466884605.7
1.05452e+06  11567616679478.3
1.05452e+06  16960685912594.6
1.05452e+06  17134352771264.6
1.062e+06  9621317679607.02
1.062e+06  9825205118409.83
1.062e+06  10395466744941.9
1.062e+06  11567616593326.1
1.062e+06  17054540318336.3
1.062e+06  17232237964306
1.06948e+06  9635339984620.07
1.06948e+06  9837759566542.82
1.06948e+06  10395466604670.3
1.06948e+06  11567616509221.7
1.06948e+06  17148811315531.9
1.06948e+06  17330537769560.8
1.07696e+06  9649003439241.7
1.07696e+06  9850067978519.79
1.07696e+06  10395466461771.9
1.07696e+06  11567616428403.9
1.07696e+06  17243459258017
1.07696e+06  17429170823820.6
1.08444e+06  9662309141162.19
1.08444e+06  9861936685728.35
1.08444e+06  10395466316476.2
1.08444e+06  11567616347815.3
1.08444e+06  17338476831915
1.08444e+06  17528145842949.7
1.09192e+06  9675255429746.67
1.09192e+06  9873542243632.08
1.09192e+06  10395466172004.6
1.09192e+06  11567616269369.6
1.09192e+06  17433852617718.8
1.09192e+06  17627469038738.3
1.0994e+06  9687884455825.28
1.0994e+06  9884871474415.68
1.0994e+06  10395466024094.3
1.0994e+06  11567616192175.1
1.0994e+06  17529571936611.7
1.0994e+06  17727121329184.9
1.10688e+06  9700171174313.75
1.10688e+06  9895828598787.96
1.10688e+06  10395465874469.7
1.10688e+06  11567616116338.1
1.10688e+06  17625648045092.2
1.10688e+06  17827088351512.8
1.11436e+06  9712162396246.13
1.11436e+06  9906504627349.91
1.11436e+06  10395465723356.3
1.11436e+06  11567616043036.7
1.11436e+06  17722064947566.4
1.11436e+06  17927359498427.7
1.12183e+06  9723837241083.97
1.12183e+06  9916910589916.25
1.12183e+06  10395465569235.8
1.12183e+06  11567615969952.6
1.12183e+06  17818779093557.2
1.12183e+06  18027927264882.5
1.12931e+06  9735215131856.16
1.12931e+06  9927049490807.01
1.12931e+06  10395465414327.3
1.12931e+06  11567615899018.5
1.12931e+06  17915804225053.8
1.12931e+06  18128786807479.5
1.13679e+06  9746319963877.29
1.13679e+06  9936928182361.81
1.13679e+06  10395465258604.3
1.13679e+06  11567615831160.3
1.13679e+06  18013146348554.2
1.13679e+06  18229935659652.5
1.14427e+06  9757144163617.67
1.14427e+06  9946557286947.38
1.14427e+06  10395465099303.6
1.14427e+06  11567615763023.7
1.14427e+06  18110756923341
1.14427e+06  18331310114585
1.15175e+06  9767698944569.49
1.15175e+06  9955950933322.96
1.15175e+06  10395464938887.2
1.15175e+06  11567615695638.9
1.15175e+06  18208668700421.2
1.15175e+06  18432959339537.4
1.15923e+06  9777994182843.03
1.15923e+06  9965126350316.46
1.15923e+06  10395464777909.4
1.15923e+06  11567615630291.9
1.15923e+06  18306850925972
1.15923e+06  18534889652660.9
1.16671e+06  9788038659096.78
1.16671e+06  9974001445989.28
1.16671e+06  10395464613687.8
1.16671e+06  11567615565891
1.16671e+06  18405275681035.5
1.16671e+06  18637013013071.6
1.17419e+06  9797840232484.89
1.17419e+06  9982664626660.92
1.17419e+06  10395464447192.4
1.17419e+06  11567615503112.2
1.17419e+06  18503988436346.6
1.17419e+06  18739411176470.8
1.18167e+06  9807405975373.32
1.18167e+06  9991156274801.03
1.18167e+06  10395464280380.8
1.18167e+06  11567615441760.4
1.18167e+06  18602947840610.7
1.18167e+06  18842007122002.6
1.18914e+06  9816742270939.35
1.18914e+06  9999444296212.71
1.18914e+06  10395464110238.6
1.18914e+06  11567615380195.1
1.18914e+06  18702141742813.4
1.18914e+06  18944861384053.8
1.19662e+06  9825854861083.87
1.19662e+06  10007463887843.9
1.19662e+06  10395463937732.9
1.19662e+06  11567615322217.4
1.19662e+06  18801567781161.7
1.19662e+06  19047883713611.5
1.2041e+06  9834752296538.81
1.2041e+06  10015382787168.6
1.2041e+06  10395463763079.6
1.2041e+06  11567615263396
1.2041e+06  18901222246340.7
1.2041e+06  19151143445237
1.21158e+06  9843450446801.21
1.21158e+06  10023013352156.4
1.21158e+06  10395463586743.1
1.21158e+06  11567615206697.4
1.21158e+06  19001100225102.9
1.21158e+06  19254607714091.5
1.21906e+06  9851941951574.9
1.21906e+06  10030549764705.1
1.21906e+06  10395463409269.8
1.21906e+06  11567615150162.4
1.21906e+06  19101195763997.3
1.21906e+06  19358240484792
1.22654e+06  9860230479784.86
1.22654e+06  10037824802176.3
1.22654e+06  10395463228640
1.22654e+06  11567615096292.8
1.22654e+06  19201502044019.3
1.22654e+06  19462076740598
1.23402e+06  9868340496479.99
1.23402e+06  10045042744611.3
1.23402e+06  10395463045067.1
1.23402e+06  11567615042435
1.23402e+06  19302011557050.7
1.23402e+06  19566104848557.8
1.2415e+06  9876259929710.02
1.2415e+06  10051952212573
1.2415e+06  10395462860994.5
1.2415e+06  11567614989829.7
1.2415e+06  19402716278184.8
1.2415e+06  19670314895326.9
1.24898e+06  9884000097839.72
1.24898e+06  10058788576120.9
1.24898e+06  10395462674401.4
1.24898e+06  11567614937350.3
1.24898e+06  19503607828533.1
1.24898e+06  19774686670507.3
1.25645e+06  9891569476806.4
1.25645e+06  10065479476453.8
1.25645e+06  10395462484757.1
1.25645e+06  11567614886574.5
1.25645e+06  19604677623029.2
1.25645e+06  19879219261183.9
1.26393e+06  9898966766515.97
1.26393e+06  10071941853237.4
1.26393e+06  10395462293010.1
1.26393e+06  11567614836706.1
1.26393e+06  19705949129103.2
1.26393e+06  19983918166064.6
1.27141e+06  9906202793403.2
1.27141e+06  10078310064132.8
1.27141e+06  10395462097635.8
1.27141e+06  11567614787128.3
1.27141e+06  19807396676996.1
1.27141e+06  20088777408778.2
1.27889e+06  9913279890263.78
1.27889e+06  10084577695846
1.27889e+06  10395461900822.8
1.27889e+06  11567614738857.3
1.27889e+06  19908999546049.3
1.27889e+06  20193791848748.8
1.28637e+06  9920197392167.41
1.28637e+06  10090646334808.1
1.28637e+06  10395461701783.1
1.28637e+06  11567614691512.5
1.28637e+06  20010774140084.1
1.28637e+06  20298957071000.1
1.29385e+06  9926974043373.53
1.29385e+06  10096559308267.4
1.29385e+06  10395461500310.9
1.29385e+06  11567614645947.7
1.29385e+06  20112722794003
1.29385e+06  20404269298966.5
1.30133e+06  9933599132840.58
1.30133e+06  10102364465964.1
1.30133e+06  10395461296605.6
1.30133e+06  11567614599947.5
1.30133e+06  20214802075560.8
1.30133e+06  20509725323948.9
1.30881e+06  9940079970495.56
1.30881e+06  10108058548619.7
1.30881e+06  10395461089961.9
1.30881e+06  11567614555590.7
1.30881e+06  20317068483553.4
1.30881e+06  20615311403783.2
1.31629e+06  9946430941547.37
1.31629e+06  10113638971208.6
1.31629e+06  10395460880333.6
1.31629e+06  11567614511607.4
1.31629e+06  20419455771704.8
1.31629e+06  20721022405018
1.32377e+06  9952644793854.63
1.32377e+06  10119103905483.2
1.32377e+06  10395460668659.8
1.32377e+06  11567614468024.7
1.32377e+06  20522011337734.2
1.32377e+06  20826866073308.2
1.33124e+06  9958726697514.91
1.33124e+06  10124452387517
1.33124e+06  10395460453899.4
1.33124e+06  11567614425244.7
1.33124e+06  20624682705736.1
1.33124e+06  20932841044484.6
1.33872e+06  9964681283815.88
1.33872e+06  10129684365909.3
1.33872e+06  10395460235920
1.33872e+06  11567614383162.9
1.33872e+06  20727520718064.8
1.33872e+06  21038946298190.7
1.3462e+06  9970515828478.86
1.3462e+06  10134800754898.8
1.3462e+06  10395460014505.3
1.3462e+06  11567614342933.8
1.3462e+06  20830465290747.7
1.3462e+06  21145175257327.4
1.35368e+06  9976231384610.13
1.35368e+06  10139803455434
1.35368e+06  10395459790830.4
1.35368e+06  11567614303618.5
1.35368e+06  20933562319412.5
1.35368e+06  21251495086430.8
1.36116e+06  9981829658005.03
1.36116e+06  10144695349715
1.36116e+06  10395459565166.5
1.36116e+06  11567614263688.8
1.36116e+06  21036779212945.1
1.36116e+06  21357939971657.9
1.36864e+06  9987314216561.59
1.36864e+06  10149480273474
1.36864e+06  10395459334744.4
1.36864e+06  11567614224584.8
1.36864e+06  21140102750377.7
1.36864e+06  21464510057234.1
1.37612e+06  9992688368816.87
1.37612e+06  10154162957153.2
1.37612e+06  10395459102953.4
1.37612e+06  11567614185895.8
1.37612e+06  21243576188028.1
1.37612e+06  21571167856687.4
1.3836e+06  9997955217895.49
1.3836e+06  10158748963407.4
1.3836e+06  10395458867757.6
1.3836e+06  11567614147872.1
1.3836e+06  21347156839485.7
1.3836e+06  21677932513055.4
1.39108e+06  10003117690306.3
1.39108e+06  10163244584070.4
1.39108e+06  10395458627863.3
1.39108e+06  11567614112080.9
1.39108e+06  21450841689310.1
1.39108e+06  21784820262684.9
1.39855e+06  10008178561529.3
1.39855e+06  10167656738785
1.39855e+06  10395458386402.3
1.39855e+06  11567614075914.9
1.39855e+06  21554640906067.2
1.39855e+06  21891775992286.5
1.40603e+06  10013140492347.4
1.40603e+06  10171992860365
1.40603e+06  10395458139616.6
1.40603e+06  11567614040875
1.40603e+06  21658564312841
1.40603e+06  21998847588510.7
1.41351e+06  10018006034748.1
1.41351e+06  10176260769876.2
1.41351e+06  10395457890957.9
1.41351e+06  11567614005423.2
1.41351e+06  21762587547025.5
1.41351e+06  22106010754983.1
1.42099e+06  10022777662642.7
1.42099e+06  10180468558614.1
1.42099e+06  10395457637896.7
1.42099e+06  11567613970149.3
1.42099e+06  21866709805222.3
1.42099e+06  22213259784911
1.42847e+06  10027457775471.2
1.42847e+06  10184557135103.8
1.42847e+06  10395457381910.2
1.42847e+06  11567613936283
1.42847e+06  21970930121131.3
1.42847e+06  22320612375671.3
1.43595e+06  10032048716434.6
1.43595e+06  10188509419728.3
1.43595e+06  10395457121858.2
1.43595e+06  11567613904410.5
1.43595e+06  22075247374951.9
1.43595e+06  22428033866301.9
1.44343e+06  10036552777111.5
1.44343e+06  10192418713487
1.44343e+06  10395456858146.1
1.44343e+06  11567613870092.4
1.44343e+06  22179669349540
1.44343e+06  22535560646158.5
1.45091e+06  10040972204366.9
1.45091e+06  10196295622072.7
1.45091e+06  10395456592652.3
1.45091e+06  11567613839608.2
1.45091e+06  22284189547863.3
1.45091e+06  22643150821958.1
1.45839e+06  10045309213450.1
1.45839e+06  10200149909225
1.45839e+06  10395456320880.5
1.45839e+06  11567613808151.2
1.45839e+06  22388799897478.7
1.45839e+06  22750838772835.3
1.46586e+06  10049565428832.4
1.46586e+06  10203794218293.7
1.46586e+06  10395456046003.7
1.46586e+06  11567613776025.4
1.46586e+06  22493498849612.7
1.46586e+06  22858594880961.8
1.47334e+06  10053742797683.1
1.47334e+06  10207402678335.1
1.47334e+06  10395455765157.9
1.47334e+06  11567613745693.8
1.47334e+06  22598284766590.9
1.47334e+06  22966432780531.1
1.48082e+06  10057843770832.8
1.48082e+06  10211012638703.3
1.48082e+06  10395455481752.4
1.48082e+06  11567613715478.9
1.48082e+06  22703155932138.8
1.48082e+06  23074352963429.2
1.4883e+06  10061870469143.2
1.4883e+06  10214559794429.5
1.4883e+06  10395455193971.8
1.4883e+06  11567613685779.6
1.4883e+06  22808110562592.2
1.4883e+06  23182331063511.7
