0  18060063828198
0  28404368529718.6
6001.76  185220067907.478
6001.76  18060063815233.2
6001.76  28404368467406.8
12003.5  285836135172.701
12003.5  18060063793624.3
12003.5  28404368363472.1
18005.3  385124719525.978
18005.3  18060063763369.5
18005.3  28404368217791.4
24007  483778033259.207
24007  18060063724466.8
24007  28404368030192
30008.8  582083005004.718
30008.8  18060063676913.2
30008.8  28404367800450.8
36010.6  680172704992.855
36010.6  18060063620705.3
36010.6  28404367528294.1
42012.3  778115427118.07
42012.3  18060063555839.1
42012.3  28404367213396.3
48014.1  875948879779.646
48014.1  18060063482309.8
48014.1  26649932479427.7
48014.1  28404366855379.2
54015.8  18060063400112
54015.8  26653049937604.5
54015.8  28404366453810.6
60017.6  18060063309239.8
60017.6  26656470706031.1
60017.6  28404366008203.2
66019.3  18060063210296.2
66019.3  26660187750544.7
66019.3  28404365517621.7
72021.1  18060063102054.6
72021.1  26664193555853.7
72021.1  28404364982247
78022.9  18060062985116.8
78022.9  26668480170631.7
78022.9  28404364401025.1
84024.6  18060062859051.2
84024.6  26673039254025.5
84024.6  28404363773502.8
90026.4  18060062724694.6
90026.4  28404363098347.5
96028.1  18060062581614.4
96028.1  28404362374974.3
102030  1749454658403.97
102030  18060062429799.9
102030  28404361602456.7
108032  1846398187628.43
108032  18060062269020.4
108032  28404360779936.3
114033  1943293856470.08
114033  18060062099703.6
114033  26702588111470.5
114033  28404359906055
120035  2040136789707.95
120035  18060061921617.4
120035  26709289109469.2
120035  28404358979798
126037  2136922538826.93
126037  18060061734748.6
126037  26716209548167.5
126037  28404357999925.2
132039  2233646987925.53
132039  18060061538660.7
132039  26723337484675.1
132039  28404356965379.6
138040  2330306285723.93
138040  18060061334794.6
138040  28404355873805.9
144042  2426896795853.98
144042  18060061121493.4
144042  28404354724737.5
150044  18060060899350.8
150044  28404353516159.3
156046  18060060668350.6
156046  26757208453645.3
156046  28404352246337.4
162047  18060060428052.8
162047  26766131301425.2
162047  28404350913691.7
168049  18060060179065.9
168049  28404349515845.8
174051  18060059921388.1
174051  28404348050682.5
180053  18060059654780.4
180053  28404346516094.5
186055  3098343678751.83
186055  18060059379832.6
186055  26806551449585.4
186055  28404344909293.9
192056  3193949594219.78
192056  18060059094882.6
192056  26817149411597.1
192056  28404343228772.6
198058  3289470662702.39
198058  18060058801364.5
198058  28404341470869.1
204060  3384902898824.76
204060  18060058498613.9
204060  28404339633079.8
210062  3480242573664
210062  18060058187047.7
210062  26852341313733.2
210062  28404337712011.6
216063  3575486185833.57
216063  18060057866000.2
216063  26864407364128.8
216063  28404335704750.2
222065  18060057536902.5
222065  28404333606812.6
228067  18060057198088.5
228067  28404331415447.1
234069  18060056850142.1
234069  26903749848411.1
234069  28404329126197.5
240070  18060056492395.1
240070  26917140924284
240070  28404326735118.8
246072  4048138961383.19
246072  18060056126105.3
246072  28404324236724.9
252074  4142368301265.08
252074  18060055751212.3
252074  28404321626032.3
258076  4236490815260.57
258076  18060055366046.5
258076  26960804082523.3
258076  28404318898713.9
264077  4330503238319.55
264077  18060054972033.6
264077  28404316048070.1
270079  18060054568501.5
270079  28404313068301.3
276081  18060054155436.4
276081  27007619591723.1
276081  28404309952712.1
282083  18060053734042.1
282083  27023277134208
282083  28404306693312.8
288084  18060053302645.4
288084  28404303283370.9
294086  4796967515537.59
294086  18060052861180.5
294086  27057707424935.1
294086  28404299714505.4
300088  4889839055483.52
300088  18060052410898.2
300088  27074400132486.2
300088  28404295976812.1
306090  4982591461673.8
306090  18060051951731.4
306090  28404292060465.4
312091  5075222155674.18
312091  18060051482004
312091  27111107294677.6
312091  28404287955820
318093  18060051002915.1
318093  28404283650483.3
324095  18060050514021.4
324095  28404279132075.6
330097  5350883381973.3
330097  18060050016520.5
330097  27167763278495
330097  28404274386040.2
336098  5442529427754.26
336098  18060049508733.2
336098  28404269398365.9
342100  5534052602272.75
342100  18060048990587.5
342100  27208044314674.8
342100  28404264152606.9
348102  5625450830023.41
348102  18060048463327.2
348102  28404258629902.4
354104  18060047926456.2
354104  28404252810706.9
360106  18060047379559.9
360106  27270316007414.6
360106  28404246673417.8
366107  5897285905748.71
366107  18060046822140.3
366107  28404240194221.6
372109  5987648450516.52
372109  18060046256046.5
372109  27314514362478.1
372109  28404233345274.7
378111  6077887656550.57
378111  18060045679374.6
378111  28404226098177.3
384113  18060045092046.6
384113  27360191098051.1
384113  28404218420071.7
390114  18060044495909.2
390114  28404210273114.9
396116  6346269758107.21
396116  18060043888633.1
396116  27407417926060.7
396116  28404201617721.3
402118  6435439271868.62
402118  18060043271404.6
402118  28404192407107.9
408120  18060042644378.5
408120  27456250809430.5
408120  28404182589345.2
414121  18060042006912.1
414121  28404172106266.8
420123  6700938747094.91
420123  18060041358719.2
420123  27506723797960.2
420123  28404160891629.2
426125  6789015358360.29
426125  18060040700982.1
426125  28404148869068.9
432127  6876981849440.26
432127  18060040032025.1
432127  27558841914180.7
432127  28404135953114.7
438128  18060039352809
438128  28404122043784.2
444130  7051339046397.71
444130  18060038663482.1
444130  27612573306547.6
444130  28404107026219.5
450132  7138314454157.1
450132  18060037963396.9
450132  28404090767580.2
456134  7225191168795
456134  18060037252041.8
456134  27667841082555.2
456134  28404073112607.8
462135  18060036530828.4
462135  28404053877674.8
468137  7397218244112.92
468137  18060035798684.2
468137  27724515472933.8
468137  28404032847240.4
474139  7483100080653.42
474139  18060035055094.3
474139  27755304270737.7
474139  28404009764014
480141  18060034301889.2
480141  28403984317508.2
486142  18060033536727.2
486142  27814894005310.6
486142  28403956134232.8
492144  7738393225410.42
492144  18060032761386.8
492144  28403924754512.3
498146  18060031974182
498146  28403889612258.3
504148  18060031175639.8
504148  27908926316683.9
504148  28403849997641.8
510149  7990922358734.96
510149  18060030367162.3
510149  28403805010333.5
516151  18060029546402.8
516151  27972187373845.4
516151  28403753494197.1
522153  18060028715134
522153  28006988821398.4
522153  28403693933614.1
528155  8240565015034.26
528155  18060027871664.6
528155  28403624309277.6
534156  18060027017123.6
534156  28072602111634.1
534156  28403541865938.9
540158  18060026151082.6
540158  28109362088963.1
540158  28403442750797.4
546160  8487226960778.77
546160  18060025272795
546160  28403321411291.9
552162  18060024383654.3
552162  28403169556171.7
558164  8649835850571.62
558164  18060023482571.2
558164  28215947289449.1
558164  28402974276716.3
564165  8730844700174.75
564165  18060022569622.4
564165  28255817577615.3
564165  28402714442356.1
570167  18060021644373.8
570167  28402353427793.4
576169  8891259873514.33
576169  18060020707944.8
576169  28401824288678.9
582171  18060019758634.1
582171  28374540027456.8
582171  28401010179073.6
588172  9050335481440.76
588172  18060018797558.1
588172  28400016393836.9
594174  9129556587694.19
594174  18060017823856.3
594174  28419109864748.5
600176  18060016838642.7
600176  28424019643547
606178  9286323625669.87
606178  18060015840210.2
606178  28412108995405.8
612179  18060014829670.3
612179  28409057825181.9
612179  28545635561269.3
618181  9441633643903.94
618181  18060013806156.2
618181  28407732509673.2
618181  28589237588525.1
624183  18060012770776.2
624183  28407000791991.9
624183  28632680445235.3
630185  9595437618773.64
630185  18060011721818.1
630185  28406539012923.7
630185  28676255307736.8
636186  18060010660386.7
636186  28406221762617.6
642188  9747693661993.27
642188  18060009585610.2
642188  28405990652010.2
648190  18060008498589.7
648190  28405814922658.7
654192  9898367705604.26
654192  18060007397607.8
654192  28405676868690.3
654192  28846450921576.4
660193  18060006283762.6
660193  28405565587395.7
660193  28891028023363.2
666195  10047434175556.9
666195  18060005156176
666195  28405474005776.9
666195  28936152415298.4
672197  18060004015521.4
672197  28405397335519
672197  28981779092548.9
678199  10194876645812.3
678199  18060002861338.7
678199  28405332221996.2
678199  29027883011974.5
684200  18060001693455.6
684200  28405276245116.3
690202  10340688463058.3
690202  18060000511408.9
690202  28405227615767.4
696204  18059999315864.5
696204  28405184982023.2
702206  10484873331121.6
702206  18059998106541.6
702206  28405147304536.1
708207  18059996882703.1
708207  28405113771169.6
714209  10627445844665.5
714209  18059995645043.1
714209  28405083736947.9
720211  10697738367132.5
720211  18059994392214.2
720211  28405056685278.7
726213  18059993125529.6
726213  28405032194732.9
732215  10837667836960.1
732215  18059991843873.1
732215  28405009921051.1
738216  18059990547898.2
738216  28404989577891.4
744218  10976024908915.2
744218  18059989237310
744218  28404970926649
750220  11044124601877.9
750220  18059987910938.4
750220  28404953767099.3
756222  18059986570085.3
756222  28404937927800.3
762223  11179829943856.4
762223  18059985214046.2
762223  28404923263742.1
768225  11246688942863
768225  18059983842621.9
768225  28404909650110.8
768225  29775950616114.9
774227  18059982455928.4
774227  28404896978921
774227  29829868694486.8
780229  11379759812186.2
780229  18059981052784.8
780229  28404885157355.3
780229  29884343106040.3
786230  11445286663593.7
786230  18059979634482.2
786230  28404874102791.4
786230  29939384244755.1
792232  18059978200490.3
792232  28404863744023.3
792232  29995002777565.9
798234  11575784249960.3
798234  18059976749622.5
798234  28404854018902.8
798234  30051209650711.8
804236  11639903682041.3
804236  18059975283379.9
804236  28404844870707.5
810237  18059973799965
810237  28404836251359.9
816239  18059972300656.1
816239  28404828116029.5
822241  11830592279033.1
822241  18059970784911.3
822241  28404820425880.3
822241  30281680359199.9
828243  11892995811779
828243  18059969251532.1
828243  28404813146626.1
828243  30340411307946.2
834244  18059967701788.2
834244  28404806245803.6
834244  30399782271983.7
840246  18059966135130.6
840246  28404799695359.7
846248  12078346159924.1
846248  18059964550353.1
846248  28404793470447.9
852250  12138915743410.1
852250  18059962948716.6
852250  28404787546903.9
852250  30581479025253.7
858251  12199172370257.9
858251  18059961329664.4
858251  28404781903985.6
858251  30642879019500.7
864253  18059959692587.1
864253  28404776522884.5
870255  18059958036922.3
870255  28404771386446.8
876257  12377756178231.1
876257  18059956363919
876257  28404766477754.4
876257  30830937175016.4
882258  12436070319473.6
882258  18059954672354.6
882258  28404761782968.9
882258  30894466194116.6
888260  12494022662271.2
888260  18059952961657.8
888260  28404757289000.9
894262  12551602414934.7
894262  18059951232850
894262  28404752982729.8
900264  18059949485353.5
900264  28404748853131
900264  31088786039529.1
906266  18059947717514.8
906266  28404744890810.6
912267  18059945931401.4
912267  28404741084570.1
918269  12777791451106.8
918269  18059944126007.1
918269  28404737426081.1
918269  31287824411885.2
924271  12832980708166.2
924271  18059942300691.9
924271  28404733907411.5
930273  12887761114555.1
930273  18059940454861.8
930273  28404730521191.5
936274  12942125697549.5
936274  18059938589513.7
936274  28404727259484.3
936274  31491549344361.3
942276  12996068029120.8
942276  18059936704046.5
942276  28404724115961.1
948278  13049582270515.8
948278  18059934797806.3
948278  28404721084780.7
948278  31630116703503.7
954280  18059932869766.1
954280  28404718160774
954280  31699971536360.7
960281  18059930921745.1
960281  28404715337169.9
966283  18059928952708.1
966283  28404712609531
966283  31841549571613.6
972285  18059926961986.2
972285  28404709973483.8
978287  18059924949559
978287  28404707424497.1
978287  31985203862922.4
984288  18059922914581.1
984288  28404704958883.5
990290  18059920857811.7
990290  28404702572090.4
990290  32130892298204.6
996292  18059918778798.9
996292  28404700260636.8
996292  32204363224794.3
1.00229e+06  18059916677086.7
1.00229e+06  28404698021257.5
1.00229e+06  32278584111809.4
1.0083e+06  18059914552415.6
1.0083e+06  28404695850747.7
1.0083e+06  32353033209937.5
1.0143e+06  18059912403918.6
1.0143e+06  28404693746506.3
1.0143e+06  32428257104570.3
1.0203e+06  18059910232331.6
1.0203e+06  28404691704989.7
1.0203e+06  32503705356039
1.0263e+06  18059908037180
1.0263e+06  28404689723651
1.0263e+06  32579895644998.1
1.0323e+06  18059905817984.4
1.0323e+06  28404687800092.2
1.0323e+06  32656363441744.2
1.0383e+06  13799258818526.6
1.0383e+06  18059903574461.6
1.0383e+06  28404685931915.4
1.0383e+06  32733489218227.8
1.04431e+06  13845772958950.6
1.04431e+06  18059901305302.6
1.04431e+06  28404684117558.8
1.05031e+06  13891888563887.8
1.05031e+06  18059899012471.4
1.05031e+06  28404682353310.6
1.05031e+06  32889031361326
1.05631e+06  13937616500736.9
1.05631e+06  18059896694214.6
1.05631e+06  28404680638144.4
1.06231e+06  13982968698654.8
1.06231e+06  18059894350444.6
1.06231e+06  28404678969980.9
1.06231e+06  33046518877932.5
1.06831e+06  14027958131060.7
1.06831e+06  18059891980434
1.06831e+06  28404677347279.9
1.06831e+06  33126134937193.2
1.07431e+06  18059889584702.5
1.07431e+06  28404675767725.8
1.07431e+06  33205951255695.1
1.08032e+06  18059887162510.9
1.08032e+06  28404674229958.1
1.08032e+06  33286410893997.5
1.08632e+06  18059884713146.8
1.08632e+06  28404672732674.6
1.09232e+06  18059882236629.5
1.09232e+06  28404671274139.8
1.09232e+06  33448618460330.3
1.09832e+06  14245442987248
1.09832e+06  18059879733069.3
1.09832e+06  28404669852622.6
1.09832e+06  33530529488854
1.10432e+06  14287909454740.9
1.10432e+06  18059877201702.6
1.10432e+06  28404668467060
1.11033e+06  14330095460187.2
1.11033e+06  18059874641760.4
1.11033e+06  28404667116452.3
1.11033e+06  33695473072639.4
1.11633e+06  18059872053717.6
1.11633e+06  28404665798994.1
1.11633e+06  33778766366650.4
1.12233e+06  18059869436791.7
1.12233e+06  28404664513802.6
1.12833e+06  18059866790193.2
1.12833e+06  28404663260048
1.12833e+06  33946418543447.8
1.13433e+06  14493611500071
1.13433e+06  18059864114592.4
1.13433e+06  28404662035936.1
1.13433e+06  34031037928290.1
1.14033e+06  14533805653389.3
1.14033e+06  18059861408336.4
1.14033e+06  28404660841322.9
1.14634e+06  18059858671480
1.14634e+06  28404659674922.2
1.14634e+06  34201379748996.6
1.15234e+06  18059855904405.6
1.15234e+06  28404658535259.2
1.15234e+06  34287278610140.5
1.15834e+06  18059853105686.9
1.15834e+06  28404657422144.8
1.16434e+06  14689745520763.2
1.16434e+06  18059850275739.1
1.16434e+06  28404656334148.9
1.16434e+06  34460297464511.3
1.17034e+06  14728202567643.1
1.17034e+06  18059847413720.2
1.17034e+06  28404655270741.3
1.17034e+06  34547436396501.8
1.17634e+06  18059844518780.1
1.17634e+06  28404654231426.3
1.17634e+06  34635061443722.5
1.18235e+06  18059841591308.7
1.18235e+06  28404653214876.4
1.18835e+06  14839827205575.9
1.18835e+06  18059838630023.1
1.18835e+06  28404652220947.1
1.18835e+06  34811469755165.7
1.19435e+06  14876891484260.5
1.19435e+06  18059835635294.9
1.19435e+06  28404651248371.3
1.19435e+06  34900282397516.5
