0  98846107870.4006
0  5972744323347.12
0  22723999726385.2
0  27171880636838.3
6001.76  198045514546.453
6001.76  5972744319913.57
6001.76  22723999726158.4
6001.76  27172346197597.4
12003.5  5972744314178.89
12003.5  22723999725780.6
12003.5  27173121647063.4
18005.3  5972744306124.89
18005.3  22723999725251.8
18005.3  27174207397973.2
24007  495173393036.326
24007  5972744292436.94
24007  22723999725433.5
24007  27175603958912.3
30008.8  594192356460.827
30008.8  5972744278312.88
30008.8  22723999724956
30008.8  27177311777679.4
36010.6  693196379579.476
36010.6  5972744263115.64
36010.6  22723999723975
36010.6  27179329486371.5
42012.3  5972744245448.94
42012.3  22723999722843.6
42012.3  27181659122496.4
48014.1  5972744221265.09
48014.1  22723999722606.9
48014.1  27184299747885.7
54015.8  989997759644.431
54015.8  5972744197128.55
54015.8  22723999721528.7
54015.8  27187252884690.8
60017.6  1088875195427.36
60017.6  5972744171665.81
60017.6  22723999719948
60017.6  27190517204217.3
66019.3  1187721326046.54
66019.3  5972744139453.1
66019.3  22723999719263
66019.3  27194094656002.3
72021.1  5972744108370.02
72021.1  22723999717384.6
72021.1  27197985405727.1
78022.9  1385253226136.53
78022.9  5972744068979.97
78022.9  22723999716755.5
78022.9  27202189395225.2
84024.6  1483958077694.42
84024.6  5972744029888.12
84024.6  22723999715089.5
84024.6  27206707136589.5
90026.4  1582618761202.19
90026.4  5972743986811.07
90026.4  22723999713473.5
90026.4  27211539603470.9
96028.1  1681206806209.41
96028.1  5972743939048.88
96028.1  22723999712049.5
96028.1  27216687362584.9
102030  1779742864392.62
102030  5972743887725.62
102030  22723999710479.2
102030  27222151081349.7
108032  1878225628332.59
108032  5972743835292.8
108032  22723999708071.5
108032  27227931078331.3
114033  1976637005331.43
114033  5972743775605.96
114033  22723999706380.2
114033  27234027977905.4
120035  2074976482851.85
120035  5972743711663.5
120035  22723999704558
120035  27240443113841.1
126037  2173253602033.64
126037  5972743644657.41
126037  22723999702225.6
126037  27247177559139.5
132039  2271448998572.68
132039  5972743572193.52
132039  22723999699933.5
132039  27254230684094.4
138040  2369564326953.96
138040  5972743493298.95
138040  22723999697851.9
138040  27261604899482.5
144042  2467608560379.07
144042  5972743408955.59
144042  22723999695628.8
144042  27269300047614.9
150044  2565551028966.37
150044  5972743320802.5
150044  22723999692728.9
150044  27277318217701.5
156046  2663415413135.51
156046  5972743224287.84
156046  22723999690225.1
156046  27285658641925
162047  2761182451320.71
162047  5972743120944.5
162047  22723999687582.4
162047  27294323874877.5
168049  2858854777805.57
168049  5972743010893.49
168049  22723999684618.2
168049  27303314698275.8
174051  2956428559789.69
174051  5972742890031.82
174051  22723999682236.1
174051  27312631996891.2
180053  3053897051778.56
180053  5972742763758.63
180053  22723999678828.6
180053  27322276526577.2
186055  3151260452663.17
186055  5972742626488.54
186055  22723999675638.7
186055  27332249814418.1
192056  3248513908792.51
192056  5972742476661.05
192056  22723999672823
192056  27342553138071.1
198058  3345650428092.39
198058  5972742315708.26
198058  22723999669718.3
198058  27353187249043
204060  3442678445628.8
204060  5972742143106.92
204060  22723999666128.2
204060  27364153810014.1
210062  3539572215683.9
210062  5972741953392.18
210062  22723999663098.8
210062  27375454329203.9
216063  3636350495400.44
216063  5972741749487.79
216063  22723999659417
216063  27387090421165.4
222065  3733001418298.07
222065  5972741525391.58
222065  22723999656128.3
222065  27399062189760.5
228067  3829512825502.64
228067  5972741282031.8
228067  22723999652372.6
228067  27411372306526.9
234069  3925894724543.78
234069  5972741014712.29
234069  22723999648645.9
234069  27424021557515.9
240070  4022142186599.06
240070  5972740719332.94
240070  22723999645146.5
240070  27437012040737.1
246072  4118239974856.08
246072  5972740395797.18
246072  22723999640844.3
246072  27450344135645.5
252074  4214190237202.73
252074  5972740032679.82
252074  22723999637450.2
252074  27464020613216.7
258076  4309993207463.96
258076  5972739629251.91
258076  22723999633581.1
258076  27478042776387.6
264077  4405644330831.37
264077  5972739179297.19
264077  22723999628912.9
264077  27492411944185.9
270079  4501139152009.35
270079  5972738668269.25
270079  22723999624803.6
270079  27507129524787.4
276081  4596473325402.99
276081  5972738084781.81
276081  22723999621112.4
276081  27522197703690.8
282083  4691642633126.43
282083  5972737416803.98
282083  22723999616951.3
282083  27537618093236.5
288084  4786643014050.31
288084  5972736643382.27
288084  22723999612491.4
288084  27553391982113
294086  4881470610467.75
294086  5972735734483.97
294086  22723999608453.5
294086  27569521632557.8
300088  4976121843412.76
300088  5972734655968.06
300088  22723999603949.8
300088  27586009106060.7
306090  5070593536882.94
306090  5972733354785.55
306090  22723999598968.1
306090  27602856209541.8
312091  5164883130040.98
312091  5972731749112.74
312091  22723999594595.7
312091  27620063689385.2
318093  5258989056951.68
318093  5972729724741.84
318093  22723999589761.7
318093  27637635336969.4
324095  5352911468158.67
324095  5972727089473.02
324095  22723999585173.3
324095  27655570922370.6
330097  5972723521014.14
330097  22723999580451.5
330097  27673874161301.7
336098  5540135089945.28
336098  5972718416731.11
336098  22723999575652.8
336098  27692546796299.9
342100  5633460324213.02
342100  5972710510272.04
342100  22723999571612.7
342100  27711589607579.9
348102  5972696637037.67
348102  22723999566439.7
348102  27731005689190.6
354104  5819431510951.87
354104  5972665919762.28
354104  22723999561336.4
354104  27750797026135.6
360106  5972540425679.3
360106  22723999555951.1
360106  27770965667439.9
366107  5973123566922.77
366107  22723999551160.6
366107  27791513774172
372109  5972846088186.91
372109  6096997597881.15
372109  22723999546274.5
372109  27812443622009.7
378111  5972804092771.77
378111  22723999541138.6
378111  27833756313038.9
384113  5972787134262.46
384113  6280820951913.33
384113  22723999535204
384113  27855455186827.6
390114  5972777959075.39
390114  6372370319419.49
390114  22723999530576.2
390114  27877542877827.7
396116  5972772210709.91
396116  22723999525322.5
396116  27900019672018.3
402118  5972768270753.45
402118  6554818901390.7
402118  22723999519825
402118  27922890118261.1
408120  5972765397222.64
408120  6645672397175.12
408120  22723999515258.3
408120  27946154643480.5
414121  5972763214125.13
414121  6736278725466.6
414121  22723999509419.4
414121  27969816506912.2
420123  5972761494335.36
420123  6826635572345.71
420123  22723999504175.4
420123  27993878095297.2
426125  5972760105417.09
426125  6916739499881.27
426125  22723999498849.4
426125  28018341509812.8
432127  5972758961858.06
432127  7006586467614.27
432127  22723999492934.2
432127  28043208966051.1
438128  5972757998002.83
438128  7096172100006.83
438128  22723999488140.8
438128  28068482793731.1
444130  5972757181588.45
444130  7185491834417.51
444130  22723999482069.3
444130  28094165439413.3
450132  5972756475621.65
450132  7274541007002.25
450132  22723999476586.3
450132  28120259466507.8
456134  5972755862379.43
456134  7363314905916.89
456134  22723999470547.9
456134  28146767557004.4
462135  5972755320155.32
462135  7451813633227.13
462135  22723999465270.8
462135  28173691290891.4
468137  5972754841124.09
468137  7540033955710.09
468137  22723999459441.4
468137  28201033629822.4
474139  5972754411570.84
474139  7627964889373.22
474139  22723999454023.3
474139  28228797035736.1
480141  5972754023319.25
480141  7715612228576.74
480141  22723999449073.5
480141  28256984062108.1
486142  5972753677940.39
486142  7802963206389.47
486142  22723999442503.1
486142  28285596320218.6
492144  5972753359024.85
492144  7890022426893.04
492144  22723999437251.7
492144  28314637231742.2
498146  5972753067637.28
498146  7976778455554.56
498146  22723999431923.1
498146  28344109002584
504148  5972752803366.61
504148  8063232689789.35
504148  22723999425698.2
504148  28374013954719.7
510149  5972752558237.42
510149  8149380971978
510149  22723999419893.9
510149  28404354527409.9
516151  5972752329549.88
516151  8235217490031.98
516151  22723999414566.8
516151  28435133276860.4
522153  5972752121819.04
522153  8320739292612.35
522153  22723999407981.3
522153  28466352878635
528155  5972751924723.79
528155  8405943101699.29
528155  22723999402370.9
528155  28498015598177.7
534156  5972751738660.04
534156  8490825387194.17
534156  22723999397228.6
534156  28530123243000.3
540158  5972751567673.2
540158  8575382427076.76
540158  22723999391143.9
540158  28562679842981.6
546160  5972751403819.49
546160  8659610356596.41
546160  22723999385896.9
546160  28595685831555
552162  5972751252064.43
552162  8743505209563.15
552162  22723999379921.2
552162  28629145239545.1
558164  5972751110333.68
558164  8827064055457.95
558164  22723999373530.2
558164  28663060250123.9
564165  5972750972459.62
564165  8910284811263.41
564165  22723999368137.2
564165  28697432907282.9
570167  5972750843730.87
570167  8993160625291.47
570167  22723999362175.5
570167  28732265405484.6
576169  5972750719552.59
576169  9075691236179.56
576169  22723999356692.2
576169  28767560608004.7
582171  5972750602072.14
582171  9157870273421.95
582171  22723999350982.8
582171  28803320318837.9
588172  5972750490049.54
588172  9239697536284.38
588172  22723999345245.3
588172  28839547361432.8
594174  5972750382458.06
594174  9321166750807.91
594174  22723999339637.5
594174  28876244435507.9
600176  5972750278852.75
600176  9402275268050.67
600176  22723999334174.3
600176  28913413417280.5
606178  5972750180281.68
606178  9483021083513.81
606178  22723999328490.4
606178  28951056401171.9
612179  5972750085727.06
612179  9563399984892.47
612179  22723999322770.7
612179  28989176011754.2
618181  5972749996247.03
618181  9643408496034.57
618181  22723999316663.2
618181  29027774892055.5
624183  5972749908888.77
624183  9723043425918.88
624183  22723999310875.5
624183  29066854181560.5
630185  5972749824060.65
630185  9802301773339.46
630185  22723999305239.3
630185  29106416688747.4
636186  5972749741004.94
636186  9881181095679.25
636186  22723999299898.1
636186  29146464738553.9
642188  5972749660065.17
642188  9959677223204.07
642188  22723999294711
642188  29187000485790.2
648190  5972749584401.74
648190  10037786762468.6
648190  22723999288803.8
648190  29228025654686
654192  5972749509161.47
654192  10115508471458.5
654192  22723999283406.3
654192  29269542146963.1
660193  5972749438283.8
660193  10192837345984.4
660193  22723999277447.1
660193  29311552986295.1
666195  5972749366941.16
666195  10269772345199.8
666195  22723999272156
666195  29354059168518.4
672197  5972749296999.74
672197  10346309080105.7
672197  22723999267011.8
672197  29397063552363.4
678199  5972749230227.36
678199  10422445144633.3
678199  22723999261520.6
678199  29440566780614.4
684200  5972749166618.3
684200  10498178556927.6
684200  22723999255655.8
684200  29484571890163.9
690202  5972749101437.11
690202  10573505878807.8
690202  22723999250634
690202  29529080398977.7
696204  5972749039222.26
696204  10648424494699.5
696204  22723999245241.1
696204  29574093936765.9
702206  5972748979835.29
702206  10722931812946.6
702206  22723999239492.3
702206  29619614246667.9
708207  5972748917911.48
708207  10797025517424.3
708207  22723999234773.4
708207  29665643184737.3
714209  5972748860053.95
714209  10870703173571.7
714209  22723999229333.9
714209  29712182722249.6
720211  5972748802853.88
720211  10943961946410.8
720211  22723999224050.9
720211  29759233121455.3
726213  5972748744144.8
726213  11016799652566.6
726213  22723999219475.6
726213  29806797530472.8
732215  5972748688656.89
732215  11089214263063.6
732215  22723999214352.9
732215  29854876096316.3
738216  5972748635632.18
738216  11161203202862.4
738216  22723999208867.1
738216  29903471442885.8
744218  5972748581678.6
744218  11232764372802.8
744218  22723999203895.5
744218  29952584478873.7
750220  5972748530624.43
750220  11303895975313
750220  22723999198420.9
750220  30002215921762.2
756222  5972748476005.96
756222  11374595669670.3
756222  22723999194127.2
756222  30052367657114.9
762223  5972748425594.57
762223  11444861564304.2
762223  22723999188966
762223  30103040441310.8
768225  5972748374714.74
768225  11514691793205.5
768225  22723999184153.3
768225  30154235501665.1
774227  5972748326018.83
774227  11584084539179.3
774227  22723999178983.9
774227  30205954435696.1
780229  5972748276777.54
780229  11653038059372.1
780229  22723999174165.2
780229  30258198074406.3
786230  5972748225660.16
786230  11721550724437.8
786230  22723999170037.3
786230  30310966642085.3
792232  5972748179262.56
792232  11789620894621
792232  22723999164863.4
792232  30364261699830.8
798234  5972748130873.9
798234  11857247092556
798234  22723999160396.2
798234  30418084212461.7
804236  5972748082561.12
804236  11924427793616.8
804236  22723999156086.3
804236  30472434441958
810237  5972748037479.06
810237  11991161734340.3
810237  22723999151099.8
810237  30527312836235.8
816239  5972747992367.95
816239  12057447656064.7
816239  22723999146286.4
816239  30582720328887.1
822241  5972747943861.06
822241  12123284154855.8
822241  22723999142522.6
822241  30638657045036.9
828243  5972747897968.28
828243  12188670254683.6
828243  22723999138227.3
828243  30695123943742.8
834244  5972747852516.36
834244  12253604913802.1
834244  22723999133965.6
834244  30752121893796.7
840246  5972747809634.64
840246  12318087187231.2
840246  22723999129174
840246  30809649579348.5
846248  5972747763269.13
846248  12382116118464.3
846248  22723999125435.6
846248  30867709182876.4
852250  5972747720780.24
852250  12445690736380.8
852250  22723999120815.8
852250  30926298912443.5
858251  5972747675365.38
858251  12508810688060.2
858251  22723999117095.2
858251  30985419988763.5
864253  5972747631745.25
864253  12571475148830.9
864253  22723999113031.4
864253  31045072335703.2
870255  5972747587911.28
870255  12633683502647.7
870255  22723999109148.3
870255  31105255758593.1
876257  5972747543793.5
876257  12695435269026
876257  22723999105460.3
876257  31165970168945.8
882258  5972747502018.43
882258  12756730355927.7
882258  22723999101275.6
882258  31227215582219.1
888260  5972747459388.79
888260  12817568238922.1
888260  22723999097429.8
888260  31288990523843.3
894262  5972747416432.18
894262  12877948381229.7
894262  22723999093781.2
894262  31351295942554
900264  5972747373835.61
900264  12937871044505.1
900264  22723999090147.2
900264  31414130726005.3
906266  5972747329645.08
906266  12997336082902.9
906266  22723999087037.7
906266  31477495197673.8
912267  5972747288431.76
912267  13056343124167.3
912267  22723999083251.7
912267  31541387018941.3
918269  5972747244796.4
918269  13114892732076.1
918269  22723999080202.4
918269  31605806878766.1
924271  5972747203520.46
924271  13172985443103.7
924271  22723999076633.9
924271  31670753822739.4
930273  5972747162547.35
930273  13230620394958.9
930273  22723999073083.4
930273  31736227000093.1
936274  5972747121867.09
936274  13287799290932
936274  22723999069551.6
936274  31802225663702.4
942276  5972747080124.07
942276  13344521007465.4
942276  22723999066392.4
942276  31868747831026.3
948278  5972747040701.29
948278  13400787336149.3
948278  22723999062716.3
948278  31935793441759.8
954280  5972746996856.05
954280  13456598557474
954280  22723999060290
954280  32003361427900.7
960281  5972746953967.8
960281  13511955110157.4
960281  22723999057701.3
960281  32071449985180
966283  5972746914615.92
966283  13566857614641.2
966283  22723999054272
966283  32140057962798.9
972285  5972746874159.03
972285  13621306893585.3
972285  22723999051218.2
972285  32209184476867.6
978287  5972746831294.1
978287  13675303994482.9
978287  22723999048879.6
978287  32278827824359.8
984288  5972746789355.71
984288  13728850211663.3
984288  22723999046381.1
984288  32348986405404.8
990290  5972746749578.42
990290  13781946411938.5
990290  22723999043397.2
990290  32419658722558.2
996292  5972746707372.44
996292  13834592762708.2
996292  22723999041130.3
996292  32490843380767.4
1.00229e+06  5972746666073.19
1.00229e+06  13886792082323
1.00229e+06  22723999038704.8
1.00229e+06  32562539043421.3
1.0083e+06  5972746626915.97
1.0083e+06  13938544205231.9
1.0083e+06  22723999035795.6
1.0083e+06  32634742240000.1
1.0143e+06  5972746583965.68
1.0143e+06  13989850849031.1
1.0143e+06  22723999033958
1.0143e+06  32707453648289.3
1.0203e+06  5972746542550.4
1.0203e+06  14040713910572.4
1.0203e+06  22723999031793.5
1.0203e+06  32780668882090.7
1.0263e+06  5972746500672.7
1.0263e+06  14091134530149
1.0263e+06  22723999029825.6
1.0263e+06  32854387823692.1
1.0323e+06  5972746459619.22
1.0323e+06  14141114058247.1
1.0323e+06  22723999027715.1
1.0323e+06  32928608060339.4
1.0383e+06  5972746421380.61
1.0383e+06  14190654078005.9
1.0383e+06  22723999024939.6
1.0383e+06  33003327284721.7
1.04431e+06  5972746379322.65
1.04431e+06  14239756422882
1.04431e+06  22723999023238.1
1.04431e+06  33078543291477.1
1.05031e+06  5972746336186.91
1.05031e+06  14288423197752.8
1.05031e+06  22723999021890.8
1.05031e+06  33154253975870.5
1.05631e+06  5972746296393.26
1.05631e+06  14336655359321.5
1.05631e+06  22723999019737.4
1.05631e+06  33230457334172.1
1.06231e+06  5972746252871.29
1.06231e+06  14384454611080.1
1.06231e+06  22723999018631.7
1.06231e+06  33307151460232.5
1.06831e+06  5972746213487.59
1.06831e+06  14431824272772.2
1.06831e+06  22723999016509.7
1.06831e+06  33384332596093.2
1.07431e+06  5972746172204.19
1.07431e+06  14478764457315.5
1.07431e+06  22723999014954.5
1.07431e+06  33462000091881.1
1.08032e+06  5972746131063.34
1.08032e+06  14525278076417.8
1.08032e+06  22723999013429.6
1.08032e+06  33540149888622.8
1.08632e+06  5972746090061.24
1.08632e+06  14571367734645.3
1.08632e+06  22723999011935.5
1.08632e+06  33618780877435.5
1.09232e+06  5972746047952.81
1.09232e+06  14617035029156.2
1.09232e+06  22723999010798.1
1.09232e+06  33697890107239.9
1.09832e+06  5972746005171.18
1.09832e+06  14662281776981.9
1.09832e+06  22723999009903.2
1.09832e+06  33777474703695.2
1.10432e+06  5972745964563.87
1.10432e+06  14707110032409
1.10432e+06  22723999008503.2
1.10432e+06  33857532001326.3
1.11033e+06  5972745922839.95
1.11033e+06  14751522107345
1.11033e+06  22723999007460.9
1.11033e+06  33938059274588.8
1.11633e+06  5972745878491.34
1.11633e+06  14795520585070.8
1.11633e+06  22723999007171.2
1.11633e+06  34019054001974.6
1.12233e+06  5972745838949.12
1.12233e+06  14839108343084.8
1.12233e+06  22723999005684.7
1.12233e+06  34100513732437
1.12833e+06  5972745798122.21
1.12833e+06  14882288095141.5
1.12833e+06  22723999004597.9
1.12833e+06  34182436109317.2
1.13433e+06  5972745753474.35
1.13433e+06  14925059201311.6
1.13433e+06  22723999004576.7
1.13433e+06  34264816433331.8
1.14033e+06  5972745711628.47
1.14033e+06  14967428831017.4
1.14033e+06  22723999003882.2
1.14033e+06  34347654261014
1.14634e+06  5972745668543.63
1.14634e+06  15009394265349.4
1.14634e+06  22723999003574.8
1.14634e+06  34430944453377.3
1.15234e+06  5972745630092.36
1.15234e+06  15050962120970.5
1.15234e+06  22723999002112.9
1.15234e+06  34514685548763.1
1.15834e+06  5972745586568
1.15834e+06  15092134294132.9
1.15834e+06  22723999002043.3
1.15834e+06  34598874402071.8
1.16434e+06  5972745544435.01
1.16434e+06  15132911684354.2
1.16434e+06  22723999001668.4
1.16434e+06  34683507807738.5
1.17034e+06  5972745501753.16
1.17034e+06  15173297517965.8
1.17034e+06  22723999001497.9
1.17034e+06  34768582659008.1
1.17634e+06  5972745459166.06
1.17634e+06  15213295145969.8
1.17634e+06  22723999001362.2
1.17634e+06  34854095945746
1.18235e+06  5972745416671.47
1.18235e+06  15252907270628.3
1.18235e+06  22723999001261.6
1.18235e+06  34940044753472.2
1.18835e+06  5972745372221.01
1.18835e+06  15292135871734.4
1.18835e+06  22723999001732.9
1.18835e+06  35026426259361
1.19435e+06  5972745329204.85
1.19435e+06  15330982972086.3
1.19435e+06  22723999001886.3
1.19435e+06  35113236968010.2
1.20035e+06  5972745286974.97
1.20035e+06  15369453160046.6
1.20035e+06  22723999001891.7
1.20035e+06  35200473450593.3
1.20635e+06  5972745244829.27
1.20635e+06  15407550247508.2
1.20635e+06  22723999001932.8
1.20635e+06  35288133612713.1
1.21236e+06  5972745200719.6
1.21236e+06  15445271872653.8
1.21236e+06  22723999002546.7
1.21236e+06  35376213120497.5
1.21836e+06  5972745157390.41
1.21836e+06  15482627539847.2
1.21836e+06  22723999003013.2
1.21836e+06  35464709412266
1.22436e+06  5972745114785.73
1.22436e+06  15519613456244.5
1.22436e+06  22723999003345.9
1.22436e+06  35553619567479.8
1.23036e+06  5972745070911.74
1.23036e+06  15556237805394.3
1.23036e+06  22723999004068.4
1.23036e+06  35642940110886.7
1.23636e+06  5972745025171.24
1.23636e+06  15592502448232.8
1.23636e+06  22723999005336.6
1.23636e+06  35732667663083.5
1.24236e+06  5972744984192.02
1.24236e+06  15628406590185.7
1.24236e+06  22723999005411.8
1.24236e+06  35822798938440.2
1.24837e+06  5972744938596.65
1.24837e+06  15663956435644.5
1.24837e+06  22723999006753.3
1.24837e+06  35913330743054.5
1.25437e+06  5972744895013.06
1.25437e+06  15699154534790.2
1.25437e+06  22723999007622.4
1.25437e+06  36004259971598.4
1.26037e+06  5972744850152.03
1.26037e+06  15734003674503.2
1.26037e+06  22723999008881.8
1.26037e+06  36095583605748.2
1.26637e+06  5972744804762.67
1.26637e+06  15768506890326.7
1.26637e+06  22723999010334.1
1.26637e+06  36187298712153.9
1.27237e+06  5972744762726.68
1.27237e+06  15802667476067.6
1.27237e+06  22723999010960.9
1.27237e+06  36279400517909.3
1.27837e+06  5972744717467.35
1.27837e+06  15836485447975.7
1.27837e+06  22723999012487.6
1.27837e+06  36371887589040.2
1.28438e+06  5972744673566.56
1.28438e+06  15869966291819.2
1.28438e+06  22723999013712.2
1.28438e+06  36464755170836.6
1.29038e+06  5972744628431.76
1.29038e+06  15903114679465.6
1.29038e+06  22723999015313.6
1.29038e+06  36558001430389.7
1.29638e+06  5972744582011.18
1.29638e+06  15935929249667.1
1.29638e+06  22723999017305.9
1.29638e+06  36651621830148.9
1.30238e+06  5972744536995.72
1.30238e+06  15968416774268.7
1.30238e+06  22723999018982.2
1.30238e+06  36745613558936
1.30838e+06  5972744492633.57
1.30838e+06  16000577200677.6
1.30838e+06  22723999020540.3
1.30838e+06  36839973640692.9
1.31439e+06  5972744447732.53
1.31439e+06  16032417816695.6
1.31439e+06  22723999022291.9
1.31439e+06  36934698684487.3
1.32039e+06  5972744401540.87
1.32039e+06  16063934717999.9
1.32039e+06  22723999024434.5
1.32039e+06  37029785385227.5
1.32639e+06  5972744357345.09
1.32639e+06  16095136140997.9
1.32639e+06  22723999026105.7
1.32639e+06  37125230522884.3
1.33239e+06  5972744309319.37
1.33239e+06  16126024498015.1
1.33239e+06  22723999028833.2
1.33239e+06  37221030958071.1
1.33839e+06  5972744265228.94
1.33839e+06  16156602081925.3
1.33839e+06  22723999030579.8
1.33839e+06  37317183631612.2
1.34439e+06  5972744217252.26
1.34439e+06  16186871388143.8
1.34439e+06  22723999033396.5
1.34439e+06  37413684395914.3
1.3504e+06  5972744173262.97
1.3504e+06  16216835121991.3
1.3504e+06  22723999035218.9
1.3504e+06  37510530864363.9
1.3564e+06  5972744124093.5
1.3564e+06  16246496210600.4
1.3564e+06  22723999038451.2
1.3564e+06  37607720305113.4
1.3624e+06  5972744080201.37
1.3624e+06  16275857807395.4
1.3624e+06  22723999040349.3
1.3624e+06  37705247922162.6
1.3684e+06  5972744032473.22
1.3684e+06  16304923302307.3
1.3684e+06  22723999043303.9
1.3684e+06  37803112366462
1.3744e+06  5972743988674.47
1.3744e+06  16333696330215.2
1.3744e+06  22723999045277.8
1.3744e+06  37901309107691.1
1.3804e+06  5972743938291.52
1.3804e+06  16362179337848
1.3804e+06  22723999049028.8
1.3804e+06  37999835532010.6
1.38641e+06  5972743890699.36
1.38641e+06  16390371099088
1.38641e+06  22723999052097.1
1.38641e+06  38098688811683.9
1.39241e+06  5972743845687.87
1.39241e+06  16418281294573.6
1.39241e+06  22723999054538.1
1.39241e+06  38197865603756.7
1.39841e+06  5972743798182.05
1.39841e+06  16445907123853.4
1.39841e+06  22723999057682.3
1.39841e+06  38297362513227.9
1.40441e+06  5972743747971.83
1.40441e+06  16473255717365.1
1.40441e+06  22723999061584.8
1.40441e+06  38397176440941.9
1.41041e+06  5972743702490.68
1.41041e+06  16500325419668.6
1.41041e+06  22723999064295.3
1.41041e+06  38497304623953.5
1.41641e+06  5972743655703.8
1.41641e+06  16527125014181.3
1.41641e+06  22723999067397.1
1.41641e+06  38597743787351.4
1.42242e+06  5972743607014.95
1.42242e+06  16553650295201.7
1.42242e+06  22723999071046
1.42242e+06  38698490714473.6
1.42842e+06  5972743556964.71
1.42842e+06  16579907902807.8
1.42842e+06  22723999075099.7
1.42842e+06  38799542695960.5
1.43442e+06  5972743511640.55
1.43442e+06  16605901481887.7
1.43442e+06  22723999077961.3
1.43442e+06  38900896901998.1
1.44042e+06  5972743462961.52
1.44042e+06  16631633019460.6
1.44042e+06  22723999081751
1.44042e+06  39002550521472.1
1.44642e+06  5972743413723.74
1.44642e+06  16657104667656.4
1.44642e+06  22723999085734.3
1.44642e+06  39104499112736.5
1.45243e+06  5972743366568.27
1.45243e+06  16682318752112.7
1.45243e+06  22723999089218.2
1.45243e+06  39206741558738.9
1.45843e+06  5972743315355.77
1.45843e+06  16707277779587.8
1.45843e+06  22723999093813.7
1.45843e+06  39309273623719.1
1.46443e+06  5972743268866
1.46443e+06  16731984437632.2
1.46443e+06  22723999097216.8
1.46443e+06  39412093483932.9
1.47043e+06  5972743218422.56
1.47043e+06  16756441606910.2
1.47043e+06  22723999101703.6
1.47043e+06  39515196883472.3
1.47643e+06  5972743169358.77
1.47643e+06  16780652359284.7
1.47643e+06  22723999105874.5
1.47643e+06  39618582301782.1
1.48243e+06  5972743120327.91
1.48243e+06  16804619968212.7
1.48243e+06  22723999110082.6
1.48243e+06  39722246393746.8
1.48844e+06  5972743069983.32
1.48844e+06  16828347910737.7
1.48844e+06  22723999114681.5
1.48844e+06  39826185610423
1.49444e+06  5972743019670.51
1.49444e+06  16851836073908.6
1.49444e+06  22723999119317.7
1.49444e+06  39930397980517.2
1.49444e+06  5972743019670.51
1.49444e+06  16851836073908.6
1.49444e+06  22723999119317.7
1.49444e+06  39930397980517.2
