0  99055990125.0982
0  5972249497776.59
0  22723995711121.1
0  27171881131733.7
6001.76  198112318856.749
6001.76  5972249497741.92
6001.76  22723995711121
6001.76  27172346487433.7
12003.5  297161006604.074
12003.5  5972249497684.01
12003.5  22723995711120.8
12003.5  27173122142532.6
18005.3  396199275603.494
18005.3  5972249497602.69
18005.3  22723995711120.5
18005.3  27174208199850.3
24007  495223850728.739
24007  5972249494210.15
24007  22723995711983.8
24007  27175604785133.1
30008.8  594231376941.786
30008.8  5972249492735.09
30008.8  22723995712337.2
30008.8  27177312085439.4
36010.6  693218479638.063
36010.6  5972249492581.64
36010.6  22723995712336.6
36010.6  27179330305208.4
42012.3  792181780483.318
42012.3  5972249492403.25
42012.3  22723995712336
42012.3  27181659700313.8
48014.1  891117903434.223
48014.1  5972249488211.7
48014.1  22723995713382.7
48014.1  27184300563359.9
54015.8  990023477892.521
54015.8  5972249486635.55
54015.8  22723995713735.8
54015.8  27187253223056.5
60017.6  1088895140902.66
60017.6  5972249486378.44
60017.6  22723995713734.9
60017.6  27190518038755.1
66019.3  1187729485070.99
66019.3  5972249482105.82
66019.3  22723995714781.4
66019.3  27194095433353.1
72021.1  1286522775349.55
72021.1  5972249481791.96
72021.1  22723995714780.4
72021.1  27197985843510.9
78022.9  1385272094201.6
78022.9  5972249476114.43
78022.9  22723995716180.4
78022.9  27202189760152.4
84024.6  1483973530221.62
84024.6  5972249473797.81
84024.6  22723995716689.2
84024.6  27206707698461.7
90026.4  1582624040313.34
90026.4  5972249470697.97
90026.4  22723995717395.5
90026.4  27211540217665.4
96028.1  1681220079424.1
96028.1  5972249466268.35
96028.1  22723995718441.6
96028.1  27216687930372.4
102030  1779758131425.64
102030  5972249461802.77
102030  22723995719487.6
102030  27222151461865.5
108032  1878234779004.89
108032  5972249459940.9
108032  22723995719839.9
108032  27227931492733.4
114033  1976646550511.17
114033  5972249454751.46
114033  22723995721055.8
114033  27234028739559.2
120035  2074990069513.37
120035  5972249449465.44
120035  22723995722285.3
120035  27240443953706.3
126037  2173261980348.46
126037  5972249445534.53
126037  22723995723147.2
126037  27247177928123
132039  2271458514660.75
132039  5972249440855.49
132039  22723995724192.8
132039  27254231487185.8
138040  2369576473757.05
138040  5972249434779.09
138040  22723995725592.1
138040  27261605491616.9
144042  2467612290426.71
144042  5972249428647.68
144042  22723995726991.4
144042  27269300859246.2
150044  2565562454566.02
150044  5972249424503.25
150044  22723995727853.1
150044  27277318520427.4
156046  2663423513389.4
156046  5972249418248.95
156046  22723995729252.2
156046  27285659457493.8
162047  2761191993252.98
162047  5972249411925.7
162047  22723995730651.2
162047  27294324687986.8
168049  2858864279407.12
168049  5972249406227.75
168049  22723995731866.5
168049  27303315263716
174051  2956436933299.83
174051  5972249397702.17
174051  22723995733802.9
174051  27312632273058.7
180053  3053906453565.73
180053  5972249392479.84
180053  22723995734847.9
180053  27322276850269.3
186055  3151269337202.19
186055  5972249385814.05
186055  22723995736246.6
186055  27332250151849
192056  3248521865736.66
192056  5972249377099.6
192056  22723995738155.2
192056  27342553372993.2
198058  3345660724989.14
198058  5972249368862.28
198058  22723995739907.6
198058  27353187767133.3
204060  3442682234055.27
204060  5972249361839.79
204060  22723995741306.1
204060  27364154593037.7
210062  3539582809653.17
210062  5972249352029.62
210062  22723995743398.2
210062  27375455162580.3
216063  3636358976195.06
216063  5972249344051.69
216063  22723995744966.7
216063  27387090823846.4
222065  3733007058598.01
222065  5972249333894.42
222065  22723995747058.6
222065  27399062952727.7
228067  3829523538020.86
228067  5972249324825.15
228067  22723995748810.7
228067  27411372966850.8
234069  3925904800714.95
234069  5972249314924.55
234069  22723995750718.8
234069  27424022311346.1
240070  4022147235170.27
240070  5972249303408.25
240070  22723995752980.6
240070  27437012475059.1
246072  4118247257937.51
246072  5972249294169.02
246072  22723995754562.4
246072  27450344978041.5
252074  4214201123167.37
252074  5972249280636.49
252074  22723995757177.9
252074  27464021365800
258076  4310005250749.21
258076  5972249268029.49
258076  22723995759439.5
258076  27478043232456
264077  4405656122427.41
264077  5972249257514.12
264077  22723995761021.1
264077  27492412195959
270079  4501149954599.33
270079  5972249243821
270079  22723995763282.6
270079  27507129909687.7
276081  4596483092810.68
276081  5972249227371.03
276081  22723995766081.6
276081  27522198060294.2
282083  4691651973798.45
282083  5972249211400.72
282083  22723995768526.7
282083  27537618360005.7
288084  4786652811484.21
288084  5972249195059.19
288084  22723995770788
288084  27553392566390.9
294086  4881481913011.38
294086  5972249175324.91
294086  22723995773586.8
294086  27569522458123.7
300088  4976135703376.06
300088  5972249155211.29
300088  22723995776031.8
300088  27586009850228.7
306090  5070610356981.34
306090  5972249134236.7
306090  22723995778109.2
306090  27602856587361.8
312091  5164902216039.7
312091  5972249107471.12
312091  22723995780907.9
312091  27620064537563.9
318093  5259007536785.71
318093  5972249077813.39
318093  22723995783352.7
318093  27637635611975.2
324095  5352922648663.8
324095  5972249040660.08
324095  22723995786151.2
324095  27655571737049.7
330097  5446643810850.53
330097  5972248994196.96
330097  22723995788922.1
330097  27673874879905.1
336098  5540167233519.21
336098  5972248932140.79
336098  22723995791720.5
336098  27692547025595.8
342100  5633489017815.83
342100  5972248838576.39
342100  22723995795382.6
342100  27711590195975.1
348102  5726605709414.94
348102  5972248688766.5
348102  22723995798010.8
348102  27731006432035.4
354104  5819513114939.47
354104  5972248368652.21
354104  22723995800809.1
354104  27750797811536
360106  5972247095354.99
360106  22723995803423.6
360106  27770966418123.1
366107  5972253018104.29
366107  6004689744419.6
366107  22723995806731.7
366107  27791514385258.1
372109  5972250154524.94
372109  6096946750749.57
372109  22723995810039.7
372109  27812443856004
378111  5972249716900.66
378111  6188980554824.13
378111  22723995813191.7
378111  27833757006015.5
384113  5972249536037.39
384113  6280786535000.77
384113  22723995815635.9
384113  27855456011277.1
390114  5972249428729.6
390114  6372361304822.5
390114  22723995819481.4
390114  27877543104661.7
396116  5972249358127.93
396116  6463700506188.35
396116  22723995822789.2
396116  27900020517223
402118  5972249306408.93
402118  6554800576261.27
402118  22723995825941
402118  27922890508478.6
408120  5972249261630.5
408120  6645657673044.49
408120  22723995830112.5
408120  27946155354555
414121  5972249228315.95
414121  6736267893761.1
414121  22723995833094.1
414121  27969817351844.1
420123  5972249197123.65
420123  6826627628057.35
420123  22723995836755.6
420123  27993878812767.2
426125  5972249169275.73
426125  6916732865791.6
426125  22723995840417.1
426125  28018342075505.4
432127  5972249145829.52
432127  7006580026791.92
432127  22723995843568.7
432127  28043209486893.9
438128  5972249119662.58
438128  7096165131126.06
438128  22723995847923.7
438128  28068483402885.8
444130  5972249099522.43
444130  7185484516987.1
444130  22723995851075.3
444130  28094166215889.1
450132  5972249077986.98
450132  7274534321694.79
450132  22723995854892.7
450132  28120260310684
456134  5972249059206.79
456134  7363310764615.24
456134  22723995858227.9
456134  28146768087790.6
462135  5972249037993.41
462135  7451810121425.33
462135  22723995862399.1
462135  28173691964441.8
468137  5972249019236.83
468137  7540028614230.38
468137  22723995866088
468137  28201034366052.9
474139  5972248999161.82
474139  7627962429582.64
474139  22723995870259.2
474139  28228797737187.1
480141  5972248977478.63
480141  7715607829160.11
480141  22723995874967.8
480141  28256984504488
486142  5972248962097.84
486142  7802961080118.71
486142  22723995878119.1
486142  28285597130860.9
492144  5972248941754.54
492144  7890018426248.93
492144  22723995882657.6
492144  28314638066494
498146  5972248921742.97
498146  7976776120035.31
498146  22723995887182.5
498146  28344109768861
504148  5972248905156.1
504148  8063230489766.95
504148  22723995890871.3
504148  28374014701720.2
510149  5972248886944.29
510149  8149377824519.38
510149  22723995895042.3
510149  28404355333869.4
516151  5972248866873.09
516151  8235214388774.15
516151  22723995899750.8
516151  28435134124369.8
522153  5972248851550.42
522153  8320736543273.88
522153  22723995903255.9
522153  28466353540642
528155  5972248832437.78
528155  8405940640493.89
528155  22723995907794.2
528155  28498016041447.5
534156  5972248811464.73
534156  8490822989390.17
534156  22723995912856.5
534156  28530124091581.6
540158  5972248794001.88
540158  8575380007653.24
540158  22723995917027.4
540158  28562680141274.4
546160  5972248773253.18
546160  8659608072240.1
546160  22723995922089.7
546160  28595686636110.6
552162  5972248755188
552162  8743503607163.96
552162  22723995926472
552162  28629146016229.3
558164  5972248738610.14
558164  8827063045019.43
558164  22723995930486.8
558164  28663060712915
564165  5972248718123.87
564165  8910282843745.42
564165  22723995935549
564165  28697433148169.1
570167  5972248699701.83
570167  8993159516433.56
570167  22723995940087.3
570167  28732265732894.4
576169  5972248679353.91
576169  9075689554245.46
576169  22723995945149.5
576169  28767560845721.8
582171  5972248659766.67
582171  9157869512475.17
582171  22723995950028
582171  28803320882888.9
588172  5972248640180.93
588172  9239695948367.53
588172  22723995954920.1
588172  28839548193277.8
594174  5972248620000.55
594174  9321165477951.93
594174  22723995959982.3
594174  28876245134980.1
600176  5972248599167.41
600176  9402274722357.45
600176  22723995965228.1
600176  28913414011379.3
606178  5972248579078.14
606178  9483020367160.96
606178  22723995970290.3
606178  28951057140540.4
612179  5972248559029.44
612179  9563399091212.13
612179  22723995975352.5
612179  28989176799739.9
618181  5972248540364.44
618181  9643407644907.81
618181  22723995980060.8
618181  29027775239450.5
624183  5972248520388.43
624183  9723042802824.06
624183  22723995985123
624183  29066854683357.3
630185  5972248499744.95
630185  9802301373209.69
630185  22723995990368.9
630185  29106417338092.2
636186  5972248477890.51
636186  9881180223945.02
636186  22723995995940.9
636186  29146465373407.1
642188  5972248455364.41
642188  9959676245772.73
642188  22723996001696.7
642188  29187000927847.8
648190  5972248435506.52
648190  10037786379252.5
648190  22723996006758.9
648190  29228026107871.6
654192  5972248413627.45
654192  10115507619323.3
654192  22723996012358.6
654192  29269542985049.9
660193  5972248393817.9
660193  10192836985005.3
660193  22723996017420.8
660193  29311553595565.4
666195  5972248371388.74
666195  10269771565864.9
666195  22723996023176.5
666195  29354059937616
672197  5972248348334.32
672197  10346308496239.2
672197  22723996029102.5
672197  29397063969873.5
678199  5972248326540.77
678199  10422444955352.2
678199  22723996034702.2
678199  29440567610109
684200  5972248306111.62
684200  10498178171696.9
684200  22723996039948.1
684200  29484572734809.4
690202  5972248282412.25
690202  10573505443400.6
690202  22723996046057.7
690202  29529081175067.2
696204  5972248260075.28
696204  10648424106543.1
696204  22723996051813.5
696204  29574094716371.2
702206  5972248239049.36
702206  10722931565438.9
702206  22723996057229.6
702206  29619615097897.6
708207  5972248214050.46
708207  10797025278615.4
708207  22723996063693.1
708207  29665644009702.8
714209  5972248191757.5
714209  10870702762291.4
714209  22723996069448.9
714209  29712183092103.3
720211  5972248168831.78
720211  10943961602195.4
720211  22723996075374.9
720211  29759233932991.8
726213  5972248143172.32
726213  11016799432424.5
726213  22723996082022.1
726213  29806798063081.9
732215  5972248119570.86
732215  11089213963874.4
732215  22723996088131.9
732215  29854876965358.9
738216  5972248097326.71
738216  11161202965458.2
738216  22723996093887.7
738216  29903472066370.3
744218  5972248073101.34
744218  11232764272809.6
744218  22723996100167.6
744218  29952584734416.2
750220  5972248050773.53
750220  11303895792206.3
750220  22723996105951.1
750220  30002216279427.8
756222  5972248023926.52
756222  11374595492701.2
756222  22723996112924.7
756222  30052367938456.2
762223  5972248000376.34
762223  11444861417829
762223  22723996119034.4
762223  30103040907871.2
768225  5972247975488.99
768225  11514691681154
768225  22723996125498.1
768225  30154236318919.1
774227  5972247951956.13
774227  11584084467723.6
774227  22723996131607.9
774227  30205955213346.3
780229  5972247927085.33
780229  11653038034575.7
780229  22723996138071.6
780229  30258198608898.8
786230  5972247899580.65
786230  11721550713622.9
786230  22723996145228.9
786230  30310967418285.2
792232  5972247876071.01
792232  11789620911945.1
792232  22723996151338.8
792232  30364262523758.4
798234  5972247849876.38
798234  11857247111854.8
798234  22723996158156.3
798234  30418084699699.6
804236  5972247823093.07
804236  11924427871536.6
804236  22723996165130
804236  30472434689480.9
810237  5972247798903.68
810237  11991161828168.7
810237  22723996171423.6
810237  30527313148582.1
816239  5972247774074.6
816239  12057447695345.8
816239  22723996177887.4
816239  30582720658987.3
822241  5972247745263.86
822241  12123284268335.6
822241  22723996185398.7
822241  30638657734275.6
828243  5972247718504.99
828243  12188670416997.8
828243  22723996192372.4
828243  30695124823010.4
834244  5972247691646.99
834244  12253605094745.6
834244  22723996199373.8
834244  30752122295053.8
840246  5972247666840.43
840246  12318087336080.3
840246  22723996205837.7
840246  30809650448885.4
846248  5972247638051.32
846248  12382116254518.5
846248  22723996213349.1
846248  30867709507984.1
852250  5972247612659.26
852250  12445691046050.5
852250  22723996219969.1
852250  30926299617700.8
858251  5972247583879.75
858251  12508810986439.1
858251  22723996227480.5
858251  30985420852129.7
864253  5972247556450.81
864253  12571475434239.2
864253  22723996234638.1
864253  31045073217665.9
870255  5972247528380.3
870255  12633683835306.1
870255  22723996241965.9
870255  31105256640238.9
876257  5972247499613.89
876257  12695435707559.6
876257  22723996249477.4
876257  31165970951003.9
882258  5972247472793.04
882258  12756730663899.2
882258  22723996256479
882258  31227215944857.2
888260  5972247444734.69
888260  12817568383489.5
888260  22723996263806.8
888260  31288991297974
894262  5972247415980.02
894262  12877948646076.1
894262  22723996271318.4
894262  31351296650663.1
900264  5972247387228.98
900264  12937871302839.8
900264  22723996278830.1
900264  31414131530623.2
906266  5972247356539.95
906266  12997336288179.6
906266  22723996286851.6
906266  31477495414581.1
912267  5972247328495.91
912267  13056343618957.7
912267  22723996294179.6
912267  31541387698260.8
918269  5972247297708.91
918269  13114893394173
918269  22723996302228.9
918269  31605807697191.3
924271  5972247268971.21
924271  13172985795389
924271  22723996309740.6
924271  31670754652640
930273  5972247240236.57
930273  13230621085895.8
930273  22723996317252.4
930273  31736227728708.9
936274  5972247211504.89
936274  13287799606400.5
936274  22723996324764.1
936274  31802226022616.4
942276  5972247181430.04
942276  13344521771636.5
942276  22723996332629.8
942276  31868748553999.9
948278  5972247153404.08
948278  13400788095862.6
948278  22723996339957.9
948278  31935794263311.1
954280  5972247120693.08
954280  13456599143644.2
954280  22723996348517.3
954280  32003362026492.8
960281  5972247088684.77
960281  13511955582263.3
960281  22723996356893
960281  32071450644418.9
966283  5972247059966.51
966283  13566858146786.2
966283  22723996364405
966283  32140058847015.9
972285  5972247029904.64
972285  13621307645461.1
972285  22723996372270.8
972285  32209185293317.3
978287  5972246997203.55
978287  13675304963349.3
978287  22723996380830.3
978287  32278828564169.3
984288  5972246965204.83
984288  13728851061032.1
984288  22723996389206.2
984288  32348987178993.2
990290  5972246935149.84
990290  13781946974379
990290  22723996397072.1
990290  32419659596182.2
996292  5972246902455.39
996292  13834593815130.5
996292  22723996405631.7
996292  32490844190339.1
1.00229e+06  5972246870463.14
1.00229e+06  13886792762718.3
1.00229e+06  22723996414007.7
1.00229e+06  32562539278267.2
1.0083e+06  5972246840414.41
1.0083e+06  13938545051981.9
1.0083e+06  22723996421873.7
1.0083e+06  32634743121600.1
1.0143e+06  5972246806380.01
1.0143e+06  13989852020620.2
1.0143e+06  22723996430787.3
1.0143e+06  32707453886937.1
1.0203e+06  5972246773693.56
1.0203e+06  14040715047446
1.0203e+06  22723996439347
1.0203e+06  32780669718899.2
1.0263e+06  5972246740363.02
1.0263e+06  14091135577683.1
1.0263e+06  22723996448077
1.0263e+06  32854388666074.2
1.0323e+06  5972246707680.23
1.0323e+06  14141115140723.3
1.0323e+06  22723996456636.8
1.0323e+06  32928608735363
1.0383e+06  5972246677640.77
1.0383e+06  14190655320158.3
1.0383e+06  22723996464503
1.0383e+06  33003327869454.9
1.04431e+06  5972246643615.4
1.04431e+06  14239757763720.5
1.04431e+06  22723996473416.8
1.04431e+06  33078543944922.8
1.05031e+06  5972246608350.27
1.05031e+06  14288424160153.6
1.05031e+06  22723996482656.8
1.05031e+06  33154254801853.9
1.05631e+06  5972246576269.65
1.05631e+06  14336656304630.2
1.05631e+06  22723996491060.7
1.05631e+06  33230458190310.4
1.06231e+06  5972246540307.6
1.06231e+06  14384456004806.3
1.06231e+06  22723996500484.5
1.06231e+06  33307151847868.1
1.06831e+06  5972246508334.69
1.06831e+06  14431825160919.3
1.06831e+06  22723996508860.8
1.06831e+06  33384333428472.6
1.07431e+06  5972246474317.14
1.07431e+06  14478765703486.7
1.07431e+06  22723996517774.7
1.07431e+06  33462000543154.5
1.08032e+06  5972246440301.03
1.08032e+06  14525279622480.2
1.08032e+06  22723996526688.7
1.08032e+06  33540150763892.7
1.08632e+06  5972246406286.32
1.08632e+06  14571368964923.8
1.08632e+06  22723996535602.7
1.08632e+06  33618781599407.1
1.09232e+06  5972246371031.57
1.09232e+06  14617035837756
1.09232e+06  22723996544843
1.09232e+06  33697890510682.7
1.09832e+06  5972246334973.42
1.09832e+06  14662282398957.2
1.09832e+06  22723996554294.7
1.09832e+06  33777474928670
1.10432e+06  5972246300962.7
1.10432e+06  14707110815922
1.10432e+06  22723996563208.8
1.10432e+06  33857532229511.4
1.11033e+06  5972246265711.84
1.11033e+06  14751523354081.6
1.11033e+06  22723996572449.2
1.11033e+06  33938059748153.4
1.11633e+06  5972246227715.98
1.11633e+06  14795522298392.9
1.11633e+06  22723996582411
1.11633e+06  34019054777719
1.12233e+06  5972246194409.04
1.12233e+06  14839109981568
1.12233e+06  22723996591141.5
1.12233e+06  34100514573431.8
1.12833e+06  5972246159703.08
1.12833e+06  14882288780026.3
1.12833e+06  22723996600239.5
1.12833e+06  34182436353316.8
1.13433e+06  5972246121064.79
1.13433e+06  14925061086930
1.13433e+06  22723996610371.5
1.13433e+06  34264817299914.5
1.14033e+06  5972246085119.67
1.14033e+06  14967429380528.2
1.14033e+06  22723996619795.8
1.14033e+06  34347654551711.1
1.14634e+06  5972246047829.6
1.14634e+06  15009396144052.4
1.14634e+06  22723996629574
1.14634e+06  34430945224575
1.15234e+06  5972246015069.53
1.15234e+06  15050963897741.3
1.15234e+06  22723996638162.2
1.15234e+06  34514686405198.3
1.15834e+06  5972245977135.62
1.15834e+06  15092135212382
1.15834e+06  22723996648110.7
1.15834e+06  34598875133266.4
1.16434e+06  5972245940494.57
1.16434e+06  15132912667704.9
1.16434e+06  22723996657718.8
1.16434e+06  34683508436092.2
1.17034e+06  5972245903208.58
1.17034e+06  15173298904985.6
1.17034e+06  22723996667497.2
1.17034e+06  34768583309849.2
1.17634e+06  5972245865923.55
1.17634e+06  15213296557419.7
1.17634e+06  22723996677275.6
1.17634e+06  34854096719791.3
1.18235e+06  5972245828639.44
1.18235e+06  15252908306264.7
1.18235e+06  22723996687054.1
1.18235e+06  34940045610224.8
1.18835e+06  5972245789310.13
1.18835e+06  15292136878680.5
1.18835e+06  22723996697370.2
1.18835e+06  35026426904399
1.19435e+06  5972245751327.74
1.19435e+06  15330984987065.7
1.19435e+06  22723996707332.4
1.19435e+06  35113237506067.1
1.20035e+06  5972245714046.31
1.20035e+06  15369455401727.1
1.20035e+06  22723996717111
1.20035e+06  35200474280071.8
1.20635e+06  5972245676765.74
1.20635e+06  15407550893118.5
1.20635e+06  22723996726889.6
1.20635e+06  35288134106302.6
1.21236e+06  5972245637439.87
1.21236e+06  15445274273984.6
1.21236e+06  22723996737205.8
1.21236e+06  35376213823276
1.21836e+06  5972245598814.91
1.21836e+06  15482628323503.8
1.21836e+06  22723996747338.4
1.21836e+06  35464710256245.3
1.22436e+06  5972245560836.67
1.22436e+06  15519615908919.2
1.22436e+06  22723996757300.8
1.22436e+06  35553620220013.8
1.23036e+06  5972245521513.19
1.23036e+06  15556239886919.5
1.23036e+06  22723996767617.2
1.23036e+06  35642940521656.4
1.23636e+06  5972245480248.96
1.23636e+06  15592503077045.9
1.23636e+06  22723996778443.6
1.23636e+06  35732667953237.9
1.24236e+06  5972245443673.2
1.24236e+06  15628408409818
1.24236e+06  22723996788038.7
1.24236e+06  35822799290010.1
1.24837e+06  5972245402410.43
1.24837e+06  15663958752092.2
1.24837e+06  22723996798865.1
1.24837e+06  35913331302401.7
1.25437e+06  5972245363089.89
1.25437e+06  15699157019889.8
1.25437e+06  22723996809181.6
1.25437e+06  36004260760337.1
1.26037e+06  5972245322424
1.26037e+06  15734006099443.6
1.26037e+06  22723996819852.1
1.26037e+06  36095584408864.3
1.26637e+06  5972245281163.32
1.26637e+06  15768508935093.9
1.26637e+06  22723996830678.7
1.26637e+06  36187299016541
1.27237e+06  5972245243190.83
1.27237e+06  15802668454820.8
1.27237e+06  22723996840641.4
1.27237e+06  36279401316110.1
1.27837e+06  5972245201931.47
1.27837e+06  15836487563601.4
1.27837e+06  22723996851468.1
1.27837e+06  36371888062872.1
1.28438e+06  5972245161968.31
1.28438e+06  15869969227608.2
1.28438e+06  22723996861954.9
1.28438e+06  36464756000814.8
1.29038e+06  5972245120710.21
1.29038e+06  15903116382773.7
1.29038e+06  22723996872781.6
1.29038e+06  36558001857612.7
1.29638e+06  5972245078106.68
1.29638e+06  15935931960960.1
1.29638e+06  22723996883962.3
1.29638e+06  36651622394624.7
1.30238e+06  5972245036849.79
1.30238e+06  15968418918838.7
1.30238e+06  22723996894789.1
1.30238e+06  36745614347285.7
1.30838e+06  5972244996188.95
1.30838e+06  16000580197432.5
1.30838e+06  22723996905459.9
1.30838e+06  36839974463550.1
1.31439e+06  5972244954933.21
1.31439e+06  16032418742635.7
1.31439e+06  22723996916286.7
1.31439e+06  36934699500413.3
1.32039e+06  5972244912332
1.32039e+06  16063937494976.4
1.32039e+06  22723996927467.5
1.32039e+06  37029786204321.9
1.32639e+06  5972244871672.84
1.32639e+06  16095139404975.8
1.32639e+06  22723996938138.4
1.32639e+06  37125231340172.3
1.33239e+06  5972244827131.22
1.33239e+06  16126027387181.1
1.33239e+06  22723996949829.3
1.33239e+06  37221031668513.5
1.33839e+06  5972244786473.13
1.33839e+06  16156604399393.5
1.33839e+06  22723996960500.2
1.33839e+06  37317183978257.7
1.34439e+06  5972244741878.39
1.34439e+06  16186873355110
1.34439e+06  22723996972204.8
1.34439e+06  37413685040548.4
1.3504e+06  5972244701221.32
1.3504e+06  16216837177919.3
1.3504e+06  22723996982875.8
1.3504e+06  37510531646409.5
1.3564e+06  5972244655335.71
1.3564e+06  16246498764266.1
1.3564e+06  22723996994920.7
1.3564e+06  37607720608731.4
1.3624e+06  5972244614679.62
1.3624e+06  16275861053928.8
1.3624e+06  22723997005591.8
1.3624e+06  37705248727895.1
1.3684e+06  5972244570141.02
1.3684e+06  16304926909508
1.3684e+06  22723997017282.9
1.3684e+06  37803112824250.7
1.3744e+06  5972244529485.87
1.3744e+06  16333699254200.7
1.3744e+06  22723997027954
1.3744e+06  37901309746422.4
1.3804e+06  5972244482201.97
1.3804e+06  16362180924893.2
1.3804e+06  22723997040366.6
1.3804e+06  37999836331711.3
1.38641e+06  5972244437664.74
1.38641e+06  16390374801626
1.38641e+06  22723997052057.8
1.38641e+06  38098689446590.9
1.39241e+06  5972244395664.91
1.39241e+06  16418283764457.2
1.39241e+06  22723997063083
1.39241e+06  38197865961751.3
1.39841e+06  5972244351128.55
1.39841e+06  16445910602156.3
1.39841e+06  22723997074774.3
1.39841e+06  38297362771808.6
1.40441e+06  5972244303846.4
1.40441e+06  16473258217814.8
1.40441e+06  22723997087187
1.40441e+06  38397176781017.2
1.41041e+06  5972244261252.38
1.41041e+06  16500329347753.6
1.41041e+06  22723997098368.3
1.41041e+06  38497304908869.7
1.41641e+06  5972244217312.74
1.41641e+06  16527126839494.9
1.41641e+06  22723997109903.7
1.41641e+06  38597744094562
1.42242e+06  5972244171432
1.42242e+06  16553653481827.6
1.42242e+06  22723997121949
1.42242e+06  38698491282992.4
1.42842e+06  5972244124151.47
1.42842e+06  16579912027021.7
1.42842e+06  22723997134361.8
1.42842e+06  38799543459607
1.43442e+06  5972244081559.04
1.43442e+06  16605905250226.7
1.43442e+06  22723997145543.4
1.43442e+06  38900897607995.6
1.44042e+06  5972244035574.83
1.44042e+06  16631635889788.1
1.44042e+06  22723997157616.5
1.44042e+06  39002550734155.3
1.44642e+06  5972243988995.53
1.44642e+06  16657106656400
1.44642e+06  22723997169845.7
1.44642e+06  39104499866128.2
1.45243e+06  5972243944462.72
1.45243e+06  16682320279967.3
1.45243e+06  22723997181537.3
1.45243e+06  39206742054260.4
1.45843e+06  5972243895838.01
1.45843e+06  16707279435467.3
1.45843e+06  22723997194304.3
1.45843e+06  39309274351810.7
1.46443e+06  5972243851901.38
1.46443e+06  16731986761082.2
1.46443e+06  22723997205839.9
1.46443e+06  39412093846012.3
1.47043e+06  5972243803977.47
1.47043e+06  16756444975317.8
1.47043e+06  22723997218423.1
1.47043e+06  39515197652041.4
1.47643e+06  5972243757399.93
1.47643e+06  16780656695878.2
1.47643e+06  22723997230652.6
1.47643e+06  39618582882085.2
1.48243e+06  5972243710822.73
1.48243e+06  16804624513798.7
1.48243e+06  22723997242882
1.48243e+06  39722246696201.3
1.48844e+06  5972243662899.82
1.48844e+06  16828351053358.4
1.48844e+06  22723997255465.4
1.48844e+06  39826186245904.1
1.49444e+06  5972243614977.23
1.49444e+06  16851838882463.3
1.49444e+06  22723997268048.8
1.49444e+06  39930398726865.2
1.49444e+06  5972243614977.23
1.49444e+06  16851838882463.3
1.49444e+06  22723997268048.8
1.49444e+06  39930398726865.2
1.50944e+06  5972243497191.19
1.50944e+06  16909530838997.7
1.50944e+06  22723997298976.7
1.50944e+06  40192105752312.1
1.50944e+06  5972243497191.19
1.50944e+06  16909530838997.7
1.50944e+06  22723997298976.7
1.50944e+06  40192105752312.1
1.52445e+06  5972243376014.88
1.52445e+06  16965786308821.5
1.52445e+06  22723997330796.3
1.52445e+06  40455458219047.9
1.52445e+06  5972243376014.88
1.52445e+06  16965786308821.5
1.52445e+06  22723997330796.3
1.52445e+06  40455458219047.9
1.52445e+06  5972243376014.88
1.52445e+06  16965786308821.5
1.52445e+06  22723997330796.3
1.52445e+06  40455458219047.9
1.53945e+06  5972243252898.88
1.53945e+06  17020643872018.3
1.53945e+06  22723997363126.2
1.53945e+06  40720413998092.4
1.53945e+06  5972243252898.88
1.53945e+06  17020643872018.3
1.53945e+06  22723997363126.2
1.53945e+06  40720413998092.4
1.55446e+06  5972243131830.75
1.55446e+06  17074141439942.3
1.55446e+06  22723997394918.6
1.55446e+06  40986931837251.4
1.55446e+06  5972243131830.75
1.55446e+06  17074141439942.3
1.55446e+06  22723997394918.6
1.55446e+06  40986931837251.4
1.55446e+06  5972243131830.75
1.55446e+06  17074141439942.3
1.55446e+06  22723997394918.6
1.55446e+06  40986931837251.4
1.56946e+06  5972243008718.16
1.56946e+06  17126316041674.4
1.56946e+06  22723997427248.9
1.56946e+06  41254971379434.5
1.56946e+06  5972243008718.16
1.56946e+06  17126316041674.4
1.56946e+06  22723997427248.9
1.56946e+06  41254971379434.5
1.58446e+06  5972242882915.1
1.58446e+06  17177203871149.7
1.58446e+06  22723997460287.3
1.58446e+06  41524493167624.9
1.58446e+06  5972242882915.1
1.58446e+06  17177203871149.7
1.58446e+06  22723997460287.3
1.58446e+06  41524493167624.9
1.58446e+06  5972242882915.1
1.58446e+06  17177203871149.7
1.58446e+06  22723997460287.3
1.58446e+06  41524493167624.9
1.59947e+06  5972242756518.13
1.59947e+06  17226840284578.6
1.59947e+06  22723997493481.9
1.59947e+06  41795458648054.6
1.59947e+06  5972242756518.13
1.59947e+06  17226840284578.6
1.59947e+06  22723997493481.9
1.59947e+06  41795458648054.6
1.61447e+06  5972242628076.48
1.61447e+06  17275259863547.8
1.61447e+06  22723997527214.4
1.61447e+06  42067830174880.7
1.61447e+06  5972242628076.48
1.61447e+06  17275259863547.8
1.61447e+06  22723997527214.4
1.61447e+06  42067830174880.7
1.61447e+06  5972242628076.48
1.61447e+06  17275259863547.8
1.61447e+06  22723997527214.4
1.61447e+06  42067830174880.7
1.62948e+06  5972242500982.28
1.62948e+06  17322496201439.8
1.62948e+06  22723997560593.3
1.62948e+06  42341570998370.7
1.62948e+06  5972242500982.28
1.62948e+06  17322496201439.8
1.62948e+06  22723997560593.3
1.62948e+06  42341570998370.7
1.64448e+06  5972242371197.38
1.64448e+06  17368582263068.8
1.64448e+06  22723997594680.1
1.64448e+06  42616645284494.4
1.64448e+06  5972242371197.38
1.64448e+06  17368582263068.8
1.64448e+06  22723997594680.1
1.64448e+06  42616645284494.4
1.64448e+06  5972242371197.38
1.64448e+06  17368582263068.8
1.64448e+06  22723997594680.1
1.64448e+06  42616645284494.4
1.65949e+06  5972242239472.3
1.65949e+06  17413550014395.1
1.65949e+06  22723997629277.2
1.65949e+06  42893018080505.2
1.65949e+06  5972242239472.3
1.65949e+06  17413550014395.1
1.65949e+06  22723997629277.2
1.65949e+06  42893018080505.2
1.67449e+06  5972242107048.37
1.67449e+06  17457430660978.6
1.67449e+06  22723997664058.2
1.67449e+06  43170655335601.6
1.67449e+06  5972242107048.37
1.67449e+06  17457430660978.6
1.67449e+06  22723997664058.2
1.67449e+06  43170655335601.6
1.67449e+06  5972242107048.37
1.67449e+06  17457430660978.6
1.67449e+06  22723997664058.2
1.67449e+06  43170655335601.6
1.68949e+06  5972241973979.71
1.68949e+06  17500254613024.7
1.68949e+06  22723997699009.6
1.68949e+06  43449523863750
1.68949e+06  5972241973979.71
1.68949e+06  17500254613024.7
1.68949e+06  22723997699009.6
1.68949e+06  43449523863750
1.7045e+06  5972241838270.64
1.7045e+06  17542051294551.1
1.7045e+06  22723997734655
1.7045e+06  43729591361950.4
1.7045e+06  5972241838270.64
1.7045e+06  17542051294551.1
1.7045e+06  22723997734655
1.7045e+06  43729591361950.4
1.7045e+06  5972241838270.64
1.7045e+06  17542051294551.1
1.7045e+06  22723997734655
1.7045e+06  43729591361950.4
1.7195e+06  5972241703158.14
1.7195e+06  17582849621765.3
1.7195e+06  22723997770144.5
1.7195e+06  44010826376353
1.7195e+06  5972241703158.14
1.7195e+06  17582849621765.3
1.7195e+06  22723997770144.5
1.7195e+06  44010826376353
1.73451e+06  5972241568046.73
1.73451e+06  17622677492138.4
1.73451e+06  22723997805634.1
1.73451e+06  44293198296634.2
1.73451e+06  5972241568046.73
1.73451e+06  17622677492138.4
1.73451e+06  22723997805634.1
1.73451e+06  44293198296634.2
1.73451e+06  5972241568046.73
1.73451e+06  17622677492138.4
1.73451e+06  22723997805634.1
1.73451e+06  44293198296634.2
1.74951e+06  5972241429053.36
1.74951e+06  17661562074021.2
1.74951e+06  22723997842144
1.74951e+06  44576677344159.2
1.74951e+06  5972241429053.36
1.74951e+06  17661562074021.2
1.74951e+06  22723997842144
1.74951e+06  44576677344159.2
1.76452e+06  5972241285968.74
1.76452e+06  17699529850860.9
1.76452e+06  22723997879729.4
1.76452e+06  44861234560473
1.76452e+06  5972241285968.74
1.76452e+06  17699529850860.9
1.76452e+06  22723997879729.4
1.76452e+06  44861234560473
1.76452e+06  5972241285968.74
1.76452e+06  17699529850860.9
1.76452e+06  22723997879729.4
1.76452e+06  44861234560473
1.77952e+06  5972241147572.81
1.77952e+06  17736606493496.1
1.77952e+06  22723997916083.6
1.77952e+06  45146841776244.4
1.77952e+06  5972241147572.81
1.77952e+06  17736606493496.1
1.77952e+06  22723997916083.6
1.77952e+06  45146841776244.4
1.79453e+06  5972241005190.2
1.79453e+06  17772816946369
1.79453e+06  22723997953485.6
1.79453e+06  45433471617985.9
1.79453e+06  5972241005190.2
1.79453e+06  17772816946369
1.79453e+06  22723997953485.6
1.79453e+06  45433471617985.9
1.79453e+06  5972241005190.2
1.79453e+06  17772816946369
1.79453e+06  22723997953485.6
1.79453e+06  45433471617985.9
1.80953e+06  5972240864154.51
1.80953e+06  17808185404212.6
1.80953e+06  22723997990534
1.80953e+06  45721097477292.9
1.80953e+06  5972240864154.51
1.80953e+06  17808185404212.6
1.80953e+06  22723997990534
1.80953e+06  45721097477292.9
1.82453e+06  5972240720427.63
1.82453e+06  17842735429372.2
1.82453e+06  22723998028290.3
1.82453e+06  46009693493231.5
1.82453e+06  5972240720427.63
1.82453e+06  17842735429372.2
1.82453e+06  22723998028290.3
1.82453e+06  46009693493231.5
1.82453e+06  5972240720427.63
1.82453e+06  17842735429372.2
1.82453e+06  22723998028290.3
1.82453e+06  46009693493231.5
1.83954e+06  5972240574060
1.83954e+06  17876489757594.3
1.83954e+06  22723998066740.6
1.83954e+06  46299234537484.1
1.83954e+06  5972240574060
1.83954e+06  17876489757594.3
1.83954e+06  22723998066740.6
1.83954e+06  46299234537484.1
1.85454e+06  5972240426347.16
1.85454e+06  17909470686477.5
1.85454e+06  22723998105545
1.85454e+06  46589696198643.9
1.85454e+06  5972240426347.16
1.85454e+06  17909470686477.5
1.85454e+06  22723998105545
1.85454e+06  46589696198643.9
1.85454e+06  5972240426347.16
1.85454e+06  17909470686477.5
1.85454e+06  22723998105545
1.85454e+06  46589696198643.9
1.86955e+06  5972240279281.04
1.86955e+06  17941699707927.9
1.86955e+06  22723998144179.5
1.86955e+06  46881054767752.8
1.86955e+06  5972240279281.04
1.86955e+06  17941699707927.9
1.86955e+06  22723998144179.5
1.86955e+06  46881054767752.8
1.88455e+06  5972240131569.74
1.88455e+06  17973197607144
1.88455e+06  22723998182984.2
1.88455e+06  47173287223359.7
1.88455e+06  5972240131569.74
1.88455e+06  17973197607144
1.88455e+06  22723998182984.2
1.88455e+06  47173287223359.7
1.88455e+06  5972240131569.74
1.88455e+06  17973197607144
1.88455e+06  22723998182984.2
1.88455e+06  47173287223359.7
1.89956e+06  5972239980571.65
1.89956e+06  18003984630181.3
1.89956e+06  22723998222653.1
1.89956e+06  47466371190051
1.89956e+06  5972239980571.65
1.89956e+06  18003984630181.3
1.89956e+06  22723998222653.1
1.89956e+06  47466371190051
1.91456e+06  5972239828874.18
1.91456e+06  18034080508429.1
1.91456e+06  22723998262505.9
1.91456e+06  47760284959839.7
1.91456e+06  5972239828874.18
1.91456e+06  18034080508429.1
1.91456e+06  22723998262505.9
1.91456e+06  47760284959839.7
1.91456e+06  5972239828874.18
1.91456e+06  18034080508429.1
1.91456e+06  22723998262505.9
1.91456e+06  47760284959839.7
1.92957e+06  5972239677877.49
1.92957e+06  18063504228206.3
1.92957e+06  22723998302175.2
1.92957e+06  48055007434958.3
1.92957e+06  5972239677877.49
1.92957e+06  18063504228206.3
1.92957e+06  22723998302175.2
1.92957e+06  48055007434958.3
1.94457e+06  5972239524835.34
1.94457e+06  18092274349046.8
1.94457e+06  22723998342382.3
1.94457e+06  48350518149500.5
1.94457e+06  5972239524835.34
1.94457e+06  18092274349046.8
1.94457e+06  22723998342382.3
1.94457e+06  48350518149500.5
1.94457e+06  5972239524835.34
1.94457e+06  18092274349046.8
1.94457e+06  22723998342382.3
1.94457e+06  48350518149500.5
1.95957e+06  5972239368506.32
1.95957e+06  18120408609246.1
1.95957e+06  22723998383453.5
1.95957e+06  48646797223429
1.95957e+06  5972239368506.32
1.95957e+06  18120408609246.1
1.95957e+06  22723998383453.5
1.95957e+06  48646797223429
1.97458e+06  5972239211477.82
1.97458e+06  18147924545352.6
1.97458e+06  22723998424708.6
1.97458e+06  48943825349604.4
1.97458e+06  5972239211477.82
1.97458e+06  18147924545352.6
1.97458e+06  22723998424708.6
1.97458e+06  48943825349604.4
1.97458e+06  5972239211477.82
1.97458e+06  18147924545352.6
1.97458e+06  22723998424708.6
1.97458e+06  48943825349604.4
1.98958e+06  5972239056496.06
1.98958e+06  18174838987965.9
1.98958e+06  22723998465426.2
1.98958e+06  49241583792817.7
1.98958e+06  5972239056496.06
1.98958e+06  18174838987965.9
1.98958e+06  22723998465426.2
1.98958e+06  49241583792817.7
2.00459e+06  5972238897527.26
2.00459e+06  18201168227485.5
2.00459e+06  22723998507191.7
2.00459e+06  49540054364321.5
2.00459e+06  5972238897527.26
2.00459e+06  18201168227485.5
2.00459e+06  22723998507191.7
2.00459e+06  49540054364321.5
2.00459e+06  5972238897527.26
2.00459e+06  18201168227485.5
2.00459e+06  22723998507191.7
2.00459e+06  49540054364321.5
2.01959e+06  5972238739049.86
2.01959e+06  18226928094698.2
2.01959e+06  22723998548828.9
2.01959e+06  49839219405019.3
2.01959e+06  5972238739049.86
2.01959e+06  18226928094698.2
2.01959e+06  22723998548828.9
2.01959e+06  49839219405019.3
2.0346e+06  5972238579436.25
2.0346e+06  18252134033119
2.0346e+06  22723998590764.8
2.0346e+06  5972238579436.25
2.0346e+06  18252134033119
2.0346e+06  22723998590764.8
2.0346e+06  5972238579436.25
2.0346e+06  18252134033119
2.0346e+06  22723998590764.8
2.0496e+06  5972238415135.47
2.0496e+06  18276800903854.2
2.0496e+06  22723998633932.5
2.0496e+06  5972238415135.47
2.0496e+06  18276800903854.2
2.0496e+06  22723998633932.5
2.0646e+06  5972238253476.79
2.0646e+06  18300943058661.8
2.0646e+06  22723998676406.4
2.0646e+06  5972238253476.79
2.0646e+06  18300943058661.8
2.0646e+06  22723998676406.4
2.0646e+06  5972238253476.79
2.0646e+06  18300943058661.8
2.0646e+06  22723998676406.4
2.07961e+06  5972238089177.03
2.07961e+06  18324574633634.2
2.07961e+06  22723998719574.3
2.07961e+06  5972238089177.03
2.07961e+06  18324574633634.2
2.07961e+06  22723998719574.3
2.09461e+06  5972237923531.73
2.09461e+06  18347709208779.2
2.09461e+06  22723998763096.3
2.09461e+06  5972237923531.73
2.09461e+06  18347709208779.2
2.09461e+06  22723998763096.3
2.09461e+06  5972237923531.73
2.09461e+06  18347709208779.2
2.09461e+06  22723998763096.3
2.10962e+06  5972237754494.77
2.10962e+06  18370359808059.8
2.10962e+06  22723998807510.1
2.10962e+06  5972237754494.77
2.10962e+06  18370359808059.8
2.10962e+06  22723998807510.1
2.12462e+06  5972237588850.41
2.12462e+06  18392539298857.8
2.12462e+06  22723998851032.4
2.12462e+06  5972237588850.41
2.12462e+06  18392539298857.8
2.12462e+06  22723998851032.4
2.12462e+06  5972237588850.41
2.12462e+06  18392539298857.8
2.12462e+06  22723998851032.4
2.13963e+06  5972237417872.86
2.13963e+06  18414260167194.4
2.13963e+06  22723998895956.5
2.13963e+06  5972237417872.86
2.13963e+06  18414260167194.4
2.13963e+06  22723998895956.5
2.15463e+06  5972237248241.77
2.15463e+06  18435534136854.3
2.15463e+06  22723998940526.8
2.15463e+06  5972237248241.77
2.15463e+06  18435534136854.3
2.15463e+06  22723998940526.8
2.15463e+06  5972237248241.77
2.15463e+06  18435534136854.3
2.15463e+06  22723998940526.8
2.16964e+06  5972237077965.18
2.16964e+06  18456373134960.3
2.16964e+06  22723998985267.4
2.16964e+06  5972237077965.18
2.16964e+06  18456373134960.3
2.16964e+06  22723998985267.4
2.18464e+06  5972236906288.81
2.18464e+06  18476788366994
2.18464e+06  22723999030375.7
2.18464e+06  5972236906288.81
2.18464e+06  18476788366994
2.18464e+06  22723999030375.7
2.18464e+06  5972236906288.81
2.18464e+06  18476788366994
2.18464e+06  22723999030375.7
2.19964e+06  5972236729979.3
2.19964e+06  18496790718899.8
2.19964e+06  22723999076702
2.19964e+06  5972236729979.3
2.19964e+06  18496790718899.8
2.19964e+06  22723999076702
2.21465e+06  5972236556416.39
2.21465e+06  18516390811747.6
2.21465e+06  22723999122307
2.21465e+06  5972236556416.39
2.21465e+06  18516390811747.6
2.21465e+06  22723999122307
2.21465e+06  5972236556416.39
2.21465e+06  18516390811747.6
2.21465e+06  22723999122307
2.22965e+06  5972236380107.65
2.22965e+06  18535599052094.5
2.22965e+06  22723999168633.6
2.22965e+06  5972236380107.65
2.22965e+06  18535599052094.5
2.22965e+06  22723999168633.6
2.24466e+06  5972236201857.79
2.24466e+06  18554425385983
2.24466e+06  22723999215470.3
2.24466e+06  5972236201857.79
2.24466e+06  18554425385983
2.24466e+06  22723999215470.3
2.24466e+06  5972236201857.79
2.24466e+06  18554425385983
2.24466e+06  22723999215470.3
2.25966e+06  5972236025445.16
2.25966e+06  18572879542383
2.25966e+06  22723999261824.8
2.25966e+06  5972236025445.16
2.25966e+06  18572879542383
2.25966e+06  22723999261824.8
2.27467e+06  5972235845149.89
2.27467e+06  18590970869624.7
2.27467e+06  22723999309199.6
2.27467e+06  5972235845149.89
2.27467e+06  18590970869624.7
2.27467e+06  22723999309199.6
2.27467e+06  5972235845149.89
2.27467e+06  18590970869624.7
2.27467e+06  22723999309199.6
2.28967e+06  5972235663613.58
2.28967e+06  18608708641321.4
2.28967e+06  22723999356900.7
2.28967e+06  5972235663613.58
2.28967e+06  18608708641321.4
2.28967e+06  22723999356900.7
2.30468e+06  5972235483318.99
2.30468e+06  18626101482359
2.30468e+06  22723999404275.7
2.30468e+06  5972235483318.99
2.30468e+06  18626101482359
2.30468e+06  22723999404275.7
2.30468e+06  5972235483318.99
2.30468e+06  18626101482359
2.30468e+06  22723999404275.7
2.31968e+06  5972235298391.18
2.31968e+06  18643158218611.6
2.31968e+06  22723999452868.7
2.31968e+06  5972235298391.18
2.31968e+06  18643158218611.6
2.31968e+06  22723999452868.7
2.33468e+06  5972235113463.7
2.33468e+06  18659887058865.7
2.33468e+06  22723999501461.8
2.33468e+06  5972235113463.7
2.33468e+06  18659887058865.7
2.33468e+06  22723999501461.8
2.33468e+06  5972235113463.7
2.33468e+06  18659887058865.7
2.33468e+06  22723999501461.8
2.34969e+06  5972234927836.43
2.34969e+06  18676296236071.4
2.34969e+06  22723999550238.8
2.34969e+06  5972234927836.43
2.34969e+06  18676296236071.4
2.34969e+06  22723999550238.8
2.36469e+06  5972234742909.56
2.36469e+06  18692393423919.9
2.36469e+06  22723999598832.2
2.36469e+06  5972234742909.56
2.36469e+06  18692393423919.9
2.36469e+06  22723999598832.2
2.36469e+06  5972234742909.56
2.36469e+06  18692393423919.9
2.36469e+06  22723999598832.2
2.3797e+06  5972234555341.4
2.3797e+06  18708186476997.4
2.3797e+06  22723999648119.5
2.3797e+06  5972234555341.4
2.3797e+06  18708186476997.4
2.3797e+06  22723999648119.5
2.3947e+06  5972234365081.48
2.3947e+06  18723682657070.1
2.3947e+06  22723999698114.8
2.3947e+06  5972234365081.48
2.3947e+06  18723682657070.1
2.3947e+06  22723999698114.8
2.3947e+06  5972234365081.48
2.3947e+06  18723682657070.1
2.3947e+06  22723999698114.8
2.40971e+06  5972234174821.83
2.40971e+06  18738889172024.2
2.40971e+06  22723999748110.3
2.40971e+06  5972234174821.83
2.40971e+06  18738889172024.2
2.40971e+06  22723999748110.3
2.42471e+06  5972233982516.35
2.42471e+06  18753813144806.5
2.42471e+06  22723999798643.5
2.42471e+06  5972233982516.35
2.42471e+06  18753813144806.5
2.42471e+06  22723999798643.5
2.42471e+06  5972233982516.35
2.42471e+06  18753813144806.5
2.42471e+06  22723999798643.5
2.43971e+06  5972233790315.76
2.43971e+06  18768461159434.8
2.43971e+06  22723999849149.2
2.43971e+06  5972233790315.76
2.43971e+06  18768461159434.8
2.43971e+06  22723999849149.2
2.45472e+06  5972233596069.32
2.45472e+06  18782840049364.5
2.45472e+06  22723999900192.7
2.45472e+06  5972233596069.32
2.45472e+06  18782840049364.5
2.45472e+06  22723999900192.7
2.45472e+06  5972233596069.32
2.45472e+06  18782840049364.5
2.45472e+06  22723999900192.7
2.46972e+06  5972233401123.04
2.46972e+06  18796956000288.5
2.46972e+06  22723999951420.1
2.46972e+06  5972233401123.04
2.46972e+06  18796956000288.5
2.46972e+06  22723999951420.1
2.48473e+06  5972233203589.6
2.48473e+06  18810815460335.3
2.48473e+06  22724000003328.6
2.48473e+06  5972233203589.6
2.48473e+06  18810815460335.3
2.48473e+06  22724000003328.6
2.48473e+06  5972233203589.6
2.48473e+06  18810815460335.3
2.48473e+06  22724000003328.6
2.49973e+06  5972233007893.26
2.49973e+06  18824424225000.9
2.49973e+06  22724000054766.2
2.49973e+06  5972233007893.26
2.49973e+06  18824424225000.9
2.49973e+06  22724000054766.2
2.51474e+06  5972232811706.32
2.51474e+06  18837788454910.4
2.51474e+06  22724000106332.2
2.51474e+06  5972232811706.32
2.51474e+06  18837788454910.4
2.51474e+06  22724000106332.2
2.51474e+06  5972232811706.32
2.51474e+06  18837788454910.4
2.51474e+06  22724000106332.2
2.52974e+06  5972232608839.97
2.52974e+06  18850913540143.4
2.52974e+06  22724000159654.2
2.52974e+06  5972232608839.97
2.52974e+06  18850913540143.4
2.52974e+06  22724000159654.2
2.54475e+06  5972232408615.42
2.54475e+06  18863805360569
2.54475e+06  22724000212282.1
2.54475e+06  5972232408615.42
2.54475e+06  18863805360569
2.54475e+06  22724000212282.1
2.54475e+06  5972232408615.42
2.54475e+06  18863805360569
2.54475e+06  22724000212282.1
2.55975e+06  5972232206395.45
2.55975e+06  18876469000634
2.55975e+06  22724000265433.6
2.55975e+06  5972232206395.45
2.55975e+06  18876469000634
2.55975e+06  22724000265433.6
2.57475e+06  5972232002183.75
2.57475e+06  18888909967829.3
2.57475e+06  22724000319109.2
2.57475e+06  5972232002183.75
2.57475e+06  18888909967829.3
2.57475e+06  22724000319109.2
2.57475e+06  5972232002183.75
2.57475e+06  18888909967829.3
2.57475e+06  22724000319109.2
2.58976e+06  5972231799213.65
2.58976e+06  18901133267309
2.58976e+06  22724000372458.4
2.58976e+06  5972231799213.65
2.58976e+06  18901133267309
2.58976e+06  22724000372458.4
2.60476e+06  5972231593706.82
2.60476e+06  18913143837393.5
2.60476e+06  22724000426473.8
2.60476e+06  5972231593706.82
2.60476e+06  18913143837393.5
2.60476e+06  22724000426473.8
2.60476e+06  5972231593706.82
2.60476e+06  18913143837393.5
2.60476e+06  22724000426473.8
2.61977e+06  5972231384162.12
2.61977e+06  18924946465729.9
2.61977e+06  22724000481551.1
2.61977e+06  5972231384162.12
2.61977e+06  18924946465729.9
2.61977e+06  22724000481551.1
2.63477e+06  5972231176609.58
2.63477e+06  18936545938988.6
2.63477e+06  22724000536104.2
2.63477e+06  5972231176609.58
2.63477e+06  18936545938988.6
2.63477e+06  22724000536104.2
2.63477e+06  5972231176609.58
2.63477e+06  18936545938988.6
2.63477e+06  22724000536104.2
2.64978e+06  5972230968411.31
2.64978e+06  18947946782101.7
2.64978e+06  22724000590827.3
2.64978e+06  5972230968411.31
2.64978e+06  18947946782101.7
2.64978e+06  22724000590827.3
2.66478e+06  5972230758867.21
2.66478e+06  18959153484564.5
2.66478e+06  22724000645904.3
2.66478e+06  5972230758867.21
2.66478e+06  18959153484564.5
2.66478e+06  22724000645904.3
2.66478e+06  5972230758867.21
2.66478e+06  18959153484564.5
2.66478e+06  22724000645904.3
2.67979e+06  5972230545335.7
2.67979e+06  18970170274538.3
2.67979e+06  22724000702029.3
2.67979e+06  5972230545335.7
2.67979e+06  18970170274538.3
2.67979e+06  22724000702029.3
2.69479e+06  5972230334391.79
2.69479e+06  18981001302621.6
2.69479e+06  22724000757473.7
2.69479e+06  5972230334391.79
2.69479e+06  18981001302621.6
2.69479e+06  22724000757473.7
2.69479e+06  5972230334391.79
2.69479e+06  18981001302621.6
2.69479e+06  22724000757473.7
2.70979e+06  5972230119619.26
2.70979e+06  18991650889385.3
2.70979e+06  22724000813924.8
2.70979e+06  5972230119619.26
2.70979e+06  18991650889385.3
2.70979e+06  22724000813924.8
2.7248e+06  5972229904042.18
2.7248e+06  19002122795807.5
2.7248e+06  22724000870587.3
2.7248e+06  5972229904042.18
2.7248e+06  19002122795807.5
2.7248e+06  22724000870587.3
2.7248e+06  5972229904042.18
2.7248e+06  19002122795807.5
2.7248e+06  22724000870587.3
2.7398e+06  5972229686523.8
2.7398e+06  19012420975813.4
2.7398e+06  22724000927759.8
2.7398e+06  5972229686523.8
2.7398e+06  19012420975813.4
2.7398e+06  22724000927759.8
2.75481e+06  5972229469005.59
2.75481e+06  19022549218648
2.75481e+06  22724000984932.3
2.75481e+06  5972229469005.59
2.75481e+06  19022549218648
2.75481e+06  22724000984932.3
2.75481e+06  5972229469005.59
2.75481e+06  19022549218648
2.75481e+06  22724000984932.3
2.76981e+06  5972229250141.53
2.76981e+06  19032511187765.3
2.76981e+06  22724001042458.7
2.76981e+06  5972229250141.53
2.76981e+06  19032511187765.3
2.76981e+06  22724001042458.7
2.78482e+06  5972229031277.64
2.78482e+06  19042310565583.6
2.78482e+06  22724001099984.9
2.78482e+06  5972229031277.64
2.78482e+06  19042310565583.6
2.78482e+06  22724001099984.9
2.78482e+06  5972229031277.64
2.78482e+06  19042310565583.6
2.78482e+06  22724001099984.9
2.79982e+06  5972228812413.91
2.79982e+06  19051950524655.9
2.79982e+06  22724001157511.1
2.79982e+06  5972228812413.91
2.79982e+06  19051950524655.9
2.79982e+06  22724001157511.1
2.81482e+06  5972228585575.15
2.81482e+06  19061434758537
2.81482e+06  22724001217133.2
2.81482e+06  5972228585575.15
2.81482e+06  19061434758537
2.81482e+06  22724001217133.2
2.81482e+06  5972228585575.15
2.81482e+06  19061434758537
2.81482e+06  22724001217133.2
2.82983e+06  5972228364770.26
2.82983e+06  19070766615198.9
2.82983e+06  22724001275169.4
2.82983e+06  5972228364770.26
2.82983e+06  19070766615198.9
2.82983e+06  22724001275169.4
2.84483e+06  5972228139227.37
2.84483e+06  19079948860674.5
2.84483e+06  22724001334451.3
2.84483e+06  5972228139227.37
2.84483e+06  19079948860674.5
2.84483e+06  22724001334451.3
2.84483e+06  5972228139227.37
2.84483e+06  19079948860674.5
2.84483e+06  22724001334451.3
2.85984e+06  5972227913089.17
2.85984e+06  19088985086102
2.85984e+06  22724001393889.3
2.85984e+06  5972227913089.17
2.85984e+06  19088985086102
2.85984e+06  22724001393889.3
2.87484e+06  5972227686846.49
2.87484e+06  19097878249576
2.87484e+06  22724001453354.9
2.87484e+06  5972227686846.49
2.87484e+06  19097878249576
2.87484e+06  22724001453354.9
2.87484e+06  5972227686846.49
2.87484e+06  19097878249576
2.87484e+06  22724001453354.9
2.88985e+06  5972227460708.59
2.88985e+06  19106631239359.9
2.88985e+06  22724001512792.7
2.88985e+06  5972227460708.59
2.88985e+06  19106631239359.9
2.88985e+06  22724001512792.7
2.90485e+06  5972227227295.73
2.90485e+06  19115247125814.8
2.90485e+06  22724001574142.6
2.90485e+06  5972227227295.73
2.90485e+06  19115247125814.8
2.90485e+06  22724001574142.6
2.90485e+06  5972227227295.73
2.90485e+06  19115247125814.8
2.90485e+06  22724001574142.6
2.91986e+06  5972226997765.99
2.91986e+06  19123728438216.5
2.91986e+06  22724001634472.1
2.91986e+06  5972226997765.99
2.91986e+06  19123728438216.5
2.91986e+06  22724001634472.1
2.93486e+06  5972226767536.29
2.93486e+06  19132077977395.7
2.93486e+06  22724001694985.4
2.93486e+06  5972226767536.29
2.93486e+06  19132077977395.7
2.93486e+06  22724001694985.4
2.93486e+06  5972226767536.29
2.93486e+06  19132077977395.7
2.93486e+06  22724001694985.4
2.94986e+06  5972226532777.85
2.94986e+06  19140298815951.1
2.94986e+06  22724001756689
2.94986e+06  5972226532777.85
2.94986e+06  19140298815951.1
2.94986e+06  22724001756689
2.96487e+06  5972226299260.93
2.96487e+06  19148393102445
2.96487e+06  22724001818066.3
2.96487e+06  5972226299260.93
2.96487e+06  19148393102445
2.96487e+06  22724001818066.3
2.96487e+06  5972226299260.93
2.96487e+06  19148393102445
2.96487e+06  22724001818066.3
2.97987e+06  5972226063802.66
2.97987e+06  19156363721884.1
2.97987e+06  22724001879953.6
2.97987e+06  5972226063802.66
2.97987e+06  19156363721884.1
2.97987e+06  22724001879953.6
2.99488e+06  5972225825652.49
2.99488e+06  19164213113434.1
2.99488e+06  22724001942548.9
2.99488e+06  5972225825652.49
2.99488e+06  19164213113434.1
2.99488e+06  22724001942548.9
2.99488e+06  5972225825652.49
2.99488e+06  19164213113434.1
2.99488e+06  22724001942548.9
3.00988e+06  5972225588848.47
3.00988e+06  19171943401857.9
3.00988e+06  22724002004790
3.00988e+06  5972225588848.47
3.00988e+06  19171943401857.9
3.00988e+06  22724002004790
3.02489e+06  5972225349998.47
3.02489e+06  19179557341380.1
3.02489e+06  22724002067569
3.02489e+06  5972225349998.47
3.02489e+06  19179557341380.1
3.02489e+06  22724002067569
3.02489e+06  5972225349998.47
3.02489e+06  19179557341380.1
3.02489e+06  22724002067569
3.03989e+06  5972225109907.2
3.03989e+06  19187057097721.9
3.03989e+06  22724002130674.2
3.03989e+06  5972225109907.2
3.03989e+06  19187057097721.9
3.03989e+06  22724002130674.2
3.0549e+06  5972224869711.43
3.0549e+06  19194444927062.7
3.0549e+06  22724002193806.9
3.0549e+06  5972224869711.43
3.0549e+06  19194444927062.7
3.0549e+06  22724002193806.9
3.0549e+06  5972224869711.43
3.0549e+06  19194444927062.7
3.0549e+06  22724002193806.9
3.0699e+06  5972224626978.84
3.0699e+06  19201723202304.9
3.0699e+06  22724002257606
3.0699e+06  5972224626978.84
3.0699e+06  19201723202304.9
3.0699e+06  22724002257606
3.0849e+06  5972224380854.25
3.0849e+06  19208893592864.4
3.0849e+06  22724002322296.7
3.0849e+06  5972224380854.25
3.0849e+06  19208893592864.4
3.0849e+06  22724002322296.7
3.0849e+06  5972224380854.25
3.0849e+06  19208893592864.4
3.0849e+06  22724002322296.7
3.09991e+06  5972224139312.83
3.09991e+06  19215958608274.9
3.09991e+06  22724002385783.3
3.09991e+06  5972224139312.83
3.09991e+06  19215958608274.9
3.09991e+06  22724002385783.3
3.11491e+06  5972223893188.48
3.11491e+06  19222920242983.9
3.11491e+06  22724002450473.9
3.11491e+06  5972223893188.48
3.11491e+06  19222920242983.9
3.11491e+06  22724002450473.9
3.11491e+06  5972223893188.48
3.11491e+06  19222920242983.9
3.11491e+06  22724002450473.9
3.12992e+06  5972223643776.75
3.12992e+06  19229780583088.5
3.12992e+06  22724002516028.6
3.12992e+06  5972223643776.75
3.12992e+06  19229780583088.5
3.12992e+06  22724002516028.6
3.14492e+06  5972223396306.61
3.14492e+06  19236541104260.7
3.14492e+06  22724002581073.1
3.14492e+06  5972223396306.61
3.14492e+06  19236541104260.7
3.14492e+06  22724002581073.1
3.14492e+06  5972223396306.61
3.14492e+06  19236541104260.7
3.14492e+06  22724002581073.1
3.15993e+06  5972223147490.57
3.15993e+06  19243204374513.6
3.15993e+06  22724002646471.6
3.15993e+06  5972223147490.57
3.15993e+06  19243204374513.6
3.15993e+06  22724002646471.6
3.17493e+06  5972222895437.61
3.17493e+06  19249771809917.6
3.17493e+06  22724002712720
3.17493e+06  5972222895437.61
3.17493e+06  19249771809917.6
3.17493e+06  22724002712720
3.17493e+06  5972222895437.61
3.17493e+06  19249771809917.6
3.17493e+06  22724002712720
3.18993e+06  5972222645275.78
3.18993e+06  19256245331351.4
3.18993e+06  22724002778472.4
3.18993e+06  5972222645275.78
3.18993e+06  19256245331351.4
3.18993e+06  22724002778472.4
3.20494e+06  5972222390531.01
3.20494e+06  19262626511158.5
3.20494e+06  22724002845428.7
3.20494e+06  5972222390531.01
3.20494e+06  19262626511158.5
3.20494e+06  22724002845428.7
3.20494e+06  5972222390531.01
3.20494e+06  19262626511158.5
3.20494e+06  22724002845428.7
3.21994e+06  5972222135786.35
3.21994e+06  19268917427365.3
3.21994e+06  22724002912385
3.21994e+06  5972222135786.35
3.21994e+06  19268917427365.3
3.21994e+06  22724002912385
3.23495e+06  5972221881637.26
3.23495e+06  19275119701400.9
3.23495e+06  22724002979185.1
3.23495e+06  5972221881637.26
3.23495e+06  19275119701400.9
3.23495e+06  22724002979185.1
3.23495e+06  5972221881637.26
3.23495e+06  19275119701400.9
3.23495e+06  22724002979185.1
3.24995e+06  5972221626192.73
3.24995e+06  19281235056808.7
3.24995e+06  22724003046325
3.24995e+06  5972221626192.73
3.24995e+06  19281235056808.7
3.24995e+06  22724003046325
3.26496e+06  5972221366114.79
3.26496e+06  19287264804145.1
3.26496e+06  22724003114683.1
3.26496e+06  5972221366114.79
3.26496e+06  19287264804145.1
3.26496e+06  22724003114683.1
3.26496e+06  5972221366114.79
3.26496e+06  19287264804145.1
3.26496e+06  22724003114683.1
3.27996e+06  5972221107382.97
3.27996e+06  19293210640996.1
3.27996e+06  22724003182687.1
3.27996e+06  5972221107382.97
3.27996e+06  19293210640996.1
3.27996e+06  22724003182687.1
3.29497e+06  5972220845959.23
3.29497e+06  19299074036147.2
3.29497e+06  22724003251399
3.29497e+06  5972220845959.23
3.29497e+06  19299074036147.2
3.29497e+06  22724003251399
3.29497e+06  5972220845959.23
3.29497e+06  19299074036147.2
3.29497e+06  22724003251399
3.30997e+06  5972220586477.05
3.30997e+06  19304856843974.1
3.30997e+06  22724003319600.8
3.30997e+06  5972220586477.05
3.30997e+06  19304856843974.1
3.30997e+06  22724003319600.8
3.32497e+06  5972220323112.03
3.32497e+06  19310560173532.4
3.32497e+06  22724003388822.8
3.32497e+06  5972220323112.03
3.32497e+06  19310560173532.4
3.32497e+06  22724003388822.8
3.32497e+06  5972220323112.03
3.32497e+06  19310560173532.4
3.32497e+06  22724003388822.8
3.33998e+06  5972220057000.92
3.33998e+06  19316185808276.6
3.33998e+06  22724003458766.3
3.33998e+06  5972220057000.92
3.33998e+06  19316185808276.6
3.33998e+06  22724003458766.3
3.35498e+06  5972219792290.09
3.35498e+06  19321734905544.5
3.35498e+06  22724003528342.2
3.35498e+06  5972219792290.09
3.35498e+06  19321734905544.5
3.35498e+06  22724003528342.2
3.35498e+06  5972219792290.09
3.35498e+06  19321734905544.5
3.35498e+06  22724003528342.2
3.36999e+06  5972219526179.17
3.36999e+06  19327208742024.7
3.36999e+06  22724003598285.6
3.36999e+06  5972219526179.17
3.36999e+06  19327208742024.7
3.36999e+06  22724003598285.6
3.38499e+06  5972219261468.53
3.38499e+06  19332608713668.4
3.38499e+06  22724003667861.3
3.38499e+06  5972219261468.53
3.38499e+06  19332608713668.4
3.38499e+06  22724003667861.3
3.38499e+06  5972219261468.53
3.38499e+06  19332608713668.4
3.38499e+06  22724003667861.3
3.4e+06  5972218990724.3
3.4e+06  19337936334247
3.4e+06  22724003739022.8
3.4e+06  5972218990724.3
3.4e+06  19337936334247
3.4e+06  22724003739022.8
3.415e+06  5972218721921.64
3.415e+06  19343192972791.7
3.415e+06  22724003809674
3.415e+06  5972218721921.64
3.415e+06  19343192972791.7
3.415e+06  22724003809674
3.415e+06  5972218721921.64
3.415e+06  19343192972791.7
3.415e+06  22724003809674
3.43e+06  5972218451282.24
3.43e+06  19348379441503.6
3.43e+06  22724003880807.7
3.43e+06  5972218451282.24
3.43e+06  19348379441503.6
3.43e+06  22724003880807.7
3.44501e+06  5972218179192.28
3.44501e+06  19353497266815.4
3.44501e+06  22724003952323
3.44501e+06  5972218179192.28
3.44501e+06  19353497266815.4
3.44501e+06  22724003952323
3.44501e+06  5972218179192.28
3.44501e+06  19353497266815.4
3.44501e+06  22724003952323
3.46001e+06  5972217905806.87
3.46001e+06  19358547693209.4
3.46001e+06  22724004024178.2
3.46001e+06  5972217905806.87
3.46001e+06  19358547693209.4
3.46001e+06  22724004024178.2
3.47502e+06  5972217629729.52
3.47502e+06  19363531804009
3.47502e+06  22724004096741.3
3.47502e+06  5972217629729.52
3.47502e+06  19363531804009
3.47502e+06  22724004096741.3
3.47502e+06  5972217629729.52
3.47502e+06  19363531804009
3.47502e+06  22724004096741.3
3.49002e+06  5972217354998.28
3.49002e+06  19368450782159.8
3.49002e+06  22724004168950.4
3.49002e+06  5972217354998.28
3.49002e+06  19368450782159.8
3.49002e+06  22724004168950.4
3.50503e+06  5972217078275.19
3.50503e+06  19373305907637
3.50503e+06  22724004241683.6
3.50503e+06  5972217078275.19
3.50503e+06  19373305907637
3.50503e+06  22724004241683.6
3.50503e+06  5972217078275.19
3.50503e+06  19373305907637
3.50503e+06  22724004241683.6
3.52003e+06  5972216802198.12
3.52003e+06  19378097810496.8
3.52003e+06  22724004314246.6
3.52003e+06  5972216802198.12
3.52003e+06  19378097810496.8
3.52003e+06  22724004314246.6
3.53504e+06  5972216522133.55
3.53504e+06  19382828114565.4
3.53504e+06  22724004387857.5
3.53504e+06  5972216522133.55
3.53504e+06  19382828114565.4
3.53504e+06  22724004387857.5
3.53504e+06  5972216522133.55
3.53504e+06  19382828114565.4
3.53504e+06  22724004387857.5
3.55004e+06  5972216239481.69
3.55004e+06  19387497395595.8
3.55004e+06  22724004462148.7
3.55004e+06  5972216239481.69
3.55004e+06  19387497395595.8
3.55004e+06  22724004462148.7
3.56504e+06  5972215960012.76
3.56504e+06  19392107140080.1
3.56504e+06  22724004535603.3
3.56504e+06  5972215960012.76
3.56504e+06  19392107140080.1
3.56504e+06  22724004535603.3
3.56504e+06  5972215960012.76
3.56504e+06  19392107140080.1
3.56504e+06  22724004535603.3
3.58005e+06  5972215676660.98
3.58005e+06  19396658166485.9
3.58005e+06  22724004610078.2
3.58005e+06  5972215676660.98
3.58005e+06  19396658166485.9
3.58005e+06  22724004610078.2
3.59505e+06  5972215393309.29
3.59505e+06  19401151376596.9
3.59505e+06  22724004684553
3.59655e+06  5972215372079.2
3.59655e+06  19401597491374.6
3.59655e+06  22724004690132.9
3.60256e+06  5972215256294.06
3.60256e+06  19403376599036.1
3.60256e+06  22724004720565.5
3.60856e+06  5972215141209.02
3.60856e+06  19405146705483.2
3.60856e+06  22724004750814.2
3.61456e+06  5972215024128.37
3.61456e+06  19406907764339.3
3.61456e+06  22724004781586.7
3.62056e+06  5972214910389.37
3.62056e+06  19408660097415
3.62056e+06  22724004811481.4
3.62656e+06  5972214792662.82
3.62656e+06  19410403427838.7
3.62656e+06  22724004842424.1
3.63256e+06  5972214677577.84
3.63256e+06  19412138130060.8
3.63256e+06  22724004872672.8
3.63857e+06  5972214561792.78
3.63857e+06  19413864068185.1
3.63857e+06  22724004903105.3
3.64457e+06  5972214442824.89
3.64457e+06  19415581297729.5
3.64457e+06  22724004934374.3
3.65057e+06  5972214326339.77
3.65057e+06  19417290196871.1
3.65057e+06  22724004964990.6
3.65657e+06  5972214211254.85
3.65657e+06  19418990127030.3
3.65657e+06  22724004995239.3
3.66257e+06  5972214091586.91
3.66257e+06  19420681991323.8
3.66257e+06  22724005026692.1
3.66857e+06  5972213975101.84
3.66857e+06  19422365174881.1
3.66857e+06  22724005057308.3
3.67458e+06  5972213858075.48
3.67458e+06  19424039983476.7
3.67458e+06  22724005088067.1
3.68058e+06  5972213739003.04
3.68058e+06  19425706793562
3.68058e+06  22724005119363.7
3.68658e+06  5972213621276.63
3.68658e+06  19427364990413.4
3.68658e+06  22724005150306.3
3.69258e+06  5972213504145.68
3.69258e+06  19429015020347.8
3.69258e+06  22724005181092.8
3.70008e+06  5972213384477.47
3.70008e+06  19431066251902.7
3.70008e+06  22724005212545.3
3.70609e+06  5972213268692.57
3.70609e+06  19432698314589.9
3.70609e+06  22724005242977.7
3.71209e+06  5972213146332.72
3.71209e+06  19434322114476.2
3.71209e+06  22724005275138.4
3.71809e+06  5972213029847.75
3.71809e+06  19435937826844.1
3.71809e+06  22724005305754.6
3.72409e+06  5972212910179.95
3.72409e+06  19437545759987.4
3.72409e+06  22724005337207.3
3.73009e+06  5972212790461.7
3.73009e+06  19439145938580.8
3.73009e+06  22724005368674.1
3.73609e+06  5972212670689.29
3.73609e+06  19440738388656.1
3.73609e+06  22724005400154.4
3.7421e+06  5972212549675.52
3.7421e+06  19442322726420.1
3.7421e+06  22724005431961.1
3.7481e+06  5972212429903.14
3.7481e+06  19443899366845.7
3.7481e+06  22724005463441.4
3.7541e+06  5972212310130.77
3.7541e+06  19445468406567.8
3.7541e+06  22724005494921.7
3.7601e+06  5972212191758.6
3.7601e+06  19447029877318
3.7601e+06  22724005526034.4
3.7661e+06  5972212068698.78
3.7661e+06  19448583813808
3.7661e+06  22724005558378.8
3.77211e+06  5972211947685.08
3.77211e+06  19450130250329.2
3.77211e+06  22724005590185.5
3.77811e+06  5972211829854.23
3.77811e+06  19451669223630.2
3.77811e+06  22724005621155.6
3.78411e+06  5972211708140.46
3.78411e+06  19453200772254.2
3.78411e+06  22724005653146
3.79011e+06  5972211585780.79
3.79011e+06  19454724935368.7
3.79011e+06  22724005685306.6
3.79611e+06  5972211462721.04
3.79611e+06  19456241754257.5
3.79611e+06  22724005717651.1
3.80211e+06  5972211339661.3
3.80211e+06  19457751264447.7
3.80211e+06  22724005749995.4
3.80812e+06  5972211221289.23
3.80812e+06  19459253511770.1
3.80812e+06  22724005781108.1
3.81412e+06  5972211098229.52
3.81412e+06  19460748580646.3
3.81412e+06  22724005813452.5
3.82012e+06  5972210977111.28
3.82012e+06  19462236463299.5
3.82012e+06  22724005845286.7
3.82762e+06  5972210854051.28
3.82762e+06  19464086095350.4
3.82762e+06  22724005877630.9
3.83362e+06  5972210730345.69
3.83362e+06  19465558076590.4
3.83362e+06  22724005910145.4
3.83962e+06  5972210608632.04
3.83962e+06  19467023067152.9
3.83962e+06  22724005942135.8
3.84563e+06  5972210485572.4
3.84563e+06  19468481118928.8
3.84563e+06  22724005974480.1
3.85163e+06  5972210362512.77
3.85163e+06  19469932286802
3.85163e+06  22724006006824.5
3.85763e+06  5972210238107.14
3.85763e+06  19471376626527.4
3.85763e+06  22724006039522.8
3.86363e+06  5972210112405.98
3.86363e+06  19472814195765.4
3.86363e+06  22724006072561.1
3.86963e+06  5972209989346.39
3.86963e+06  19474245022929.4
3.86963e+06  22724006104905.4
3.87564e+06  5972209864940.8
3.87564e+06  19475668765429.3
3.87564e+06  22724006137603.7
3.88164e+06  5972209741881.23
3.88164e+06  19477085874310.2
3.88164e+06  22724006169948
3.88764e+06  5972209616129.66
3.88764e+06  19478496412565.3
3.88764e+06  22724006203000.3
3.89364e+06  5972209491724.11
3.89364e+06  19479900444287.4
3.89364e+06  22724006235698.6
3.89964e+06  5972209368664.58
3.89964e+06  19481298034901.5
3.89964e+06  22724006268042.9
3.90564e+06  5972209242317.59
3.90564e+06  19482688874096.7
3.90564e+06  22724006301251.3
3.91165e+06  5972209117211.99
3.91165e+06  19484073066016.2
3.91165e+06  22724006334133.4
3.91765e+06  5972208992806.49
3.91765e+06  19485450978093.7
3.91765e+06  22724006366831.7
3.92365e+06  5972208864518.08
3.92365e+06  19486822681151.4
3.92365e+06  22724006400550.2
3.92965e+06  5972208740112.6
3.92965e+06  19488187857968.6
3.92965e+06  22724006433248.5
3.93565e+06  5972208615707.14
3.93565e+06  19489546471552.9
3.93565e+06  22724006465946.7
3.94165e+06  5972208489255.59
3.94165e+06  19490899051882.4
3.94165e+06  22724006499182.8
3.94766e+06  5972208360967.23
3.94766e+06  19492245647805.8
3.94766e+06  22724006532901.3
3.95516e+06  5972208236561.52
3.95516e+06  19493919419957.5
3.95516e+06  22724006565599.3
3.96116e+06  5972208108814.47
3.96116e+06  19495252121215.8
3.96116e+06  22724006599175.2
3.96716e+06  5972207979775.59
3.96716e+06  19496577989461.2
3.96716e+06  22724006633091.6
3.97316e+06  5972207853428.74
3.97316e+06  19497898146889.1
3.97316e+06  22724006666299.9
3.97917e+06  5972207727677.36
3.97917e+06  19499212448983
3.97917e+06  22724006699352.2
3.98517e+06  5972207600630.46
3.98517e+06  19500520220135.6
3.98517e+06  22724006732744.3
3.99117e+06  5972207472237.55
3.99117e+06  19501822501919.2
3.99117e+06  22724006766490.4
3.99717e+06  5972207343249.2
3.99717e+06  19503118526308.2
3.99717e+06  22724006800392.7
4.00317e+06  5972207216151.87
4.00317e+06  19504408716780.1
4.00317e+06  22724006833798.9
4.00917e+06  5972207087759
4.00917e+06  19505693265153.7
4.00917e+06  22724006867545
4.01518e+06  5972206960712.15
4.01518e+06  19506971546447.1
4.01518e+06  22724006900937.1
4.02118e+06  5972206829731.92
4.02118e+06  19508244656518.5
4.02118e+06  22724006935363.5
4.02718e+06  5972206702580.47
4.02718e+06  19509511216690.2
4.02718e+06  22724006968783.3
4.03318e+06  5972206571600.27
4.03318e+06  19510772781768.7
4.03318e+06  22724007003209.7
4.03918e+06  5972206442507.38
4.03918e+06  19512027970877.3
4.03918e+06  22724007037139.6
4.04519e+06  5972206312873.21
4.04519e+06  19513278159653.2
4.04519e+06  22724007071212
4.05119e+06  5972206184375.8
4.05119e+06  19514522070591.2
4.05119e+06  22724007104985.7
4.05719e+06  5972206054741.66
4.05719e+06  19515761092703.9
4.05719e+06  22724007139058.1
4.06319e+06  5972205922361.35
4.06319e+06  19516993790160.7
4.06319e+06  22724007173852.1
4.06919e+06  5972205793322.69
4.06919e+06  19518221676375.1
4.06919e+06  22724007207768.4
4.07519e+06  5972205664229.88
4.07519e+06  19519443423623.8
4.07519e+06  22724007241698.2
4.0827e+06  5972205533249.51
4.0827e+06  19520963307293.4
4.0827e+06  22724007276124.3
4.0887e+06  5972205400869.26
4.0887e+06  19522173318704.1
4.0887e+06  22724007310918.3
4.0947e+06  5972205271130.56
4.0947e+06  19523377641021.5
4.0947e+06  22724007345018.3
4.1007e+06  5972205139450.41
4.1007e+06  19524576647634
4.1007e+06  22724007379628.5
4.1067e+06  5972205007070.19
4.1067e+06  19525770713061.6
4.1067e+06  22724007414422.4
4.1127e+06  5972204874744.15
4.1127e+06  19526958810399.3
4.1127e+06  22724007449202.8
4.11871e+06  5972204744305.42
4.11871e+06  19528142125775.1
4.11871e+06  22724007483486.6
4.12471e+06  5972204611925.23
4.12471e+06  19529320164681
4.12471e+06  22724007518280.5
4.13071e+06  5972204482886.7
4.13071e+06  19530492693675.3
4.13071e+06  22724007552196.7
4.13671e+06  5972204350506.54
4.13671e+06  19531660457712.4
4.13671e+06  22724007586990.6
4.14271e+06  5972204216780.39
4.14271e+06  19532822940472.8
4.14271e+06  22724007622138.5
4.14872e+06  5972204083054.25
4.14872e+06  19533980056885.6
4.14872e+06  22724007657286.4
4.15472e+06  5972203949432.76
4.15472e+06  19535132432712.7
4.15472e+06  22724007692406.7
4.16072e+06  5972203816406.73
4.16072e+06  19536279855507.7
4.16072e+06  22724007727370.8
4.16672e+06  5972203682680.63
4.16672e+06  19537421737535.9
4.16672e+06  22724007762518.7
4.17272e+06  5972203548954.54
4.17272e+06  19538558911235.4
4.17272e+06  22724007797666.6
4.17872e+06  5972203415228.47
4.17872e+06  19539691378580.3
4.17872e+06  22724007832814.4
4.18473e+06  5972203282202.49
4.18473e+06  19540818647093.1
4.18473e+06  22724007867778.5
4.19073e+06  5972203148476.43
4.19073e+06  19541940826644.2
4.19073e+06  22724007902926.4
4.19673e+06  5972203010867.48
4.19673e+06  19543058340943.6
4.19673e+06  22724007939094.5
4.20273e+06  5972202877841.54
4.20273e+06  19544171195843.7
4.20273e+06  22724007974058.6
4.21023e+06  5972202744115.29
4.21023e+06  19545555062116.6
4.21023e+06  22724008009206.2
4.21624e+06  5972202609043.29
4.21624e+06  19546657080085.3
4.21624e+06  22724008044708
4.22224e+06  5972202473375.84
4.22224e+06  19547754443315.7
4.22224e+06  22724008080366
4.22824e+06  5972202338303.86
4.22824e+06  19548846544911.8
4.22824e+06  22724008115867.8
4.23424e+06  5972202203336.52
4.23424e+06  19549934071983.8
4.23424e+06  22724008151342
4.24024e+06  5972202067669.11
4.24024e+06  19551017034076.4
4.24024e+06  22724008187000
4.24624e+06  5972201931897.08
4.24624e+06  19552095441638.2
4.24624e+06  22724008222685.6
4.25225e+06  5972201794883.7
4.25225e+06  19553169306089.1
4.25225e+06  22724008258697.5
4.25825e+06  5972201657870.32
4.25825e+06  19554238639920.1
4.25825e+06  22724008294709.5
4.26425e+06  5972201522798.41
4.26425e+06  19555303056915.6
4.26425e+06  22724008330211.3
4.27025e+06  5972201383843.6
4.27025e+06  19556362914434.7
4.27025e+06  22724008366733.4
4.27625e+06  5972201248771.72
4.27625e+06  19557418312440.6
4.27625e+06  22724008402235.1
4.28225e+06  5972201113104.4
4.28225e+06  19558469265790.8
4.28225e+06  22724008437893.1
4.28826e+06  5972200975391
4.28826e+06  19559515789712.2
4.28826e+06  22724008474088.8
4.29426e+06  5972200836331.61
4.29426e+06  19560557899597.9
4.29426e+06  22724008510638.5
4.30026e+06  5972200699318.32
4.30026e+06  19561595613501.7
4.30026e+06  22724008546650.4
4.30626e+06  5972200560959.04
4.30626e+06  19562628949065.9
4.30626e+06  22724008583016.3
4.31226e+06  5972200423245.69
4.31226e+06  19563657923412.8
4.31226e+06  22724008619212
4.31827e+06  5972200284886.44
4.31827e+06  19564682556210.8
4.31827e+06  22724008655577.9
4.32427e+06  5972200145931.74
4.32427e+06  19565702867053.3
4.32427e+06  22724008692099.9
4.33027e+06  5972200009513.96
4.33027e+06  19566718875480.1
4.33027e+06  22724008727955.6
4.33777e+06  5972199869859
4.33777e+06  19567982449199.7
4.33777e+06  22724008764661.2
4.34377e+06  5972199730799.71
4.34377e+06  19568988829344.1
4.34377e+06  22724008801210.8
4.34977e+06  5972199591740.43
4.34977e+06  19569990994895.8
4.34977e+06  22724008837760.5
4.35578e+06  5972199451439.79
4.35578e+06  19570988967613.5
4.35578e+06  22724008874636.5
4.36178e+06  5972199314426.63
4.36178e+06  19571982772224.8
4.36178e+06  22724008910648.3
4.36778e+06  5972199171379.85
4.36778e+06  19572972433008.6
4.36778e+06  22724008948245.9
4.37378e+06  5972199031079.25
4.37378e+06  19573957974097.4
4.37378e+06  22724008985121.9
4.37978e+06  5972198890674.04
4.37978e+06  19574939423208.2
4.37978e+06  22724009022025.5
4.38578e+06  5972198753660.92
4.38578e+06  19575916805507.2
4.38578e+06  22724009058037.3
4.39179e+06  5972198611960.19
4.39179e+06  19576890147352.1
4.39179e+06  22724009095280.9
4.39779e+06  5972198470313.64
4.39779e+06  19577859477594.8
4.39779e+06  22724009132510.9
4.40379e+06  5972198329313.02
4.40379e+06  19578824824150.7
4.40379e+06  22724009169570.6
4.40979e+06  5972198186966.41
4.40979e+06  19579786215942.5
4.40979e+06  22724009206984.3
4.41579e+06  5972198047907.27
4.41579e+06  19580743631896.8
4.41579e+06  22724009243533.9
4.4218e+06  5972197905560.68
4.4218e+06  19581696826249.5
4.4218e+06  22724009280947.7
4.4278e+06  5972197763214.11
4.4278e+06  19582646122425.1
4.4278e+06  22724009318361.4
4.4338e+06  5972197622213.55
4.4338e+06  19583591552320.9
4.4338e+06  22724009355421.1
4.4398e+06  5972197479166.93
4.4398e+06  19584533148523.4
4.4398e+06  22724009393018.6
4.4458e+06  5972197336174.47
4.4458e+06  19585470942635.6
4.4458e+06  22724009430602.5
4.4518e+06  5972197193127.87
4.4518e+06  19586404969369.3
4.4518e+06  22724009468200
4.45781e+06  5972197052127.36
4.45781e+06  19587335261874.1
4.45781e+06  22724009505259.7
4.46531e+06  5972196909134.75
4.46531e+06  19588492381388.5
4.46531e+06  22724009542843.4
4.47131e+06  5972196766088.19
4.47131e+06  19589414073031
4.47131e+06  22724009580440.9
4.47731e+06  5972196623741.71
4.47731e+06  19590332127663.7
4.47731e+06  22724009617854.6
4.48331e+06  5972196477407.72
4.48331e+06  19591246552835.7
4.48331e+06  22724009656316.1
4.48932e+06  5972196335061.27
4.48932e+06  19592156694838.7
4.48932e+06  22724009693729.8
4.49532e+06  5972196192714.84
4.49532e+06  19593063276588.9
4.49532e+06  22724009731143.5
4.50132e+06  5972196049668.34
4.50132e+06  19593966336406.9
4.50132e+06  22724009768741
4.50732e+06  5972195902093.02
4.50732e+06  19594865914186.9
4.50732e+06  22724009807528.9
4.51332e+06  5972195757700.54
4.51332e+06  19595762048464.5
4.51332e+06  22724009845480.3
4.51932e+06  5972195614008.16
4.51932e+06  19596653966708.4
4.51932e+06  22724009883248
4.52533e+06  5972195469615.71
4.52533e+06  19597542385222.4
4.52533e+06  22724009921199.4
4.53133e+06  5972195323281.81
4.53133e+06  19598427447019.8
4.53133e+06  22724009959661
4.53733e+06  5972195177648.02
4.53733e+06  19599309195139.7
4.53733e+06  22724009997938.8
4.54333e+06  5972195034601.6
4.54333e+06  19600187133316.3
4.54333e+06  22724010035536.2
4.54933e+06  5972194888267.74
4.54933e+06  19601061297795.6
4.54933e+06  22724010073997.7
4.55533e+06  5972194742633.98
4.55533e+06  19601932241793.6
4.55533e+06  22724010112275.5
4.56134e+06  5972194594954.15
4.56134e+06  19602800009060.6
4.56134e+06  22724010151091
4.56734e+06  5972194450561.79
4.56734e+06  19603663898795.1
4.56734e+06  22724010189042.4
4.57334e+06  5972194302986.61
4.57334e+06  19604524232155.4
4.57334e+06  22724010227830.3
4.57934e+06  5972194157248.27
4.57934e+06  19605381488566.9
4.57934e+06  22724010266135.7
4.58534e+06  5972194010914.49
4.58534e+06  19606235588538.1
4.58534e+06  22724010304597.2
4.59285e+06  5972193863234.55
4.59285e+06  19607297871455.8
4.59285e+06  22724010343412.5
4.59885e+06  5972193716254.88
4.59885e+06  19608143838452
4.59885e+06  22724010382044.2
4.60485e+06  5972193569221.06
4.60485e+06  19608986454273.2
4.60485e+06  22724010420689.5
4.61085e+06  5972193421541.33
4.61085e+06  19609826189257.5
4.61085e+06  22724010459505
4.61685e+06  5972193271920.16
4.61685e+06  19610662315505
4.61685e+06  22724010498830.7
4.62285e+06  5972193126181.91
4.62285e+06  19611494946588.9
4.62285e+06  22724010537136
4.62886e+06  5972192977906.77
4.62886e+06  19612324809653.6
4.62886e+06  22724010576107.7
4.63486e+06  5972192826239.57
4.63486e+06  19613151072212.1
4.63486e+06  22724010615971.1
4.64086e+06  5972192682547.43
4.64086e+06  19613973962395.4
4.64086e+06  22724010653738.6
4.64686e+06  5972192531580.33
4.64686e+06  19614794202302.5
4.64686e+06  22724010693418.2
4.65286e+06  5972192383200.62
4.65286e+06  19615610589127.7
4.65286e+06  22724010732417.5
4.65886e+06  5972192232233.54
4.65886e+06  19616423995462.4
4.65886e+06  22724010772097.1
4.66487e+06  5972192084553.93
4.66487e+06  19617234736204.3
4.66487e+06  22724010810912.6
4.67087e+06  5972191936174.25
4.67087e+06  19618041384761.4
4.67087e+06  22724010849911.8
4.67687e+06  5972191785207.21
4.67687e+06  19618845577795.3
4.67687e+06  22724010889591.4
4.68287e+06  5972191633540.11
4.68287e+06  19619646424377.6
4.68287e+06  22724010929454.8
4.68887e+06  5972191483919.1
4.68887e+06  19620444012677.1
4.68887e+06  22724010968780.3
4.69488e+06  5972191336239.55
4.69488e+06  19621239176463
4.69488e+06  22724011007595.8
4.70088e+06  5972191184572.49
4.70088e+06  19622030245102.9
4.70088e+06  22724011047459.2
4.70688e+06  5972191033605.52
4.70688e+06  19622819065596.7
4.70688e+06  22724011087138.7
4.71288e+06  5972190883879.93
4.71288e+06  19623604346486.4
4.71288e+06  22724011126491.9
4.72038e+06  5972190732912.82
4.72038e+06  19624581900319.1
4.72038e+06  22724011166171.2
4.72638e+06  5972190581245.81
4.72638e+06  19625360704531.2
4.72638e+06  22724011206034.6
4.73239e+06  5972190430278.89
4.73239e+06  19626136390167.3
4.73239e+06  22724011245714.1
4.73839e+06  5972190275970.38
4.73839e+06  19626909005201.5
4.73839e+06  22724011286271.4
4.74439e+06  5972190124303.41
4.74439e+06  19627678978744.3
4.74439e+06  22724011326134.7
4.75039e+06  5972189971990.54
4.75039e+06  19628445503152.2
4.75039e+06  22724011366168.3
4.75639e+06  5972189818977.59
4.75639e+06  19629209758184.5
4.75639e+06  22724011406385.6
4.7624e+06  5972189667310.66
4.7624e+06  19629970295425.3
4.7624e+06  22724011446248.9
4.7684e+06  5972189516343.82
4.7684e+06  19630728828734.1
4.7684e+06  22724011485928.4
4.7744e+06  5972189362630.83
4.7744e+06  19631483485293.2
4.7744e+06  22724011526329.5
4.7804e+06  5972189209617.95
4.7804e+06  19632236296593.5
4.7804e+06  22724011566546.8
4.7864e+06  5972189055363.7
4.7864e+06  19632985182326.1
4.7864e+06  22724011607090.4
4.7924e+06  5972188903696.83
4.7924e+06  19633732272561.6
4.7924e+06  22724011646953.7
4.79841e+06  5972188750683.98
4.79841e+06  19634475500981.8
4.79841e+06  22724011687171
4.80441e+06  5972188596971.07
4.80441e+06  19635216875974.5
4.80441e+06  22724011727572.1
4.81041e+06  5972188442716.87
4.81041e+06  19635954563050.4
4.81041e+06  22724011768115.7
4.81641e+06  5972188287762.61
4.81641e+06  19636690229733.6
4.81641e+06  22724011808843.1
4.82241e+06  5972188134049.74
4.82241e+06  19637422495304.9
4.82241e+06  22724011849244.2
4.82841e+06  5972187977749.51
4.82841e+06  19638152464344.7
4.82841e+06  22724011890325.6
4.83442e+06  5972187824736.73
4.83442e+06  19638879430994.2
4.83442e+06  22724011930542.9
4.84042e+06  5972187669082.45
4.84042e+06  19639603715439.1
4.84042e+06  22724011971454.1
4.84792e+06  5972187514128.11
4.84792e+06  19640505187553.4
4.84792e+06  22724012012181.2
4.85392e+06  5972187359769.38
4.85392e+06  19641223904327.4
4.85392e+06  22724012052752.4
4.85992e+06  5972187200827.69
4.85992e+06  19641938977557.5
4.85992e+06  22724012094527.7
4.86593e+06  5972187047814.99
4.86593e+06  19642652029247.8
4.86593e+06  22724012134745
4.87193e+06  5972186890814.77
4.87193e+06  19643362182489.9
4.87193e+06  22724012176010.1
4.87793e+06  5972186734514.65
4.87793e+06  19644069590409.2
4.87793e+06  22724012217091.5
4.88393e+06  5972186578860.47
4.88393e+06  19644774960253.2
4.88393e+06  22724012258002.7
4.88993e+06  5972186422560.37
4.88993e+06  19645476747940.5
4.88993e+06  22724012299084
4.89593e+06  5972186265560.21
4.89593e+06  19646176737756.6
4.89593e+06  22724012340349.2
4.90194e+06  5972186111201.58
4.90194e+06  19646873666749.3
4.90194e+06  22724012380920.4
4.90794e+06  5972185950914.01
4.90794e+06  19647568053747.2
4.90794e+06  22724012423049.6
4.91394e+06  5972185792672.53
4.91394e+06  19648260517588.9
4.91394e+06  22724012464641.1
4.91994e+06  5972185637613.87
4.91994e+06  19648949332350.9
4.91994e+06  22724012505396.1
4.92594e+06  5972185479372.41
4.92594e+06  19649636323260.8
4.92594e+06  22724012546987.6
4.93194e+06  5972185321672.25
4.93194e+06  19650320753158
4.93194e+06  22724012588436.5
4.93795e+06  5972185164026.27
4.93795e+06  19651002198057.1
4.93795e+06  22724012629871.8
4.94395e+06  5972185007026.22
4.94395e+06  19651681802785.3
4.94395e+06  22724012671136.9
4.94995e+06  5972184848084.74
4.94995e+06  19652358436364
4.94995e+06  22724012712912.2
4.95595e+06  5972184687151.35
4.95595e+06  19653032526388.6
4.95595e+06  22724012755211.6
4.96195e+06  5972184530046.71
4.96195e+06  19653704764161.6
4.96195e+06  22724012796504.4
4.96796e+06  5972184371805.35
4.96796e+06  19654373847271.6
4.96796e+06  22724012838095.8
4.97546e+06  5972184211517.79
4.97546e+06  19655207384567.5
4.97546e+06  22724012880224.8
4.98146e+06  5972184050530.31
4.98146e+06  19655870973081
4.98146e+06  22724012922537.8
4.98746e+06  5972183893530.35
4.98746e+06  19656532255423.3
4.98746e+06  22724012963802.9
4.99346e+06  5972183732597.05
4.99346e+06  19657191665545.6
4.99346e+06  22724013006102.3
4.99946e+06  5972183571609.61
4.99946e+06  19657848158833.8
4.99946e+06  22724013048415.3
5.00547e+06  5972183413263.7
5.00547e+06  19658502169063
5.00547e+06  22724013090034.3
5.01147e+06  5972183251630.36
5.01147e+06  19659154300621.9
5.01147e+06  22724013132517.5
5.01747e+06  5972183091343.04
5.01747e+06  19659803970554.1
5.01747e+06  22724013174646.7
5.02347e+06  5972182932997.17
5.02347e+06  19660450754047.8
5.02347e+06  22724013216265.8
5.02947e+06  5972182770663.8
5.02947e+06  19661095652044.3
5.02947e+06  22724013258932.8
5.03548e+06  5972182608435.07
5.03548e+06  19661738659605.2
5.03548e+06  22724013301572.1
5.04148e+06  5972182446801.81
5.04148e+06  19662378387900.1
5.04148e+06  22724013344055.2
5.04748e+06  5972182286514.55
5.04748e+06  19663016107314.2
5.04748e+06  22724013386184.4
5.05348e+06  5972182124181.24
5.05348e+06  19663651931885.5
5.05348e+06  22724013428851.4
5.05948e+06  5972181963193.93
5.05948e+06  19664285473684.3
5.05948e+06  22724013471164.3
5.06548e+06  5972181800214.73
5.06548e+06  19664916074378.3
5.06548e+06  22724013514001.5
5.07149e+06  5972181637881.46
5.07149e+06  19665544780692.9
5.07149e+06  22724013556668.4
5.07749e+06  5972181477594.27
5.07749e+06  19666171587764.1
5.07749e+06  22724013598797.6
5.08349e+06  5972181311973.59
5.08349e+06  19666795987453.6
5.08349e+06  22724013642328.7
5.08949e+06  5972181147698.92
5.08949e+06  19667417644978.7
5.08949e+06  22724013685505.7
5.09549e+06  5972180986065.79
5.09549e+06  19668037405936.5
5.09549e+06  22724013727988.9
5.103e+06  5972180823732.45
5.103e+06  19668809457099.8
5.103e+06  22724013770655.5
5.109e+06  5972180658811.91
5.109e+06  19669423984745
5.109e+06  22724013814002.8
5.115e+06  5972180496478.74
5.115e+06  19670036615710.5
5.115e+06  22724013856669.7
5.121e+06  5972180332799.59
5.121e+06  19670647345470.8
5.121e+06  22724013899690.6
5.127e+06  5972180166583.57
5.127e+06  19671256103500.7
5.127e+06  22724013943377.8
5.133e+06  5972180004250.43
5.133e+06  19671861838999.8
5.133e+06  22724013986044.7
5.13901e+06  5972179840571.32
5.13901e+06  19672465681188.7
5.13901e+06  22724014029065.6
5.14501e+06  5972179673009.35
5.14501e+06  19673067626897.3
5.14501e+06  22724014073106.8
5.15101e+06  5972179510030.35
5.15101e+06  19673667673925
5.15101e+06  22724014115943.9
5.15701e+06  5972179344409.84
5.15701e+06  19674265643293.8
5.15701e+06  22724014159474.9
5.16301e+06  5972179180135.34
5.16301e+06  19674860807968.2
5.16301e+06  22724014202651.9
5.16901e+06  5972179014514.86
5.16901e+06  19675454084485.8
5.16901e+06  22724014246183
5.17502e+06  5972178849489.84
5.17502e+06  19676045471153.4
5.17502e+06  22724014289557.8
5.18102e+06  5972178681927.96
5.18102e+06  19676634967436.6
5.18102e+06  22724014333599
5.18702e+06  5972178517548.88
5.18702e+06  19677222570008.8
5.18702e+06  22724014376803.6
5.19302e+06  5972178348641.03
5.19302e+06  19677807619039.9
5.19302e+06  22724014421198.7
5.19902e+06  5972178183020.63
5.19902e+06  19678390479700.1
5.19902e+06  22724014464729.8
5.20502e+06  5972178017400.24
5.20502e+06  19678971462025.1
5.20502e+06  22724014508260.7
5.21103e+06  5972177850433.87
5.21103e+06  19679550566475.4
5.21103e+06  22724014552145.7
5.21703e+06  5972177684113.43
5.21703e+06  19680127791512.4
5.21703e+06  22724014595860.5
5.22303e+06  5972177517147.09
5.22303e+06  19680703138222.2
5.22303e+06  22724014639745.5
5.23053e+06  5972177348239.21
5.23053e+06  19681418749572
5.23053e+06  22724014684140.3
5.23653e+06  5972177182618.89
5.23653e+06  19681989250142.6
5.23653e+06  22724014727671.3
5.24254e+06  5972177013606.53
5.24254e+06  19682557885327.5
5.24254e+06  22724014772094.1
5.24854e+06  5972176845344.73
5.24854e+06  19683124656567.7
5.24854e+06  22724014816319
5.25454e+06  5972176678378.46
5.25454e+06  19683689564470.9
5.25454e+06  22724014860203.9
5.26054e+06  5972176508770.69
5.26054e+06  19684252578996.2
5.26054e+06  22724014904782.8
5.26654e+06  5972176340458.46
5.26654e+06  19684813048200.7
5.26654e+06  22724014949021.7
5.27254e+06  5972176171550.81
5.27254e+06  19685371675323.1
5.27254e+06  22724014993416.8
5.27855e+06  5972176003184.45
5.27855e+06  19685928463596.5
5.27855e+06  22724015037669.3
5.28455e+06  5972175834276.81
5.28455e+06  19686483412772.1
5.28455e+06  22724015082064.4
5.29055e+06  5972175663323.13
5.29055e+06  19687036525462.5
5.29055e+06  22724015126997.3
5.29655e+06  5972175494415.53
5.29655e+06  19687587804741.3
5.29655e+06  22724015171392.3
5.30255e+06  5972175326049.24
5.30255e+06  19688137251492.8
5.30255e+06  22724015215644.9
5.30856e+06  5972175155795.67
5.30856e+06  19688684869473.9
5.30856e+06  22724015260393.9
5.31456e+06  5972174985542.12
5.31456e+06  19689230660068.2
5.31456e+06  22724015305143
5.32056e+06  5972174813888.45
5.32056e+06  19689774332492.8
5.32056e+06  22724015350259.6
5.32656e+06  5972174644980.91
5.32656e+06  19690315973838.4
5.32656e+06  22724015394654.6
5.33256e+06  5972174473327.27
5.33256e+06  19690855815854.2
5.33256e+06  22724015439771.3
5.33856e+06  5972174303073.78
5.33856e+06  19691393863449.6
5.33856e+06  22724015484520.3
5.34457e+06  5972174132120.23
5.34457e+06  19691930119108.1
5.34457e+06  22724015529453.1
5.35057e+06  5972173960466.63
5.35057e+06  19692464586601.7
5.35057e+06  22724015574569.7
5.35807e+06  5972173790213.08
5.35807e+06  19693130371654.7
5.35807e+06  22724015619318.5
5.36407e+06  5972173617213.51
5.36407e+06  19693660925170.9
5.36407e+06  22724015664789.1
5.37007e+06  5972173445018.67
5.37007e+06  19694189699252.6
5.37007e+06  22724015710048.3
5.37608e+06  5972173273365.12
5.37608e+06  19694716698537.7
5.37608e+06  22724015755164.9
5.38208e+06  5972173101065.67
5.38208e+06  19695241927207.8
5.38208e+06  22724015800451.7
5.38808e+06  5972172930112.23
5.38808e+06  19695765202325.9
5.38808e+06  22724015845384.5
5.39408e+06  5972172756517.3
5.39408e+06  19696286637734.2
5.39408e+06  22724015891011.2
5.40008e+06  5972172582976.54
5.40008e+06  19696806338125.4
5.40008e+06  22724015936624.3
5.40608e+06  5972172411323.07
5.40608e+06  19697324309564.7
5.40608e+06  22724015981740.9
5.41209e+06  5972172236977.64
5.41209e+06  19697840556717.9
5.41209e+06  22724016027565.4
