0  12500572722557.2
0  12624974999930.5
0  14350617623902.4
3938.33  12500572720362.4
3938.33  12624974993754.3
3938.33  14350634168948.6
7876.66  12500572716704.4
7876.66  12624974983460.4
7876.66  14350662389819
11815  229285862253.62
11815  12500572711583
11815  12624974969048.3
11815  14350703279646
15753.3  285898697404.272
15753.3  12500572704998
15753.3  12624974950517.3
15753.3  14350758278839.8
19691.7  343967776714.248
19691.7  12500572696949.4
19691.7  12624974927866.5
19691.7  14350829327823
23630  12500572687436.7
23630  12624974901094.8
23630  14350918938830.8
27568.3  12500572676459.8
27568.3  12624974870201
27568.3  14351030289990.3
31506.6  12500572663658
31506.6  12624974835222.5
31506.6  14351167345891
35445  582219985590.052
35445  12500572649751.4
35445  12624974796080
35445  14351335009470
39383.3  639863404327.404
39383.3  12500572634379.3
39383.3  12624974752810.4
39383.3  14351539312372.4
43321.6  698157380524.095
43321.6  12500572617541.3
43321.6  12624974705411.8
43321.6  14351787649951.5
47260  12500572599236.8
47260  12624974653881.8
47260  14352089069855.2
51198.3  12500572579465.3
51198.3  12624974598218.1
51198.3  14352454622028.4
55136.6  876156585999.063
55136.6  12500572558226.1
55136.6  12624974538418.1
55136.6  14352897776930
59075  933607664405.038
59075  12500572535518.6
59075  12624974474478.8
59075  14353434914405.7
63013.3  991492132455.878
63013.3  12500572511342
63013.3  12624974406397.4
63013.3  14354085876134.2
66951.6  12500572485695.6
66951.6  12624974334170.6
66951.6  14354874555991
70890  12500572458578.6
70890  12624974257795
70890  14355829469102.8
74828.3  12500572429990.1
74828.3  12624974177266.9
74828.3  14356984183129.4
78766.6  1226550167361.61
78766.6  12500572399929.3
78766.6  12624974092582.7
78766.6  14358377403130.2
82704.9  1284171991984.15
82704.9  12500572368395.1
82704.9  12624974003738.2
82704.9  14360052362717.6
86643.3  1342097181008.95
86643.3  12500572336059.1
86643.3  12624973910655.9
86643.3  14362054984136.9
90581.6  12500572301575.3
90581.6  12624973813478.1
90581.6  14364430058973.4
94519.9  12500572265615
94519.9  12624973712126.9
94519.9  14367214521631.8
98458.3  12500572228177.1
98458.3  12624973606597.6
98458.3  14370427013087.2
102397  1576322701724.8
102397  12500572189260.5
102397  12624973496885
102397  14374053601969.6
106335  1633962410096.09
106335  12500572148863.9
106335  12624973382984.1
106335  14378031271931.7
110273  1691826726521.32
110273  12500572106986
110273  12624973264889.4
110273  14382233648051.9
114212  1749906056339.55
114212  12500572063625.6
114212  12624973142595.3
114212  14386466544287.4
118150  12500572018781.2
118150  12624973016096
118150  14390481741569.1
122088  12500571972451.4
122088  12624972885385.6
122088  14394012761833.5
126027  1925315790581.07
126027  12500571924634.8
126027  12624972750457.7
126027  14396825852066.5
129965  1982878825543.14
129965  12500571875329.9
129965  12624972611306.1
129965  14398768581535.6
133903  2040612052241.82
133903  12500571824535.1
133903  12624972467924
133903  14399796492743
137842  2098508130289.6
137842  12500571772248.8
137842  12624972320304.7
137842  14399968617719.9
141780  12500571718468.7
141780  12624972168436.8
141780  14399418075009.1
145718  12500571663194.4
145718  12624972012321.8
145718  14398313234548.1
149657  12500571606423.4
149657  12624971851947.7
149657  14396823806928.8
153595  2330773896683.34
153595  12500571548153.4
153595  12624971687302.7
153595  14395098977690.1
157533  2388318532605.36
157533  12500571488382.1
157533  12624971518387.7
157533  14393257736794.8
161472  2445986314877.08
161472  12500571427110.2
161472  12624971345190
161472  14391387958150.7
165410  12500571364334.2
165410  12624971167701.4
165410  14389550236939.3
169348  12500571300052.1
169348  12624970985913.5
169348  14387783474672.9
173287  12500571234261.7
173287  12624970799817.5
173287  14386110443881.3
177225  2677479762017.78
177225  12500571166961.2
177225  12624970609404.5
177225  14384542531040.9
181163  2734784046946.14
181163  12500571098148.2
181163  12624970414665.4
181163  14383083438723.1
181163  14425908384318.5
185102  2792179374048.57
185102  12500571027820.6
185102  12624970215590.7
185102  14381731914890.5
185102  14427622666943.5
189040  2849660590206.98
189040  12500570955976.1
189040  12624970012171
189040  14380483684151.5
189040  14429468110385.8
192978  12500570882612.5
192978  12624969804396.4
192978  14379332770559.2
192978  14431469122944
196917  12500570807727.4
196917  12624969592256.8
196917  14378272377614.8
196917  14433657706456
200855  12500570731318.4
200855  12624969375742.1
200855  14377295456285.7
200855  14436076646405
204793  3079831871597.38
204793  12500570653383
204793  12624969154841.8
204793  14376395058513.4
204793  14438784457499.4
208732  3136910531446.85
208732  12500570574589.3
208732  12624968929465.8
208732  14375564544944.1
208732  14441863325718.4
212670  3194048425402.67
212670  12500570493593.6
212670  12624968699761.7
212670  14374797703478.8
216608  12500570411064
216608  12624968465639.2
216608  14374088793380.9
220547  12500570326997.7
220547  12624968227087.1
220547  14373432563014.7
224485  12500570240720.5
224485  12624967984174.4
224485  14372824238792.6
228423  12500570153572.9
228423  12624967736728.1
228423  14372259495407.2
232362  3479993372890.27
232362  12500570064880.3
232362  12624967484816.6
232362  14371734431524.1
232362  14476726056728.9
236300  3536746373115.7
236300  12500569974640
236300  12624967228427.6
236300  14371245529899.5
236300  14479760112038.6
240238  3593530848852.25
240238  12500569882849.1
240238  12624966967548.6
240238  14370789623433.5
240238  14483027991362.7
244177  3650342535390.17
244177  12500569789504.5
244177  12624966702166.9
244177  14370363861138.6
244177  14486569723177.6
248115  12500569695272.3
248115  12624966432184.6
248115  14369965674959.5
248115  14490435964310.2
252053  12500569598811.2
252053  12624966157757.8
252053  14369592755050.6
252053  14494691767324.6
255991  12500569500787.3
255991  12624965878788.5
255991  14369243015709
259930  3877560090165.76
259930  12500569401197.2
259930  12624965595263.1
259930  14368914575905.8
263868  3933895401146.11
263868  12500569300037.5
263868  12624965307163.2
263868  14368605736336.6
267806  3990237125566.08
267806  12500569197305.6
267806  12624965014483.3
267806  14368314959875.3
271745  4046581226701.51
271745  12500569092639.9
271745  12624964717249.9
271745  14368040855029.8
271745  14525492184301.3
275683  12500568986440.7
275683  12624964415397.5
275683  14367782158484.5
275683  14529562219482.1
279621  12500568879639.5
279621  12624964108792.1
279621  14367537721901.6
279621  14533915623356.5
283560  12500568770583.5
283560  12624963797627.8
283560  14367306505158.4
283560  14538595258982.3
287498  12500568659937.7
287498  12624963481804.5
287498  14367087557117.8
287498  14543653842424.8
291436  4327965549767.77
291436  12500568547698.4
291436  12624963161306.5
291436  14366880011262.2
295375  4383778973384.24
295375  12500568433862
295375  12624962836117.6
295375  14366683076068.5
299313  4439571727479.52
299313  12500568318424.7
299313  12624962506221.8
299313  14366496027489.5
303251  4495339920995.23
303251  12500568201382.9
303251  12624962171602.5
303251  14366318202270.2
307190  4551079655269.6
307190  12500568082732.3
307190  12624961832240.8
307190  14366148992007.5
307190  14576521995559.8
311128  12500567963136.9
311128  12624961488035.7
311128  14365987836731.4
311128  14581694780952.9
315066  12500567840900.2
315066  12624961139189.4
315066  14365834225212.2
315066  14587206284494.7
319005  12500567717089.2
319005  12624960785547.6
319005  14365687682246.5
319005  14593104239042.2
322943  12500567591965.3
322943  12624960427054.5
322943  14365547770829.2
326881  4828930758196.42
326881  12500567465212.9
326881  12624960063733.4
326881  14365414088358.5
330820  4884044287851.52
330820  12500567336827.6
330820  12624959695565.9
330820  14365286262165.4
334758  4939107851070.22
334758  12500567206805.4
334758  12624959322533.5
334758  14365163947311.2
338696  4994117648652.1
338696  12500567075808.1
338696  12624958944525.7
338696  14365046823084.8
338696  14628895749723.8
342635  5049069873244.68
342635  12500566942498.6
342635  12624958561705.7
342635  14364934595068.7
342635  14635182410232.4
346573  12500566807539
346573  12624958173963.2
346573  14364826986764.9
346573  14641859961441.2
350511  12500566670567.7
350511  12624957781323.5
350511  14364723742648.5
354450  12500566532294.3
354450  12624957383676.4
354450  14364624623214
358388  12500566392046.3
358388  12624956981090.1
358388  14364529407418.8
362326  12500566250440.6
362326  12624956573456.9
362326  14364437887135.9
366265  5377212588222.71
366265  12500566107826.8
366265  12624956160704.4
366265  14364349868417.8
366265  14680992810413.2
370203  5431370944682.76
370203  12500565962869.6
370203  12624955743000.5
370203  14364265172600.2
370203  14688317200197.9
374141  5485447812406.76
374141  12500565816229.5
374141  12624955320229.3
374141  14364183629582.4
374141  14696071157062.9
378080  5539439480580.21
378080  12500565667901.5
378080  12624954892369.1
378080  14364105081078.4
382018  5593342235585.03
382018  12500565517880.6
382018  12624954459397.5
382018  14364029378759
385956  5647152361962.89
385956  12500565365806.1
385956  12624954021344.3
385956  14363956384048.5
389895  5700866143463.41
389895  12500565213048.5
389895  12624953577984.9
389895  14363885964246.5
389895  14730859203640.7
393833  12500565057608.2
393833  12624953129589
393833  14363817999710.8
393833  14739056849555.1
397771  12500564901428.3
397771  12624952675845.4
397771  14363752372106.6
397771  14747701012999.3
401710  12500564742865.6
401710  12624952216973.4
401710  14363688975370.1
405648  12500564582578.6
405648  12624951752850.5
405648  14363627706258.6
409586  12500564421225.2
409586  12624951283351.6
409586  14363568467425
409586  14776531548823
413525  12500564257472.6
413525  12624950808648.3
413525  14363511170005.5
413525  14785375277655.8
417463  12500564091624.3
417463  12624950328674.3
417463  14363455727764.9
417463  14794657609200.4
421401  6126564950835.45
421401  12500563924385
421401  12624949843300.1
421401  14363402058633.4
425340  6179082441737.3
425340  12500563755084.1
425340  12624949352597.6
425340  14363350087052.8
429278  6231474961022.71
429278  12500563584334.6
429278  12624948856445
429278  14363299739693.5
429278  14825550687818.3
433216  6283739042832.5
433216  12500563412483.3
433216  12624948354759.5
433216  14363250947511.9
433216  14835201278769.2
437155  6335871243568.27
437155  12500563238199.8
437155  12624947847721.9
437155  14363203647590.4
437155  14845300816228
441093  6387868144767.77
441093  12500563062140.5
441093  12624947335201.6
441093  14363157777453.5
445031  6439726356178.31
445031  12500562883945
445031  12624946817227.8
445031  14363113279324.1
448970  6491442518998.18
448970  12500562704315.4
448970  12624946293657.1
448970  14363070096842
448970  14878268289833.8
452908  6543013309550.68
452908  12500562523244.1
452908  12624945764465.3
452908  14363028177504.4
452908  14888873404605.3
456846  6594435442774.28
456846  12500562340019.7
456846  12624945229735.4
456846  14362987472478.9
456846  14899951942352.9
460785  6645705676379.75
460785  12500562154988.2
460785  12624944689381.6
460785  14362947933847.3
464723  6696820815062.47
464723  12500561968143.2
464723  12624944143374.6
464723  14362909516539.9
468661  6747777715034.5
468661  12500561779478.1
468661  12624943591684.6
468661  14362872177677
468661  14935118243881.5
472600  6798573288763.39
472600  12500561589292.6
472600  12624943034225.7
472600  14362835875994.3
472600  14946827212258
476538  6849204510455.94
476538  12500561396967.5
476538  12624942471078.8
476538  14362800573513.2
480476  6899668421001.9
480476  12500561202494.3
480476  12624941902209.7
480476  14362766233192.5
484415  6949962134126.25
484415  12500561006482.3
484415  12624941327482.8
484415  14362732818819.9
484415  14984140176754.2
488353  7000082842473.05
488353  12500560808616.5
488353  12624940746918.6
488353  14362700297162.4
488353  14996599977276.3
492291  7050027824155.81
492291  12500560609548.7
492291  12624940160370.9
492291  14362668635121.1
496230  7099794449707.71
496230  12500560407601.3
496230  12624939568095.8
496230  14362637804436.4
500168  7149380189401.89
500168  12500560204131.3
500168  12624938969822.5
500168  14362607773816.8
500168  15036114358120.4
504106  7198782621203.12
504106  12500559998779
504106  12624938365580.8
504106  14362578515766.8
504106  15049432809469.3
508045  7247999438940.59
508045  12500559791888.1
508045  12624937755277.2
508045  14362550003004.4
511983  7297028460949.99
511983  12500559582749.3
511983  12624937138999.2
511983  14362522210936.8
511983  15077484552462.6
515921  7345867639461.92
515921  12500559371706
515921  12624936516650.3
515921  14362495114555
515921  15091258590762
519860  7394515070207.34
519860  12500559158398.4
519860  12624935888254.7
519860  14362468690913.5
523798  7442969003126.38
523798  12500558943523.6
523798  12624935253659
523798  14362442916538.7
527736  7491227852597.06
527736  12500558727377.9
527736  12624934612765.3
527736  14362417769480.5
527736  15135009320106.1
531675  7539290209267
531675  12500558508333.6
531675  12624933965834.4
531675  14362393231449.8
531675  15149820461870
535613  7587154851958.28
535613  12500558287652.8
535613  12624933312596.6
535613  14362369280853.4
539551  7634820760277.05
539551  12500558065020.9
539551  12624932653070.9
539551  14362345899173.9
539551  15180701896198.7
543490  7682287127837.52
543490  12500557840734.3
543490  12624931987162
543490  14362323067785.9
543490  15196122846492.1
547428  7729553376110.57
547428  12500557614175.6
547428  12624931314946.2
547428  14362300770104.5
551366  7776619168904.11
551366  12500557385641.2
551366  12624930636327.8
551366  14362278988931.4
551366  15228387867554.6
555305  12500557154817.1
555305  12624929951326.5
555305  14362257708604.5
555305  15244486436952.4
559243  12500556922961
559243  12624929259657.9
559243  14362236911846.8
563181  12500556688449.2
563181  12624928561593.7
563181  14362216586099.7
563181  15278139762360.9
567120  12500556451577.5
567120  12624927857036
567120  14362196716633.4
567120  15294976714905.6
571058  12500556213037.4
571058  12624927145801.3
571058  14362177288702
574996  12500555973123.6
574996  12624926427790.9
574996  14362158288649
574996  15330043135799.3
578935  8098791170751.41
578935  12500555730215.6
578935  12624925703288.2
578935  14362139706042.8
578935  15347674981341.9
582873  8143950430579.04
582873  12500555485567.7
582873  12624924971994.1
582873  14362121526830.7
586811  8188902294653.31
586811  12500555238516.3
586811  12624924233997.5
586811  14362103740145
586811  15384191937144.7
590750  8233649461389.13
590750  12500554990403.4
590750  12624923488978.7
590750  14362086332698.8
590750  15402672973408.4
594688  8278195069408.53
594688  12500554739565.4
594688  12624922737230.8
594688  14362069295893.1
598626  12500554486645.4
598626  12624921978576.1
598626  14362052618244.7
598626  15440685909323.9
602565  12500554231329.7
602565  12624921213032.7
602565  14362036290008.9
606503  12500553974519.8
606503  12624920440363.5
606503  14362020300079.4
606503  15479847380544.2
610441  12500553715295.9
610441  12624919660708
610441  14362004640279.7
610441  15499629320131.4
614380  8496032036988.26
614380  12500553453952
614380  12624918873964.9
614380  14361989301045.3
618318  8538953557505.46
618318  12500553190477.6
618318  12624918080081.7
618318  14361974273559.9
618318  15540360328594.4
622256  8581688846981.09
622256  12500552925209.1
622256  12624917278934.7
622256  14361959548821
626195  12500552657443.5
626195  12624916470625
626195  14361945119590.4
626195  15582249460701.2
630133  12500552387169.5
630133  12624915655104.9
630133  14361930977929.4
630133  15603488820588.6
634071  12500552116369.5
634071  12624914831877.9
634071  14361917113346.6
634071  15625294424508.7
638010  8749019159383.01
638010  12500551842089.9
638010  12624914001554.2
638010  14361903522594.3
638010  15647036816171.8
641948  8790285423715.76
641948  12500551565315.2
641948  12624913163856.8
641948  14361890197096.5
645886  8831395696190.09
645886  12500551286293.9
645886  12624912318681.1
645886  14361877129558.5
645886  15691775062283.5
649825  12500551006053.7
649825  12624911465734.4
649825  14361864311810.8
653763  12500550722940.7
653763  12624910605332.2
653763  14361851739692.8
653763  15737709948898.2
657701  12500550437592.7
657701  12624909737282.9
657701  14361839406016.3
661640  8991950608415.69
661640  12500550150342.8
661640  12624908861446.1
661640  14361827304224.3
661640  15784851780308.2
665578  9031634962242.37
665578  12500549860144.3
665578  12624907978009
665578  14361815429903.1
669516  12500549568022.9
669516  12624907086672.5
669516  14361803775898.6
669516  15833213392478.2
673455  12500549273620.8
673455  12624906187461
673455  14361792337189.7
673455  15857799076193.7
677393  9147957630739.12
677393  12500548977571.8
677393  12624905280161.1
677393  14361781107528.5
677393  15882809209352
681331  9186369988814.6
681331  12500548678272.1
681331  12624904365098.2
681331  14361770083991.1
681331  15908022672959.2
685270  12500548376612.9
685270  12624903441997.3
685270  14361759260291.8
685270  15933654608854.1
689208  12500548073615
689208  12624902510539.1
689208  14361748630115.3
689208  15959516340228.8
693146  9299162228254.34
693146  12500547767633.3
693146  12624901571073.5
693146  14361738191059
693146  15985765513267.6
697085  9336354505686.18
697085  12500547459299.1
697085  12624900623371.9
697085  14361727937647.2
701023  12500547147956.3
701023  12624899667544.6
701023  14361717866361.5
701023  16039158143971.7
704961  12500546835524.6
704961  12624898703036.2
704961  14361707970179.6
708900  9445428236178.38
708900  12500546520060.4
708900  12624897730270.6
708900  14361698247658.1
708900  16093848894366
712838  9481504938097.49
712838  12500546202194
712838  12624896749021.1
712838  14361688693845.1
716776  12500545882554.4
716776  12624895759055.5
716776  14361679303909.9
716776  16149854290633.8
720715  12500545559201.8
720715  12624894760809.3
720715  14361670076759.4
720715  16178439855766.2
724653  9586777498844.03
724653  12500545234051
724653  12624893753709
724653  14361661005973.3
724653  16207191018051.4
728591  12500544907086.7
728591  12624892737693.3
728591  14361652087961.8
728591  16236376226616.1
732530  12500544577013.8
732530  12624891713029
732530  14361643321042.5
732530  16265875994744.7
736468  9689270649512.86
736468  12500544243818
736468  12624890679648.3
736468  14361634701825.4
736468  16295658699976.7
740406  12500543909408.6
740406  12624889636965.7
740406  14361626224302.7
740406  16325910850207.5
744345  12500543571850.4
744345  12624888585427.5
744345  14361617887983.4
744345  16356304104400.5
748283  9788931627485.88
748283  12500543231769.2
748283  12624887524785.8
748283  14361609688852.1
748283  16387148028909.8
752221  12500542889447.6
752221  12624886454887.5
752221  14361601623464.7
752221  16418329735580.5
756159  12500542543980
756159  12624885375905
756159  14361593690137.2
756159  16449762483940.7
760098  9885762998008.76
760098  12500542196245.2
760098  12624884287521.5
760098  14361585884748.8
760098  16481641555296
764036  12500541846567.3
764036  12624883189557.5
764036  14361578204037.6
764036  16513771680186.5
767974  9948424037339.57
767974  12500541493316.3
767974  12624882082397.2
767974  14361570647578.4
767974  16546233705801.2
771913  9979833207126.44
771913  12500541137499.3
771913  12624880965672.9
771913  14361563211293.7
771913  16579126104152.4
775851  12500540779990.6
775851  12624879839044.9
775851  14361555891363.8
775851  16612234944547.5
779789  10040406219727.6
779789  12500540419205.6
779789  12624878702890.2
779789  14361548687512.2
779789  16645704004702
783728  12500540055425.3
783728  12624877557044.4
783728  14361541596892.7
783728  16679589893564.3
