0  58223730644.7679
0  12535363928219.6
0  14352712607444.8
3939.54  12535363928091.1
3939.54  14352711816586.8
7879.07  12535363927877
7879.07  14352710506847.5
11818.6  233843653267.861
11818.6  12535363927577.3
11818.6  14352708690556.2
15758.1  12535363927192
15758.1  14352706384570.1
19697.7  12535363926720.9
19697.7  14352703609891.2
23637.2  409296147208.847
23637.2  12535363926164.2
23637.2  14352700391201.8
23637.2  14392549723113.3
27576.8  467795141481.351
27576.8  12535363925521.8
27576.8  14352696756338
27576.8  14392961563611.5
31516.3  12535363924287.5
31516.3  14352692736173.3
31516.3  14393442467356.6
35455.8  584682942531.858
35455.8  12535363923473.5
35455.8  14352688362213.7
35455.8  14393999005715.3
39395.4  643145188066.736
39395.4  12535363922573.8
39395.4  14352683668722.8
39395.4  14394639446185.3
43334.9  12535363919696.5
43334.9  14352678692029
47274.4  759994193123.7
47274.4  12535363917680.2
47274.4  14352673464490.5
51214  818420553622.938
51214  12535363916522.8
51214  14352668020780.8
55153.5  12535363915279.5
55153.5  14352662395737.4
55153.5  14398076999811.2
59093  935211527800.923
59093  12535363913950.1
59093  14352656622279.4
59093  14398986667886.1
63032.6  993598705218.714
63032.6  12535363912534.6
63032.6  14352650731926.3
66972.1  12535363910592.2
66972.1  14352644754931.3
70911.6  1110314619263.55
70911.6  12535363908498.3
70911.6  14352638718949
74851.2  1168657694473.85
74851.2  12535363906824.2
74851.2  14352632649454.2
74851.2  14403629594700
78790.7  12535363904116.8
78790.7  14352626571641.8
78790.7  14404897010165.3
82730.3  1285282408940.57
82730.3  12535363901325.3
82730.3  14352620506412
86669.8  1343575679927.41
86669.8  12535363899392
86669.8  14352614472533.9
86669.8  14407849058652.1
90609.3  12535363897372.1
90609.3  14352608488372.2
90609.3  14409263598719.2
94548.9  1460093440924.31
94548.9  12535363893814.8
94548.9  14352602570710.7
98488.4  1518330763361.36
98488.4  12535363891180.7
98488.4  14352596730865.8
98488.4  14412615019558.4
102428  12535363887953.6
102428  14352590981884.1
102428  14414216533432.4
106367  1634725969269.3
106367  12535363885586.6
106367  14352585332410.9
110307  1692900914615.25
110307  12535363881681.9
110307  14352579792951.3
110307  14417930699539.1
114247  1751038816865.05
114247  12535363879140.7
114247  14352574367760.6
114247  14419763511033.4
118186  1809157992354.85
118186  12535363876512.3
118186  14352569063661.6
122126  1867260021992.46
122126  12535363872408.8
122126  14352563886196.7
122126  14423836770692.8
126065  1925320944908.71
126065  12535363868154.9
126065  14352558837363.9
130005  1983367260298.42
130005  12535363864319.5
130005  14352553918857.8
130005  14428194342492.5
133944  2041380792148.11
133944  12535363861341.1
133944  14352549131617.9
137884  2099364828697.37
137884  12535363857834
137884  14352544477458.7
137884  14432820829227
141823  2157328841313.73
141823  12535363853226.8
141823  14352539956790.3
145763  2215247856478.78
145763  12535363849039.9
145763  14352535567556.5
145763  14437712597594
149702  2273147806843.63
149702  12535363844764.8
149702  14352531309028.4
153642  2331007771548.32
153642  12535363839893
153642  14352527180051.5
153642  14442873973784.1
157581  2388838354232.86
157581  12535363835944.8
157581  14352523177284.2
161521  2446636145698.08
161521  12535363832348.8
161521  14352519298971.1
161521  14448315317864.8
165461  2504394415608.95
165461  12535363827213.4
165461  14352515544302.2
169400  2562124649031.84
169400  12535363822492.8
169400  14352511908804.2
169400  14454052113436.9
173340  2619807593187.58
173340  12535363817244.6
173340  14352508390459.8
177279  2677465015518.24
177279  12535363811841.9
177279  14352504985948.4
181219  2735069556047.27
181219  12535363806853.5
181219  14352501691687.7
181219  14463284737195.8
185158  2792647380221.14
185158  12535363802722.3
185158  14352498504152.2
189098  2850172014108.42
189098  12535363797554.6
189098  14352495421890.3
189098  14469774469833.9
193037  2907666657018.9
193037  12535363790407.8
193037  14352492442581.1
193037  14473186704188.4
196977  2965106698211.29
196977  12535363785500.7
196977  14352489559258.8
200916  3022514937760.03
200916  12535363781009.2
200916  14352486770426.3
204856  3079865344906.33
204856  12535363774095.3
204856  14352484075533.5
204856  14483777024741.9
208795  3137180720635.83
208795  12535363767972.1
208795  14352481468623.2
208795  14487516419326.4
212735  3194439685333.77
212735  12535363762767.8
212735  14352478946572.3
216674  3251657121508.09
216674  12535363755515.9
216674  14352476509108.3
216674  14495100792141.4
220614  3308821436753.5
220614  12535363750569.8
220614  14352474149428.2
220614  14499052732042.9
224554  3365936026731.43
224554  12535363743641.1
224554  14352471868589.5
224554  14503102340393.4
228493  3423002297247.06
228493  12535363736620.6
228493  14352469662155.4
232433  3480009151515.78
232433  12535363730958.5
232433  14352467526162.2
236372  3536969181849.35
236372  12535363723688.7
236372  14352465460706.8
240312  3593868183589.65
240312  12535363716897.6
240312  14352463461411.8
240312  14520041274400.4
244251  3650712462252.68
244251  12535363709946.4
244251  14352461526435.9
244251  14524502858617.2
248191  3707504783678.57
248191  12535363702969.8
248191  14352459653320.6
248191  14529055823652.6
252130  3764228469834.44
252130  12535363696338.5
252130  14352457839474.3
252130  14533699295905.5
256070  3820897150902.03
256070  12535363689110.2
256070  14352456083567
256070  14538432953309.1
260009  3877508843229.64
260009  12535363680906.9
260009  14352454383837.5
260009  14543256937937.3
263949  3934049033214.9
263949  12535363673929.5
263949  14352452736276
263949  14548171788665.6
267888  3990529264139.14
267888  12535363665540.5
267888  14352451141307.5
267888  14553178389040.6
271828  4046947656373.11
271828  12535363657933.9
271828  14352449595075.1
271828  14558277926864.2
275768  4103295988419.23
275768  12535363650300.1
275768  14352448096499.1
275768  14563471862876.8
279707  4159575053336.53
279707  12535363641559.7
279707  14352446644811.8
279707  14568761906630.9
283647  4215787430826.53
283647  12535363634680
283647  14352445235664.6
283647  14574149998116.8
287586  4271931284625.37
287586  12535363625748.9
287586  14352443870973.2
287586  14579638294031.9
291526  4328000956741.19
291526  12535363617227.8
291526  14352442546971.6
291526  14585229157888.2
295465  4383994784785.94
295465  12535363609051.4
295465  14352441262231.3
299405  4439915328429.1
299405  12535363600841.4
299405  14352440015663.5
303344  4495760788735.68
303344  12535363591527.8
303344  14352438806859.3
303344  14602637911826.9
307284  4551529377019.38
307284  12535363583124.3
307284  14352437632684
307284  14608625512287.9
311223  4607219314648.17
311223  12535363574054.8
311223  14352436493290.5
311223  14614727245665
315163  4662826470635.93
315163  12535363565018
315163  14352435386831.2
319102  4718350062548.7
319102  12535363555753
319102  14352434312371.5
323042  4773790379354.81
323042  12535363546958.5
323042  14352433268158.3
323042  14633708829408.8
326981  4829145678832.06
326981  12535363536617.8
326981  14352432254929.4
326981  14640248883808.6
330921  4884414229355.97
330921  12535363527560.6
330921  14352431269098.2
334861  4939594310182.36
334861  12535363517966
334861  14352430311309.7
334861  14653684881141.8
338800  4994684211814.18
338800  12535363508271.7
338800  14352429380212.5
338800  14660567720778.4
342740  5049682236456.59
342740  12535363498477.5
342740  14352428474887.7
342740  14667588501583
346679  5104586698457.64
346679  12535363487636.7
346679  14352427595305.3
346679  14674693637156.2
350619  5159395925360.5
350619  12535363478082.1
350619  14352426738514.4
354558  5214108258019.58
354558  12535363467545.5
354558  14352425905743.7
354558  14689299912386.7
358498  5268722051846.54
358498  12535363456842.4
358498  14352425095474.4
362437  5323235677647.3
362437  12535363446543.2
362437  14352424306439.2
362437  14704395444322.1
366377  5377647522671.26
366377  12535363436141.9
366377  14352423538370
370316  5431952406425.62
370316  12535363424692
370316  14352422791423.6
370316  14719993749587.2
374256  5486150730259.44
374256  12535363415469.5
374256  14352422061978.2
374256  14727995561530.7
378195  5540241910151.66
378195  12535363402869.6
378195  14352421354440.9
382135  5594224410381.43
382135  12535363391615.5
382135  14352420663936.3
382135  14744365890378.7
386075  5648096718340.07
386075  12535363381138
386075  14352419990381.4
386075  14752765320159.2
390014  5701853211114.39
390014  12535363369169.8
390014  14352419335246.7
393954  5755492066989.1
393954  12535363356593.2
393954  14352418697185.4
393954  14769943870724.4
397893  5809015703724.13
397893  12535363346304.3
397893  14352418073056.9
397893  14778749779023.4
401833  5862422222556.95
401833  12535363333581.8
401833  14352417466605.2
401833  14787700769961.2
405772  5915700416724.09
405772  12535363322575.3
405772  14352416873598.9
409712  5968858625038.88
409712  12535363310583.6
409712  14352416295998.7
409712  14806012664485.5
413651  6021891739027.68
413651  12535363297916.4
413651  14352415733069.4
413651  14815390690174.2
417591  6074793056993.26
417591  12535363286148.2
417591  14352415182952.8
417591  14824918950251.5
421530  6127569942578.6
421530  12535363272384.8
421530  14352414647834
421530  14834598630465.6
425470  6180207002113.15
425470  12535363261348
425470  14352414123049.6
425470  14844431247186.6
429409  6232716217129.46
429409  12535363248310.7
429409  14352413612466.9
429409  14854418607720.6
433349  6285082014492.59
433349  12535363235163.9
433349  14352413114002.9
433349  14864562780387.8
437288  6337315129472.59
437288  12535363221404.2
437288  14352412627746
437288  14874866066312.8
441228  6389400303316.6
441228  12535363209486
441228  14352412151131.9
441228  14885330975799.2
445168  6441345616851.43
445168  12535363195505
445168  14352411687339.8
445168  14895960212275.8
449107  6493144833713.53
449107  12535363182356
449107  14352411233433
449107  14906756656416.9
453047  6544792372200.49
453047  12535363167711.5
453047  14352410791193.2
453047  14917720687505.8
456986  6596292030137.21
456986  12535363154841.3
456986  14352410357368.2
456986  14928847625220.6
460926  6647639680389.91
460926  12535363141422.2
460926  14352409933757.4
460926  14940149993791.3
464865  6698826485477.65
464865  12535363127822.4
464865  14352409519744.9
464865  14951631324146
468805  6749856703866.26
468805  12535363113668.3
468805  14352409115392.9
468805  14963286935080.6
472744  6800727231410.11
472744  12535363099839.9
472744  14352408719643.4
472744  14975118466360.4
476684  6851435022000.78
476684  12535363084513
476684  14352408333884.7
476684  14987139145777.7
480623  6901977092821.64
480623  12535363069575.7
480623  14352407956167.4
480623  14999335323305.6
484563  6952350529936.75
484563  12535363056343.3
484563  14352407585067.1
484563  15011724235086.7
488502  7002552173712.96
488502  12535363040667.8
488502  14352407224092.2
488502  15024297478856.4
492442  7052579735734.81
492442  12535363026258.1
492442  14352406869675.9
492442  15037067506411
496382  7102431060277.11
496382  12535363010347.2
496382  14352406524096.9
496382  15050024520281.1
500321  7152102416683.26
500321  12535362995701
500321  14352406184653.3
500321  15063184162965.2
504261  7201591824034.39
504261  12535362980495.5
504261  14352405852787.5
504261  15076539203939.2
508200  7250896920473.99
508200  12535362965675.3
508200  14352405527452.9
508200  15090094706363.9
512140  7300015462489.49
512140  12535362949286.7
512140  14352405210222
512140  15103856982056.5
516079  7348945334628.54
516079  12535362933217.1
516079  14352404899210.6
516079  15117827266094.3
520019  7397684558757.02
520019  12535362917528.8
520019  14352404594185.6
520019  15132003841820.3
523958  7446223284028.08
523958  12535362901213
523958  14352404295885.5
523958  15146391444992.7
527898  7494565416536.95
527898  12535362885279.5
527898  14352404003234.1
527898  15160994381465.1
531837  7542710587485.14
531837  12535362868279.6
531837  14352403717377.2
531837  15175814929549.7
535777  7590645677317.75
535777  12535362851595.5
535777  14352403436913.2
535777  15190855596048
539716  7638378598451.29
539716  12535362835729.1
539716  14352403161238.8
539716  15206119087879.6
543656  7685899465292.72
543656  12535362818354.5
543656  14352402892305.7
543656  15221608288193.1
547595  7733210703338.39
547595  12535362801796.3
547595  14352402627876.4
547595  15237326235922.3
551535  7780303206320.98
551535  12535362785111.1
551535  14352402368664.5
551535  15253272129222.4
555475  7827182706408.59
555475  12535362767795.5
555475  14352402114991.4
555475  15269451428507.3
559414  7873836025808.24
559414  12535362751359.1
559414  14352401865366.9
559414  15285868519326.3
563354  7920266936331
563354  12535362732841.2
563354  14352401622336.5
563354  15302526840132.1
567293  7966473413825.19
567293  12535362714698.4
567293  14352401383563.5
567293  15319421702424.3
571233  8012451526882.29
571233  12535362697367.4
571233  14352401148536.6
571233  15336564597000.8
575172  8058192859382.85
575172  12535362678962.7
575172  14352400918842.7
575172  15353953205420.9
579112  8103699687017.09
579112  12535362661808.1
579112  14352400692275.2
579112  15371592908916
583051  8148969013002.28
583051  12535362642698.7
583051  14352400471617.5
583051  15389483830231
586991  8193997738023.21
586991  12535362624333
586991  14352400254331.8
586991  15407633118976.7
590930  8238783003068.41
590930  12535362606337.6
590930  14352400040653.5
590930  15426036795902.4
594870  8283322208872.57
594870  12535362587264.7
594870  14352399831790.6
594870  15444702727573.8
598809  8327613036216.38
598809  12535362567551.1
598809  14352399627254
598809  15463633209465.6
602749  8371647495380.51
602749  12535362549147.5
602749  14352399425191
602749  15482830266149.5
606689  8415427182860.54
606689  12535362529159.4
606689  14352399228123.3
606689  15502295456753.5
610628  8458951483310.49
610628  12535362509537.6
610628  14352399034203.5
610628  15522031690341.5
614568  8502217332622.81
614568  12535362490216
614568  14352398843406.3
614568  15542042525734.8
618507  8545213652537.91
618507  12535362471256.7
618507  14352398655593.3
618507  15562330542893.5
622447  8587950564842.52
622447  12535362450709.5
622447  14352398472443.6
622447  15582897283912.4
626386  8630412888064.49
626386  12535362430525.1
626386  14352398292119.5
626386  15603745468263.9
630326  8672611057047.86
630326  12535362411139.7
630326  14352398114151.4
630326  15624878505401.1
634265  8714527207710.31
634265  12535362390229.1
634265  14352397940562.9
634265  15646299362634.7
638205  8756171968149.32
638205  12535362369109
638205  14352397770095.1
638205  15668009744220.3
642144  8797540579187.36
642144  12535362348347.8
642144  14352397602165.2
642144  15690010309278.3
646084  8838621113481.91
646084  12535362328381.8
646084  14352397436311.5
646084  15712307349016.4
650023  8879419872559.41
650023  12535362306317.8
650023  14352397275079.4
650023  15734898253972.3
653963  8919933477914.17
653963  12535362285114.2
653963  14352397115734.2
653963  15757790326205.1
657902  8960158940589.56
657902  12535362264263.5
657902  14352396958671.5
657902  15780981294346.8
661842  9000093693415.85
661842  12535362242255.7
661842  14352396805193.3
661842  15804476146140.5
665782  9039735624244.05
665782  12535362220601.2
665782  14352396653877.1
665782  15828276962606.9
669721  9079083110079.24
669721  12535362198794.1
669721  14352396505121.5
669721  15852385032744.9
673661  9118135051989.75
673661  12535362177270.9
673661  14352396358476.5
673661  15876801277160.2
677600  9156885764207.88
677600  12535362154651.8
677600  14352396215132.6
677600  15901529052514.1
681540  9195332388751.12
681540  12535362131942.4
681540  14352396074129
681540  15926570099772
685479  9233480826666.72
685479  12535362108070.1
685479  14352395936381.6
685479  15951926215265.8
689419  9271322143721.94
689419  12535362085486
689419  14352395799627.1
689419  15977599053089.5
693358  9308857014576.45
693358  12535362063180.2
693358  14352395664727.5
693358  16003589001066.1
697298  9346083989287.23
697298  12535362039334.2
697298  14352395533276.7
697298  16029899101700
701237  9383003827393.27
701237  12535362016270.8
701237  14352395403130.3
701237  16056531296777.3
705177  9419606407494.82
705177  12535361992541.4
705177  14352395275550.7
705177  16083485767985.7
709116  9455900357883.4
709116  12535361970093.9
709116  14352395148733.9
709116  16110763991110.9
713056  9491882226355.43
713056  12535361945094
713056  14352395026099.3
713056  16138368191979.4
716996  9527548621181.05
716996  12535361921375.8
716996  14352394904141.3
716996  16166298323486.8
720935  9562894751712.35
720935  12535361896987.1
720935  14352394784581.9
720935  16194555929257.6
724875  9597924736247.86
724875  12535361871993.7
724875  14352394667321
724875  16223142881646.3
728814  9632637593285.42
728814  12535361846390.3
728814  14352394552324.2
728814  16252058858931
732754  9667028356922.18
732754  12535361822435.4
732754  14352394437512.2
732754  16281304547471.2
736693  9701097428331.54
736693  12535361797368.4
736693  14352394325341.5
736693  16310881486133.7
740633  9734847280645.27
740633  12535361772193.6
740633  14352394214867.7
740633  16340790155830.3
744572  9768279859922.02
744572  12535361746276.1
744572  14352394106628.8
744572  16371031054695
748512  9801386347120.11
748512  12535361720250.6
748512  14352394000016.1
748512  16401604692232.9
752451  9834170131317.61
752451  12535361694046.3
752451  14352393895059.2
752451  16432511567885.8
756391  9866634622784.08
756391  12535361669043.6
756391  14352393790477.4
756391  16463750292115.2
760330  9898772724155.85
760330  12535361642921.2
760330  14352393688335.3
760330  16495322813459.8
764270  9930587728958.62
764270  12535361616244.3
764270  14352393588090.2
764270  16527229660987.3
768209  9962085367655.27
768209  12535361588819.3
768209  14352393489886.1
768209  16559468319070
772149  9993254028872.23
772149  12535361562151.1
772149  14352393392331.8
772149  16592041443312
776089  10024098709914.6
776089  12535361534859.6
776089  14352393296645.2
776089  16624946231058.5
780028  10054622555319.2
780028  12535361508324.4
780028  14352393201549.8
780028  16658184717051.1
783968  10084824804717.5
783968  12535361481095.6
783968  14352393108327.4
783968  16691754781466.2
787907  10114705479890.8
787907  12535361452740.3
787907  14352393017341.7
787907  16725656060734.5
791847  10144265429557
791847  12535361424695.6
791847  14352392927265.9
791847  16759888631100.2
795786  10173506377280.5
795786  12535361396459.2
795786  14352392838527.4
795786  16794451534602.8
799726  10202430087836.7
799726  12535361368971.3
799726  14352392750249.8
799726  16829343821756.8
803665  10231024097122.5
803665  12535361338903.2
803665  14352392665417.2
803665  16864564550007.5
807605  10259305421992.5
807605  12535361310520.2
807605  14352392580147.6
807605  16900112783152.2
811544  10287276663135.3
811544  12535361281062.2
811544  14352392496912.4
811544  16935987591541.5
815484  10314919038178.9
815484  12535361252281.4
815484  14352392414102.7
815484  16972188052509.6
819423  10342260411350.5
819423  12535361222359.7
819423  14352392333339.2
819423  17008711428915.2
823363  10369275303420.2
823363  12535361193675.7
823363  14352392252447.4
823363  17045557678769.9
827303  10395985004749.9
827303  12535361164285.9
827303  14352392173162.3
827303  17082726036749
831242  10422390165072.6
831242  12535361132370.5
831242  14352392097108.2
831242  17120212550448.2
835182  10448474848203.6
835182  12535361103069.6
835182  14352392019613.3
835182  17158018484705.9
839121  10474254316376.8
839121  12535361072114.3
839121  14352391944518
839121  17196139832085.9
843061  10499729849393.8
843061  12535361040949.9
843061  14352391870494
843061  17234576055336.7
847000  10524901984266.1
847000  12535361010137.9
847000  14352391797012.6
847000  17273325673884.5
850940  10549772097990
850940  12535360978981.3
850940  14352391724684.2
850940  17312386275719.8
854879  10574342449395.8
854879  12535360946733.6
854879  14352391654164.6
854879  17351755032746.1
858819  10598616218877.8
858819  12535360915141.6
858819  14352391583853.8
858819  17391430995028
862758  10622597538560.6
862758  12535360883458.6
862758  14352391514408.2
862758  17431411987755.5
866698  10646271990322.9
866698  12535360850484.9
866698  14352391446895.1
866698  17471695861162.4
870637  10669658455169.1
870637  12535360818290.4
870637  14352391379422.5
870637  17512280490902.5
874577  10692765532105.5
874577  12535360784928.8
874577  14352391313734.3
874577  17553162770423.4
878516  10715569276962.6
878516  12535360752282.2
878516  14352391248109
878516  17594340849375.1
882456  10738100937360.7
882456  12535360718900.2
882456  14352391183841.9
882456  17635813022358
886396  10760338188346
886396  12535360684850.5
886396  14352391120855.1
886396  17677577163273.7
890335  10782309896843.4
890335  12535360651002.2
890335  14352391058344.7
890335  17719628384319.1
894275  10803986830761.7
894275  12535360617355.5
894275  14352390996293.8
894275  17761967315111.1
898214  10825394137126.9
898214  12535360582661.7
898214  14352390935817.1
898214  17804588834798.2
902154  10846533843867
902154  12535360548098.3
902154  14352390875832.4
902154  17847493010802.3
906093  12535360513294.4
906093  14352390816659.8
906093  17890673926149.4
910033  10887999220721.7
910033  12535360477805.7
910033  14352390758686.2
910033  17934131693894.6
913972  10908328733179.6
913972  12535360443010.1
913972  14352390700648.2
913972  17977863259265.4
917912  10928397338879.4
917912  12535360406962.6
917912  14352390644293.1
917912  18021864631886.3
921851  10948207550797.2
921851  12535360370726
921851  14352390588643.1
921851  18066133682008.4
925791  10967762689301.6
925791  12535360335177.8
925791  14352390532888.7
925791  18110668051882
929730  12535360298868.6
929730  14352390478328.7
929730  18155464869564.8
933670  11006096864693.8
933670  12535360261428.1
933670  14352390425285.1
933670  18200521311640.2
937610  11024889993700.5
937610  12535360225036.8
937610  14352390371767.5
937610  18245834601860.9
941549  11043444126289.9
941549  12535360186569.8
941549  14352390320594.8
941549  18291402012583
945489  12535360149713.8
945489  14352390268411.7
945489  18337220864760.9
949428  11079809007404
949428  12535360111587.5
949428  14352390217816.7
949428  18383287299355.1
953368  11097647310554.1
953368  12535360073754.7
953368  14352390167379.2
953368  18429599141242.2
957307  11115226260181.9
957307  12535360033709.4
957307  14352390119358.4
957307  18476154295311.7
961247  11132597409613.4
961247  12535359994825
961247  14352390070682.9
961247  18522949578325.5
965186  11149713144094.2
965186  12535359956101.3
965186  14352390022246.9
965186  18569980783069.8
969126  12535359917158.6
969126  14352389974382.4
969126  18617247628845.2
973065  11183298452701.1
973065  12535359876930.1
973065  14352389928044.6
973065  18664744268056.7
977005  11199747670643.1
977005  12535359837788.6
977005  14352389881069.3
977005  18712471169293.2
980944  12535359797048.2
980944  14352389835880.8
980944  18760421913216.6
980944  12535359797048.2
980944  14352389835880.8
980944  18760421913216.6
990793  11255639953687.6
990793  12535359694063.4
990793  14352389725333.5
990793  18881270390202.5
990793  11255639953687.6
990793  12535359694063.4
990793  14352389725333.5
990793  18881270390202.5
1.00064e+06  11293989246305.8
1.00064e+06  12535359589577
1.00064e+06  14352389617997.6
1.00064e+06  19003468254700.5
1.00064e+06  11293989246305.8
1.00064e+06  12535359589577
1.00064e+06  14352389617997.6
1.00064e+06  19003468254700.5
1.00064e+06  11293989246305.8
1.00064e+06  12535359589577
1.00064e+06  14352389617997.6
1.00064e+06  19003468254700.5
1.01049e+06  12535359483668.1
1.01049e+06  14352389513625.2
1.01049e+06  19126972554179.9
1.01049e+06  12535359483668.1
1.01049e+06  14352389513625.2
1.01049e+06  19126972554179.9
1.02034e+06  12535359374415.9
1.02034e+06  14352389413788.9
1.02034e+06  19251740195118
1.02034e+06  12535359374415.9
1.02034e+06  14352389413788.9
1.02034e+06  19251740195118
1.02034e+06  12535359374415.9
1.02034e+06  14352389413788.9
1.02034e+06  19251740195118
1.03019e+06  12535359263643.8
1.03019e+06  14352389316666.2
1.03019e+06  19377730135028
1.03019e+06  12535359263643.8
1.03019e+06  14352389316666.2
1.03019e+06  19377730135028
1.04004e+06  11435153729839.3
1.04004e+06  12535359151670.5
1.04004e+06  14352389221803.9
1.04004e+06  19504899672823.6
1.04004e+06  11435153729839.3
1.04004e+06  12535359151670.5
1.04004e+06  14352389221803.9
1.04004e+06  19504899672823.6
1.04004e+06  11435153729839.3
1.04004e+06  12535359151670.5
1.04004e+06  14352389221803.9
1.04004e+06  19504899672823.6
1.04989e+06  11467610623845.8
1.04989e+06  12535359036194.3
1.04989e+06  14352389131133
1.04989e+06  19633211011901.8
1.04989e+06  11467610623845.8
1.04989e+06  12535359036194.3
1.04989e+06  14352389131133
1.04989e+06  19633211011901.8
1.05974e+06  11498974393624.7
1.05974e+06  12535358918468
1.05974e+06  14352389043358.5
1.05974e+06  19762623423988.3
1.05974e+06  11498974393624.7
1.05974e+06  12535358918468
1.05974e+06  14352389043358.5
1.05974e+06  19762623423988.3
1.05974e+06  11498974393624.7
1.05974e+06  12535358918468
1.05974e+06  14352389043358.5
1.05974e+06  19762623423988.3
1.06958e+06  11529326013606.7
1.06958e+06  12535358799062.3
1.06958e+06  14352388957807.1
1.06958e+06  19893097996116.1
1.06958e+06  11529326013606.7
1.06958e+06  12535358799062.3
1.06958e+06  14352388957807.1
1.06958e+06  19893097996116.1
1.07943e+06  11558695965866.9
1.07943e+06  12535358676349.4
1.07943e+06  14352388875806.7
1.07943e+06  20024597886544
1.07943e+06  11558695965866.9
1.07943e+06  12535358676349.4
1.07943e+06  14352388875806.7
1.07943e+06  20024597886544
1.07943e+06  11558695965866.9
1.07943e+06  12535358676349.4
1.07943e+06  14352388875806.7
1.07943e+06  20024597886544
1.08928e+06  12535358551333.6
1.08928e+06  14352388796294.2
1.08928e+06  20157088221676.5
1.08928e+06  12535358551333.6
1.08928e+06  14352388796294.2
1.08928e+06  20157088221676.5
1.09913e+06  11614601560312.2
1.09913e+06  12535358423815.4
1.09913e+06  14352388719302.8
1.09913e+06  20290531330717.8
1.09913e+06  11614601560312.2
1.09913e+06  12535358423815.4
1.09913e+06  14352388719302.8
1.09913e+06  20290531330717.8
1.09913e+06  11614601560312.2
1.09913e+06  12535358423815.4
1.09913e+06  14352388719302.8
1.09913e+06  20290531330717.8
1.10898e+06  12535358294292.6
1.10898e+06  14352388644232
1.10898e+06  20424894943889.5
1.10898e+06  12535358294292.6
1.10898e+06  14352388644232
1.10898e+06  20424894943889.5
1.11883e+06  12535358160324.3
1.11883e+06  14352388573157.8
1.11883e+06  20560145467152.7
1.11883e+06  12535358160324.3
1.11883e+06  14352388573157.8
1.11883e+06  20560145467152.7
1.11883e+06  12535358160324.3
1.11883e+06  14352388573157.8
1.11883e+06  20560145467152.7
1.12868e+06  12535358024640.9
1.12868e+06  14352388503449.5
1.12868e+06  20696251123843.5
1.12868e+06  12535358024640.9
1.12868e+06  14352388503449.5
1.12868e+06  20696251123843.5
1.13853e+06  12535357886662.1
1.13853e+06  14352388435490.1
1.13853e+06  20833180821279.8
1.13853e+06  12535357886662.1
1.13853e+06  14352388435490.1
1.13853e+06  20833180821279.8
1.13853e+06  12535357886662.1
1.13853e+06  14352388435490.1
1.13853e+06  20833180821279.8
1.14837e+06  11739464540047.9
1.14837e+06  12535357745440.8
1.14837e+06  14352388369997.4
1.14837e+06  20970904069929.9
1.14837e+06  11739464540047.9
1.14837e+06  12535357745440.8
1.14837e+06  14352388369997.4
1.14837e+06  20970904069929.9
1.15822e+06  12535357601758.2
1.15822e+06  14352388306114.3
1.15822e+06  21109393053163.4
1.15822e+06  12535357601758.2
1.15822e+06  14352388306114.3
1.15822e+06  21109393053163.4
1.15822e+06  12535357601758.2
1.15822e+06  14352388306114.3
1.15822e+06  21109393053163.4
1.16807e+06  11784084162164.5
1.16807e+06  12535357453727.3
1.16807e+06  14352388245415.9
1.16807e+06  21248620028033.1
1.16807e+06  11784084162164.5
1.16807e+06  12535357453727.3
1.16807e+06  14352388245415.9
1.16807e+06  21248620028033.1
1.17792e+06  11805359321800.9
1.17792e+06  12535357301628.1
1.17792e+06  14352388187501.4
1.17792e+06  21388557778934.3
1.17792e+06  11805359321800.9
1.17792e+06  12535357301628.1
1.17792e+06  14352388187501.4
1.17792e+06  21388557778934.3
1.17792e+06  11805359321800.9
1.17792e+06  12535357301628.1
1.17792e+06  14352388187501.4
1.17792e+06  21388557778934.3
1.18777e+06  12535357148287.7
1.18777e+06  14352388129644.5
1.18777e+06  21529180554757.6
1.18777e+06  12535357148287.7
1.18777e+06  14352388129644.5
1.18777e+06  21529180554757.6
1.19762e+06  12535356990747.9
1.19762e+06  14352388074394.7
1.19762e+06  21670463980166.4
1.19762e+06  12535356990747.9
1.19762e+06  14352388074394.7
1.19762e+06  21670463980166.4
1.19762e+06  12535356990747.9
1.19762e+06  14352388074394.7
1.19762e+06  21670463980166.4
1.20747e+06  12535356829339.9
1.20747e+06  14352388021299.9
1.20747e+06  21812384971258.4
1.20747e+06  12535356829339.9
1.20747e+06  14352388021299.9
1.20747e+06  21812384971258.4
1.21732e+06  11884181371014
1.21732e+06  12535356665877.2
1.21732e+06  14352387968550.8
1.21732e+06  21954918138729.6
1.21732e+06  11884181371014
1.21732e+06  12535356665877.2
1.21732e+06  14352387968550.8
1.21732e+06  21954918138729.6
1.21732e+06  11884181371014
1.21732e+06  12535356665877.2
1.21732e+06  14352387968550.8
1.21732e+06  21954918138729.6
1.22717e+06  12535356496462
1.22717e+06  14352387919553.1
1.22717e+06  22098044490198
1.22717e+06  12535356496462
1.22717e+06  14352387919553.1
1.22717e+06  22098044490198
1.23701e+06  11920130198222.4
1.23701e+06  12535356324761.6
1.23701e+06  14352387870798.3
1.23701e+06  22241740830649.7
1.23701e+06  11920130198222.4
1.23701e+06  12535356324761.6
1.23701e+06  14352387870798.3
1.23701e+06  22241740830649.7
1.23701e+06  11920130198222.4
1.23701e+06  12535356324761.6
1.23701e+06  14352387870798.3
1.23701e+06  22241740830649.7
1.24686e+06  12535356147363.5
1.24686e+06  14352387825244.9
1.24686e+06  22385987337770.1
1.24686e+06  12535356147363.5
1.24686e+06  14352387825244.9
1.24686e+06  22385987337770.1
1.25671e+06  11954003071664.5
1.25671e+06  12535355967794.2
1.25671e+06  14352387779503.4
1.25671e+06  22530764921186.2
1.25671e+06  11954003071664.5
1.25671e+06  12535355967794.2
1.25671e+06  14352387779503.4
1.25671e+06  22530764921186.2
1.25671e+06  11954003071664.5
1.25671e+06  12535355967794.2
1.25671e+06  14352387779503.4
1.25671e+06  22530764921186.2
1.26656e+06  11970197725583
1.26656e+06  12535355782823.8
1.26656e+06  14352387736359.7
1.26656e+06  22676054735942.3
1.26656e+06  11970197725583
1.26656e+06  12535355782823.8
1.26656e+06  14352387736359.7
1.26656e+06  22676054735942.3
1.27641e+06  12535355593541.6
1.27641e+06  14352387694644.8
1.27641e+06  22821838906464.2
1.27641e+06  12535355593541.6
1.27641e+06  14352387694644.8
1.27641e+06  22821838906464.2
1.27641e+06  12535355593541.6
1.27641e+06  14352387694644.8
1.27641e+06  22821838906464.2
1.28626e+06  12535355400796.2
1.28626e+06  14352387653403.5
1.28626e+06  22968099630773.1
1.28626e+06  12535355400796.2
1.28626e+06  14352387653403.5
1.28626e+06  22968099630773.1
1.29611e+06  12535355201640.1
1.29611e+06  14352387615153.6
1.29611e+06  23114820088346.9
1.29611e+06  12535355201640.1
1.29611e+06  14352387615153.6
1.29611e+06  23114820088346.9
1.29611e+06  12535355201640.1
1.29611e+06  14352387615153.6
1.29611e+06  23114820088346.9
1.30596e+06  12535354999687.3
1.30596e+06  14352387576394.1
1.30596e+06  23261985930693.8
1.30596e+06  12535354999687.3
1.30596e+06  14352387576394.1
1.30596e+06  23261985930693.8
1.3158e+06  12044536948166.2
1.3158e+06  12535354790926.6
1.3158e+06  14352387540608.2
1.3158e+06  23409579782802.4
1.3158e+06  12044536948166.2
1.3158e+06  12535354790926.6
1.3158e+06  14352387540608.2
1.3158e+06  23409579782802.4
1.3158e+06  12044536948166.2
1.3158e+06  12535354790926.6
1.3158e+06  14352387540608.2
1.3158e+06  23409579782802.4
1.32565e+06  12058201097623.6
1.32565e+06  12535354577096.3
1.32565e+06  14352387506001
1.32565e+06  23557589323285.6
1.32565e+06  12058201097623.6
1.32565e+06  12535354577096.3
1.32565e+06  14352387506001
1.32565e+06  23557589323285.6
1.3355e+06  12535354358996.6
1.3355e+06  14352387471628.4
1.3355e+06  23705997763937.3
1.3355e+06  12535354358996.6
1.3355e+06  14352387471628.4
1.3355e+06  23705997763937.3
1.3355e+06  12535354358996.6
1.3355e+06  14352387471628.4
1.3355e+06  23705997763937.3
1.34535e+06  12084362411756.2
1.34535e+06  12535354134876
1.34535e+06  14352387438881.6
1.34535e+06  23854793540143.3
1.34535e+06  12084362411756.2
1.34535e+06  12535354134876
1.34535e+06  14352387438881.6
1.34535e+06  23854793540143.3
1.3552e+06  12535353904651.7
1.3552e+06  14352387407611.9
1.3552e+06  24003963415480.7
1.3552e+06  12535353904651.7
1.3552e+06  14352387407611.9
1.3552e+06  24003963415480.7
1.3552e+06  12535353904651.7
1.3552e+06  14352387407611.9
1.3552e+06  24003963415480.7
1.36505e+06  12109149789246.7
1.36505e+06  12535353668102.1
1.36505e+06  14352387377788.9
1.36505e+06  24153494684556.4
1.36505e+06  12109149789246.7
1.36505e+06  12535353668102.1
1.36505e+06  14352387377788.9
1.36505e+06  24153494684556.4
1.3749e+06  12535353424932
1.3749e+06  14352387349440
1.3749e+06  24303375255303.4
1.3749e+06  12535353424932
1.3749e+06  14352387349440
1.3749e+06  24303375255303.4
1.3749e+06  12535353424932
1.3749e+06  14352387349440
1.3749e+06  24303375255303.4
1.38475e+06  12132671236750.5
1.38475e+06  12535353177232
1.38475e+06  14352387320384.3
1.38475e+06  24453593613336
1.38475e+06  12132671236750.5
1.38475e+06  12535353177232
1.38475e+06  14352387320384.3
1.38475e+06  24453593613336
1.3946e+06  12143922211451.1
1.3946e+06  12535352921051
1.3946e+06  14352387293993
1.3946e+06  24604138787978.4
1.3946e+06  12143922211451.1
1.3946e+06  12535352921051
1.3946e+06  14352387293993
1.3946e+06  24604138787978.4
1.3946e+06  12143922211451.1
1.3946e+06  12535352921051
1.3946e+06  14352387293993
1.3946e+06  24604138787978.4
1.40444e+06  12154904232724.8
1.40444e+06  12535352658880.4
1.40444e+06  14352387267690.8
1.40444e+06  24755000320725.3
1.40444e+06  12154904232724.8
1.40444e+06  12535352658880.4
1.40444e+06  14352387267690.8
1.40444e+06  24755000320725.3
1.41429e+06  12535352388157
1.41429e+06  14352387243547.9
1.41429e+06  24906168236087.1
1.41429e+06  12535352388157
1.41429e+06  14352387243547.9
1.41429e+06  24906168236087.1
1.41429e+06  12535352388157
1.41429e+06  14352387243547.9
1.41429e+06  24906168236087.1
1.42414e+06  12535352110844.7
1.42414e+06  14352387219443.9
1.42414e+06  25057632843982.2
1.42414e+06  12535352110844.7
1.42414e+06  14352387219443.9
1.42414e+06  25057632843982.2
1.43399e+06  12535351825206.4
1.43399e+06  14352387196657.7
1.43399e+06  25209383168951.3
1.43399e+06  12535351825206.4
1.43399e+06  14352387196657.7
1.43399e+06  25209383168951.3
1.43399e+06  12535351825206.4
1.43399e+06  14352387196657.7
1.43399e+06  25209383168951.3
1.44384e+06  12535351530467
1.44384e+06  14352387175564.9
1.44384e+06  25361412254945.3
1.44384e+06  12535351530467
1.44384e+06  14352387175564.9
1.44384e+06  25361412254945.3
1.45369e+06  12535351228101.1
1.45369e+06  14352387154441.8
1.45369e+06  25513710297061.6
1.45369e+06  12535351228101.1
1.45369e+06  14352387154441.8
1.45369e+06  25513710297061.6
1.45369e+06  12535351228101.1
1.45369e+06  14352387154441.8
1.45369e+06  25513710297061.6
1.46354e+06  12535350916803.2
1.46354e+06  14352387134114.5
1.46354e+06  25666269224583.3
1.46354e+06  12535350916803.2
1.46354e+06  14352387134114.5
1.46354e+06  25666269224583.3
1.47339e+06  12224429713254.7
1.47339e+06  12535350593895.5
1.47339e+06  14352387116661.9
1.47339e+06  25819080881388.8
1.47339e+06  12224429713254.7
1.47339e+06  12535350593895.5
1.47339e+06  14352387116661.9
1.47339e+06  25819080881388.8
1.47339e+06  12224429713254.7
1.47339e+06  12535350593895.5
1.47339e+06  14352387116661.9
1.47339e+06  25819080881388.8
1.48324e+06  12233424227114.7
1.48324e+06  12535350262977.6
1.48324e+06  14352387098323.5
1.48324e+06  25972138183646.1
1.48324e+06  12233424227114.7
1.48324e+06  12535350262977.6
1.48324e+06  14352387098323.5
1.48324e+06  25972138183646.1