0  58481091034.0141
0  12539875105457.3
0  14352382340356.9
3939.54  116967681231.932
3939.54  12539875105453.2
3939.54  14352382334720.4
7879.07  175451338612.156
7879.07  12539875105446.2
7879.07  14352382325385.3
7879.07  14391363697479.6
11818.6  233932338293.02
11818.6  12539875105436.5
11818.6  14352382312439
15758.1  292410118935.168
15758.1  12539875105424
15758.1  14352382296000.9
15758.1  14391869718999.9
19697.7  350883979482.958
19697.7  12539875105408.7
19697.7  14352382276219.8
23637.2  409353178573.951
23637.2  12539875105390.6
23637.2  14352382253270.4
27576.8  467816959312.839
27576.8  12539875105369.7
27576.8  14352382227350
31516.3  526274557462.193
31516.3  12539875104824.4
31516.3  14352382199123.2
35455.8  584725076686.73
35455.8  12539875104798
35455.8  14352382167921.6
39395.4  643167746397.454
39395.4  12539875104768.7
39395.4  14352382134433.8
39395.4  14394911130408.6
43334.9  701601927146.382
43334.9  12539875102786.7
43334.9  14352382100585.3
47274.4  760026839504.129
47274.4  12539875101778.1
47274.4  14352382064103.4
47274.4  14396435250176.3
51214  818441703708.135
51214  12539875101740.5
51214  14352382025235.7
51214  14397294810251.6
55153.5  876845739275.857
55153.5  12539875101700.1
55153.5  14352381985062.3
59093  935238126459.032
59093  12539875101656.9
59093  14352381943817.1
63032.6  993617797340.429
63032.6  12539875101611
63032.6  14352381901724.1
63032.6  14400257313024.2
66972.1  1051984293810.42
66972.1  12539875101107.8
66972.1  14352381859387.7
66972.1  14401373020217.1
70911.6  1110336827714.45
70911.6  12539875100534.5
70911.6  14352381816673.2
70911.6  14402554745551
74851.2  1168674414846.56
74851.2  12539875100480.2
74851.2  14352381773257.6
74851.2  14403803168169.2
78790.7  1226996226105.41
78790.7  12539875099446.8
78790.7  14352381730603.9
82730.3  1285301703045.59
82730.3  12539875098413
82730.3  14352381688023.3
82730.3  14406494048446.7
86669.8  1343589689644.8
86669.8  12539875098350.3
86669.8  14352381644816.6
86669.8  14407939111450.6
90609.3  1401859628332.28
90609.3  12539875098284.7
90609.3  14352381601950.2
90609.3  14409450411500.5
94548.9  1460110550868.64
94548.9  12539875096720.8
94548.9  14352381560827.3
94548.9  14411028347986.4
98488.4  1518341707756.15
98488.4  12539875096195.1
98488.4  14352381519353.4
102428  1576552149513.21
102428  12539875095144.9
102428  14352381478963.3
102428  14414385702144.8
106367  1634741249374.08
106367  12539875095068.1
106367  14352381438433.8
110307  1692907814827.62
110307  12539875093492.9
110307  14352381399962.6
110307  14418012796611
114247  1751051268073.36
114247  12539875093410.5
114247  14352381361012.8
114247  14419928791614.1
118186  1809170720566.46
118186  12539875093325.2
118186  14352381322918
118186  14421913346910.9
122126  1867265245617.31
122126  12539875091806.4
122126  14352381286948.1
122126  14423966722146.7
126065  1925333885076.5
126065  12539875090219.9
126065  14352381251945.3
126065  14426089726295.2
130005  1983375870674.65
130005  12539875089152.2
130005  14352381217418.4
130005  14428283069584.4
133944  2041390301828.86
133944  12539875089055.6
133944  14352381182985.9
133944  14430545127678.1
137884  2099376278220.29
137884  12539875088501.7
137884  14352381149889.5
137884  14432878816436.4
141823  2157332899272.67
141823  12539875086901.5
141823  14352381118639.8
141823  14435283870364
145763  2215259263705.93
145763  12539875085822.4
145763  14352381087875.1
145763  14437760090808.9
149702  2273154340139.39
149702  12539875084740.5
149702  14352381058041.4
149702  14440307830001
153642  2331017305519.52
153642  12539875083131.8
153642  14352381029582.4
153642  14442927915836.3
157581  2388847268464.72
157581  12539875082563.6
157581  14352381001125.7
157581  14445621598935.2
161521  2446643188363.17
161521  12539875082446.9
161521  14352380973166.2
161521  14448388616771.2
165461  2504404134371.77
165461  12539875080831.9
165461  14352380947377.4
165461  14451230234958.7
169400  2562129176228.4
169400  12539875079733.4
169400  14352380921993.5
169400  14454145482478.8
173340  2619817327705.66
173340  12539875078179.8
173340  14352380897837
173340  14457136259729
177279  2677467537551.66
177279  12539875076556.1
177279  14352380874553.2
177279  14460203059919
181219  2735078913782.8
181219  12539875075448.9
181219  14352380851611.7
181219  14463345696953.6
185158  2792650420773.26
185158  12539875075315
185158  14352380828593.8
185158  14466565245304.7
189098  2850181024202.36
189098  12539875074202
189098  14352380807171.6
189098  14469862722098.5
193037  2907669690547.58
193037  12539875071138.4
193037  14352380788166.5
193037  14473238619426.2
196977  2965115386644.88
196977  12539875070474.1
196977  14352380767780.2
196977  14476692754826
200916  3022517079256.42
200916  12539875070328.5
200916  14352380747622.4
200916  14480226752179.3
204856  3079873734948.86
204856  12539875067775.5
204856  14352380730212.4
204856  14483840572451.3
208795  3137184253760.32
208795  12539875066128.6
208795  14352380712651.2
208795  14487535341371.1
212735  3194447500399.26
212735  12539875065519.8
212735  14352380694802.5
212735  14491312277553.6
216674  3251662480872.62
216674  12539875062890.8
216674  14352380679301.8
216674  14495171236941.8
220614  3308828010803.84
220614  12539875062730.6
220614  14352380662229.3
220614  14499113255586.1
224554  3365942959345
224554  12539875060617.4
224554  14352380647406.3
224554  14503139387029.3
228493  3423006239608.62
228493  12539875058501.2
228493  14352380633119.3
228493  14507250508926.3
232433  3480016682216.4
232433  12539875057877.7
232433  14352380618049.7
232433  14511446377215.5
236372  3536973119342.38
236372  12539875055688.4
236372  14352380604836.8
236372  14515729423266
240312  3593874384650.59
240312  12539875054085
240312  14352380591592.9
240312  14520099011715.1
244251  3650719286095.04
244251  12539875052409.1
244251  14352380578873
244251  14524556947327.3
248191  3707506529872.65
248191  12539875050799.8
248191  14352380566539.5
248191  14529103949493.5
252130  3764235051191.69
252130  12539875049639.7
252130  14352380554243.6
252130  14533741080354.7
256070  3820903434612.08
256070  12539875047957.1
256070  14352380542814.3
256070  14538468360060.3
260009  3877510542306.34
260009  12539875045362.6
260009  14352380532575.5
260009  14543288018727.6
263949  3934055080889
263949  12539875044126.2
263949  14352380521538.7
263949  14548200104922.1
267888  3990535747722.89
267888  12539875041527.9
267888  14352380512055.1
267888  14553205947638.7
271828  4046951243508.66
271828  12539875039830.9
271828  14352380502143.2
271828  14558306473879.1
275768  4103300272169.43
275768  12539875038200.5
275768  14352380492515.9
275768  14563502586456.5
279707  4159581408211.88
279707  12539875035523.6
279707  14352380484128.8
279707  14568795916757.4
283647  4215793404449.99
283647  12539875034860.9
283647  14352380474307.6
283647  14574186876145.2
287586  4271934772168.6
287586  12539875032177.8
287586  14352380466550.2
287586  14579676826613.1
291526  4328004201349
291526  12539875030013.4
291526  14352380458636.9
291526  14585266991782.6
295465  4384000255075.49
295465  12539875028300.4
295465  14352380450615.6
295465  14590958045587.8
299405  4439921502132.75
299405  12539875026649.3
299405  14352380442814.6
299405  14596751988757.3
303344  4495766517079.31
303344  12539875023956.2
303344  14352380436184.6
303344  14602649080736.2
307284  4551533721543.45
307284  12539875022298.8
307284  14352380428908.3
307284  14608651128690
311223  4607221773674.16
311223  12539875020051.7
311223  14352380422390.9
311223  14614759326734.1
315163  4662829036977.4
315163  12539875017935.9
315163  14352380415996.2
315163  14620974437880.8
319102  4718354037116.41
319102  12539875015682.6
319102  14352380409949.7
319102  14627298467286.8
323042  4773795231699.39
323042  12539875014012.6
323042  14352380403616
323042  14633732244649.5
326981  4829150996864.71
326981  12539875010846.3
326981  14352380398797.2
326981  14640277137785
330921  4884419766169.54
330921  12539875009102.9
330921  14352380392945.3
330921  14646934426113.2
334861  4939599932693.97
334861  12539875006904.1
334861  14352380387687.5
334861  14653705899360.3
338800  4994689856928.71
338800  12539875004702.2
338800  14352380382623.7
338800  14660592450204.9
342740  5049687841261.16
342740  12539875002497
342740  14352380377747
342740  14667595848076.7
346679  5104592200187.62
346679  12539874999312.5
346679  14352380373900.9
346679  14674717543721.7
350619  5159401261369.52
350619  12539874997555.4
350619  14352380368984.2
350619  14681958664904.5
354558  5214113273947.91
354558  12539874994886.1
354558  14352380365027.5
354558  14689321175049.4
358498  5268726503858.78
358498  12539874992146.4
358498  14352380361292.6
358498  14696806319123.3
362437  5323239125219.15
362437  12539874989925.1
362437  14352380357261.2
362437  14704415633059.4
366377  5377649328494.11
366377  12539874987700.7
366377  14352380353382.2
366377  14712150913823.4
370316  5431955321495.66
370316  12539874984496.6
370316  14352380350500.6
370316  14720013560030.1
374256  5486155268630.01
374256  12539874983694
374256  14352380345668.1
374256  14728005360652.4
378195  5540247273103.95
378195  12539874979509.5
378195  14352380343915.1
378195  14736127963799.4
382135  5594229392057.3
382135  12539874976817.4
382135  14352380340993.4
382135  14744382982987.7
386075  5648099704305.33
386075  12539874975030.9
386075  14352380337409.4
386075  14752772270332.8
390014  5701856311793.63
390014  12539874971810.5
390014  14352380335196.1
390014  14761297384473.2
393954  5755497179828.33
393954  12539874968067.2
393954  14352380333556.3
393954  14769960153475.9
397893  5809020335939.57
397893  12539874966790.2
397893  14352380329883.2
397893  14778762623923
401833  5862423737755.3
401833  12539874963107.4
401833  14352380328415.6
401833  14787706311955.2
405772  5915705343424.78
405772  12539874961302
405772  14352380325420.3
405772  14796793241092
409712  5968863011176.18
409712  12539874958586.4
409712  14352380323321
409712  14806025203038.2
413651  6021894677872.32
413651  12539874955280.8
413651  14352380321835.9
413651  14815404281118.3
417591  6074798219594.87
417591  12539874953010.6
417591  14352380319546.1
417591  14824932312481.1
421530  6127571408295.55
421530  12539874948789.2
421530  14352380319049.6
421530  14834611316992.6
425470  6180212141529.87
425470  12539874947490.6
425470  14352380316098.6
425470  14844443254802.1
429409  6232718131715.2
429409  12539874944236.3
429409  14352380314939.1
429409  14854430203525.8
433349  6285087132334.98
433349  12539874940978.3
433349  14352380313868.2
433349  14864574209368.2
437288  6337316940748.13
437288  12539874937197.6
437288  14352380313335.3
437288  14874877379387
441228  6389405188108.13
441228  12539874935428.4
441228  14352380311130.7
441228  14885341821222.7
445168  6441349606300.24
445168  12539874931640.6
445168  14352380310762
445168  14895969639894.3
449107  6493147813605.92
449107  12539874928823.2
449107  14352380309623.3
449107  14906763158022.8
453047  6544797455889.47
453047  12539874924573.8
453047  14352380309805
453047  14917724403158.6
456986  6596296108111
456986  12539874922268.9
456986  14352380308364
456986  14928855659393.9
460926  6647641341154.96
460926  12539874919510.3
460926  14352380307386.5
460926  14940159255273.3
464865  6698830734857.11
464865  12539874916678.8
464865  14352380306539.3
464865  14951637426578.5
468805  6749861781769.75
468805  12539874913389
468805  14352380306155.8
468805  14963292533591.2
472744  6800732017923.18
472744  12539874910550.2
472744  14352380305442.1
472744  14975126832199.3
476684  6851438836920.65
476684  12539874906279.3
476684  14352380306036.8
476684  14987142776826.1
480623  6901979768816.87
480623  12539874902526.5
480623  14352380306239
480623  14999342728950.8
484563  6952352225528.81
484563  12539874900650.8
484563  14352380304863.5
484563  15011729129392.1
488502  7002553569199.06
488502  12539874896368.9
488502  14352380305639.4
488502  15024304362623.4
492442  7052581218528.69
492442  12539874893511.8
492442  14352380305228.2
492442  15037070920602.4
496382  7102432513768.42
496382  12539874889222.5
496382  14352380306116.8
496382  15050031337088.2
500321  7152104800243.74
500321  12539874886357.9
500321  14352380305815.2
500321  15063188132109.3
504261  7201595383239.44
504261  12539874883035.2
504261  14352380305962
504261  15076543757274.4
508200  7250901565852.71
508200  12539874880230.3
508200  14352380305705.6
508200  15090100860054.8
512140  7300020617154.39
512140  12539874875926.1
512140  14352380306801.9
512140  15103861986503.6
516079  7348949809125.54
516079  12539874872072.4
516079  14352380307550.8
516079  15117829736222.6
520019  7397686395074.22
520019  12539874868734.5
520019  14352380307894.3
520019  15132006700508.6
523958  7446227571748.31
523958  12539874864870.9
523958  14352380308738.4
523958  15146395569277.5
527898  7494570518133.7
527898  12539874861525.3
527898  14352380309172.7
527898  15160998953971.2
531837  7542712525199.93
531837  12539874857201.8
531837  14352380310499.1
531837  15175819564164.2
535777  7590650680825.93
535777  12539874853329
535777  14352380311472
535777  15190860027957.6
539716  7638382204130.89
539716  12539874850426.2
539716  14352380311637.7
539716  15206123075054.5
543656  7685904249360.4
543656  12539874846091
543656  14352380313088.4
543656  15221611409525.1
547595  7733213991485.37
547595  12539874842725.8
547595  14352380313729.7
547595  15237327759468
551535  7780308517923.72
551535  12539874839356.6
551535  14352380314409.4
551535  15253274844260.2
555475  7827184999251.67
555475  12539874835464.1
555475  14352380315579
555475  15269455362742.3
559414  7873840559147.01
559414  12539874832608.7
559414  14352380315877.7
559414  15285872123872.1
563354  7920272353911.85
563354  12539874827731.7
563354  14352380317970
563354  15302527827870.8
567293  7966477436418.03
567293  12539874823372.6
567293  14352380319642.2
567293  15319425247256
571233  8012453020789.66
571233  12539874819983.2
571233  14352380320499.6
571233  15336567120651.5
575172  8058196225315.27
575172  12539874815615.9
575172  14352380322238.5
575172  15353956200390.5
579112  8103704138177.03
579112  12539874812672.8
579112  14352380322765
579112  15371595237324.6
583051  8148973890933.97
583051  12539874807842.7
583051  14352380324963.6
583051  15389486963330
586991  8194002687952.2
586991  12539874803915.1
586991  14352380326402.7
586991  15407634131063.5
590930  8238787690622.99
590930  12539874800505.1
590930  14352380327417.2
590930  15426039444269.6
594870  8283325995568.89
594870  12539874796116.9
594870  14352380329309.5
594870  15444705653179.8
598809  8327614825275.82
598809  12539874791202.7
598809  14352380331685
598809  15463635417216.1
602749  8371651399700.12
602749  12539874787780.1
602749  14352380332784.9
602749  15482831459915.7
606689  8415432898493.14
606689  12539874782857.3
606689  14352380335215.5
606689  15502296440928.2
610628  8458956591674.82
610628  12539874778452
610628  14352380337217.9
610628  15522032993508.4
614568  8502219765827.07
614568  12539874774497
614568  14352380338850.2
614568  15542043776992.2
618507  8545219640647.81
618507  12539874771057.1
618507  14352380340055.2
618507  15562331389910.8
622447  8587953531923.14
622447  12539874766117
622447  14352380342588.4
622447  15582898388545.6
626386  8630418856696.06
626386  12539874761694.3
626386  14352380344691.2
626386  15603747352894.7
630326  8672612960370.72
630326  12539874758241.2
630326  14352380345968.8
630326  15624880752669.6
634265  8714533243834.66
634265  12539874753355
634265  14352380348514.5
634265  15646301115432.3
638205  8756177206275.98
638205  12539874748397.2
638205  14352380351141.4
638205  15668010847848.6
642144  8797542265658.01
642144  12539874743956.6
642144  14352380353335.7
642144  15690012381190
646084  8838626039424.81
646084  12539874740485.5
646084  14352380354702.8
646084  15712308075221.4
650023  8879426059990.39
650023  12539874734992.3
650023  14352380357849.2
650023  15734900221486
653963  8919939986372.84
653963  12539874730538
653963  14352380360107.1
653963  15757791118402.6
657902  8960165517260.38
657902  12539874726598.7
657902  14352380361932.3
657902  15780982951699.1
661842  9000100338319.85
661842  12539874721613.3
661842  14352380364684.9
661842  15804477914373.5
665782  9039742331078.26
665782  12539874717145.2
665782  14352380367002.1
665782  15828278116226.6
669721  9079089215727.52
669721  12539874712672.3
669721  14352380369338.3
669721  15852385579485.6
673661  9118139040186.36
673661  12539874708647
673661  14352380371298.9
673661  15876802326306.4
677600  9156889718338.5
677600  12539874703642.8
677600  14352380374126.5
677600  15901530256850.4
681540  9195339330949.41
681540  12539874698701.1
681540  14352380376913.3
681540  15926571255692.8
685479  9233485942371.7
685479  12539874692713.3
685479  14352380380625
685479  15951927105450.6
689419  9271327821864.7
689419  12539874688216.5
689419  14352380383050.2
689419  15977599531544.5
693358  9308863148129.95
693358  12539874684167
693358  14352380385097.9
693358  16003590181190.4
697298  9346090293584.02
697298  12539874678684
697298  14352380388407
697298  16029900630958.6
701237  9383007675712.21
701237  12539874674172.5
701237  14352380390881.2
701237  16056532375625.2
705177  9419613807330.55
705177  12539874669134.2
705177  14352380393825.8
705177  16083486836556.7
709116  9455907231908.48
709116  12539874665586.7
709116  14352380395482.3
709116  16110765358697.1
713056  9491886635316.69
713056  12539874659562
713056  14352380399308.2
713056  16138369168894.8
716996  9527550744216.75
716996  12539874655030.2
716996  14352380401843.4
716996  16166299462345.4
720935  9562898425196.4
720935  12539874649971.7
720935  14352380404847.7
720935  16194557299241.3
724875  9597928573654.68
724875  12539874644455.7
724875  14352380408260.3
724875  16223143691346.9
728814  9632640238098.45
728814  12539874638477.7
728814  14352380412085
728814  16252059527331.1
732754  9667032474172.18
732754  12539874634377.6
732754  14352380414282.1
732754  16281305632401.8
736693  9701104544272.79
736693  12539874629298.2
736693  14352380417341.5
736693  16310882707277
740633  9734855716258.67
740633  12539874624280.9
740633  14352380420355.4
740633  16340791395458.6
744572  9768285397418.82
744572  12539874618669
744572  14352380423895.5
744572  16371032207065.8
748512  9801392996867.09
748512  12539874613121.5
748512  14352380427387.5
748512  16401605597081.3
752451  9834178218926.75
752451  12539874607566.1
752451  14352380430894
752451  16432511892582.2
756391  9866640653652.58
756391  12539874603434.1
756391  14352380433167.5
756391  16463751350114.4
760330  9898780159370.58
760330  12539874598322.4
760330  14352380436301.7
760330  16495324088618.4
764270  9930596496146.05
764270  12539874592817.9
764270  14352380439785.2
764270  16527230178082.6
768209  9962089755744.11
768209  12539874586721.1
768209  14352380443791.6
768209  16559469548525.4
772149  9993260029200.23
772149  12539874581592.8
772149  14352380446960.2
772149  16592042071429.1
776089  10024107323336.7
776089  12539874576004.3
776089  14352380450536
776089  16624947493862.5
780028  10054632076686.4
780028  12539874571386.5
780028  14352380453271.6
780028  16658185477617.6
783968  10084834602319.6
783968  12539874566238.9
783968  14352380456474.7
783968  16691755577520.6
787907  10114715372405.6
787907  12539874560113.8
787907  14352380460535.1
787907  16725657251047.5
791847  10144274918462.9
791847  12539874554502.2
791847  14352380464153.1
791847  16759889879787.9
795786  10173513846095.3
795786  12539874548885
795786  14352380467781
795786  16794452735732.6
799726  10202433039960.6
799726  12539874544238.2
799726  14352380470567.8
799726  16829345004763.3
803665  10231033266338.1
803665  12539874537113.1
803665  14352380475519
803665  16864565765028.5
807605  10259315516208.6
807605  12539874531932.5
807605  14352380478779.9
807605  16900114025231.7
811544  10287280744131.1
811544  12539874525836.9
811544  14352380482842.4
811544  16935988686346.3
815484  10314930011150.9
815484  12539874520644.3
815484  14352380486121.8
815484  16972188578852.9
819423  10342264719361.5
819423  12539874514471.4
819423  14352380490259.1
819423  17008712426230.9
823363  10369285949484.9
823363  12539874509786.1
823363  14352380493103.5
823363  17045558873315.7
827303  10395995100683.7
827303  12539874504575
827303  14352380496409.4
827303  17082726507383.5
831242  10422393753432.9
831242  12539874496952.4
831242  14352380501820.1
831242  17120213792055.6
835182  10448483328699
835182  12539874492250.7
835182  14352380504688.1
835182  17158019135482.8
839121  10474265560867
839121  12539874486044.2
839121  14352380508870.3
839121  17196140882659.4
843061  10499741965552.1
843061  12539874479833.7
843061  14352380513058.4
843061  17234577273187.3
847000  10524914291114.9
847000  12539874474203.4
847000  14352380516743.3
847000  17273326500345.1
850940  10549784580430.7
850940  12539874468432.3
850940  14352380520553.1
850940  17312386664034.5
854879  10574354496874.9
854879  12539874461747.5
854879  14352380525161.2
854879  17351755824149.7
858819  10598626129860.5
858819  12539874455963.2
858819  14352380528986.3
858819  17391431935447.7
862758  10622601472479
862758  12539874450306.5
862758  14352380532701.7
862758  17431412938021.5
866698  10646282678790.1
866698  12539874443534.6
866698  14352380537390.6
866698  17471696683433.9
870637  10669671736673.3
870637  12539874437797.3
870637  14352380541179.2
870637  17512280962131.9
874577  10692770999855.7
874577  12539874431076.6
874577  14352380545825.9
874577  17553163516669.1
878516  10715582540106.6
878516  12539874425327.9
878516  14352380549626.4
878516  17594342045047.1
882456  10738108857441.2
882456  12539874419048
882456  14352380553890.7
882456  17635814186851.2
886396  10760352227182.7
886396  12539874412308.8
886396  14352380558556
886396  17677577528057.9
890335  10782315040857.6
890335  12539874406014.8
890335  14352380562833.7
890335  17719629629378
894275  10803999649332.4
894275  12539874400168.4
894275  14352380566721.6
894275  17761967987255.7
898214  10825408688417.3
898214  12539874393475
898214  14352380571347.9
898214  17804590077312.5
902154  10846544571820.3
902154  12539874387159.5
902154  14352380575644.8
902154  17847493323959.5
906093  10867409898575.5
906093  12539874380839
906093  14352380579946
906093  17890675131793.8
910033  10888007201999.7
910033  12539874374054.2
910033  14352380584651.5
910033  17934132852724.3
913972  10908339184175.6
913972  12539874368238.4
913972  14352380588512
913972  17977863830989.8
917912  10928408338222.8
917912  12539874361373.7
917912  14352380593286.1
917912  18021865372945.3
921851  10948217519297.7
921851  12539874354566.3
921851  14352380598009.5
921851  18066134763248.5
925791  10967769240864.1
925791  12539874348730.3
925791  14352380601885.4
925791  18110669265999
929730  10987066161830
929730  12539874342362.2
929730  14352380606224
929730  18155466116472.1
933670  11006111230191.2
933670  12539874335079.4
933670  14352380611358.5
933670  18200522551134.2
937610  11024907047286.8
937610  12539874329150.3
937610  14352380615312
937610  18245835780688.9
941549  11043456382718.1
941549  12539874321329.9
941549  14352380620912.2
941549  18291402992304.3
945489  11061762136240.8
945489  12539874315452.2
945489  14352380624817.7
945489  18337221389388.6
949428  11079826777212.2
949428  12539874308525
949428  14352380629636.1
949428  18383288135187.1
953368  11097653300140
953368  12539874302176.5
953368  14352380633948.2
953368  18429600405003.3
957307  11115244540054.6
957307  12539874293804
957307  14352380640022.2
957307  18476155379316
961247  11132602999732.1
961247  12539874286917
961247  14352380644799.3
961247  18522950210721.2
965186  11149731863335.5
965186  12539874280478.8
965186  14352380649183
965186  18569982072826.7
969126  11166633531545.7
969126  12539874274097
969126  14352380653515.1
969126  18617248138833.7
973065  11183311092453.6
973065  12539874266665.1
973065  14352380658759.6
973065  18664745558230.7
977005  11199767205654.9
977005  12539874260653.7
977005  14352380662763.5
977005  18712471505075.7
980944  11216004469922.4
980944  12539874253271.9
980944  14352380667958.7
980944  18760423178177.5
980944  11216004469922.4
980944  12539874253271.9
980944  14352380667958.7
980944  18760423178177.5
990793  11255659449830.1
990793  12539874234937.5
990793  14352380680828.5
990793  18881271438136.8
990793  11255659449830.1
990793  12539874234937.5
990793  14352380680828.5
990793  18881271438136.8
1.00064e+06  11294007833324.7
1.00064e+06  12539874216934.6
1.00064e+06  14352380693388.1
1.00064e+06  19003469179768.4
1.00064e+06  11294007833324.7
1.00064e+06  12539874216934.6
1.00064e+06  14352380693388.1
1.00064e+06  19003469179768.4
1.00064e+06  11294007833324.7
1.00064e+06  12539874216934.6
1.00064e+06  14352380693388.1
1.00064e+06  19003469179768.4
1.01049e+06  11331092342691.5
1.01049e+06  12539874199394
1.01049e+06  14352380705521.6
1.01049e+06  19126973237148
1.01049e+06  11331092342691.5
1.01049e+06  12539874199394
1.01049e+06  14352380705521.6
1.01049e+06  19126973237148
1.02034e+06  11366954774420.1
1.02034e+06  12539874180365.3
1.02034e+06  14352380718926.3
1.02034e+06  19251741021572.9
1.02034e+06  11366954774420.1
1.02034e+06  12539874180365.3
1.02034e+06  14352380718926.3
1.02034e+06  19251741021572.9
1.02034e+06  11366954774420.1
1.02034e+06  12539874180365.3
1.02034e+06  14352380718926.3
1.02034e+06  19251741021572.9
1.03019e+06  11401636468306.9
1.03019e+06  12539874161798.2
1.03019e+06  14352380731900.9
1.03019e+06  19377730627544.9
1.03019e+06  11401636468306.9
1.03019e+06  12539874161798.2
1.03019e+06  14352380731900.9
1.03019e+06  19377730627544.9
1.04004e+06  11435177809651.5
1.04004e+06  12539874144078.8
1.04004e+06  14352380744107.1
1.04004e+06  19504900960710.3
1.04004e+06  11435177809651.5
1.04004e+06  12539874144078.8
1.04004e+06  14352380744107.1
1.04004e+06  19504900960710.3
1.04004e+06  11435177809651.5
1.04004e+06  12539874144078.8
1.04004e+06  14352380744107.1
1.04004e+06  19504900960710.3
1.04989e+06  11467618325716.4
1.04989e+06  12539874124864.4
1.04989e+06  14352380757583.9
1.04989e+06  19633211805685.4
1.04989e+06  11467618325716.4
1.04989e+06  12539874124864.4
1.04989e+06  14352380757583.9
1.04989e+06  19633211805685.4
1.05974e+06  11498996808529.7
1.05974e+06  12539874105517.6
1.05974e+06  14352380771141.8
1.05974e+06  19762623830832.1
1.05974e+06  11498996808529.7
1.05974e+06  12539874105517.6
1.05974e+06  14352380771141.8
1.05974e+06  19762623830832.1
1.05974e+06  11498996808529.7
1.05974e+06  12539874105517.6
1.05974e+06  14352380771141.8
1.05974e+06  19762623830832.1
1.06958e+06  11529351096250.6
1.06958e+06  12539874086693.2
1.06958e+06  14352380784207.9
1.06958e+06  19893098716050.3
1.06958e+06  11529351096250.6
1.06958e+06  12539874086693.2
1.06958e+06  14352380784207.9
1.06958e+06  19893098716050.3
1.07943e+06  11558717822525.3
1.07943e+06  12539874066756.2
1.07943e+06  14352380798204.7
1.07943e+06  20024599139109.9
1.07943e+06  11558717822525.3
1.07943e+06  12539874066756.2
1.07943e+06  14352380798204.7
1.07943e+06  20024599139109.9
1.07943e+06  11558717822525.3
1.07943e+06  12539874066756.2
1.07943e+06  14352380798204.7
1.07943e+06  20024599139109.9
1.08928e+06  11587132487381.5
1.08928e+06  12539874046818.3
1.08928e+06  14352380812161.3
1.08928e+06  20157088822709.3
1.08928e+06  11587132487381.5
1.08928e+06  12539874046818.3
1.08928e+06  14352380812161.3
1.08928e+06  20157088822709.3
1.09913e+06  11614630015583.5
1.09913e+06  12539874026738.3
1.09913e+06  14352380826198.3
1.09913e+06  20290532555395.4
1.09913e+06  11614630015583.5
1.09913e+06  12539874026738.3
1.09913e+06  14352380826198.3
1.09913e+06  20290532555395.4
1.09913e+06  11614630015583.5
1.09913e+06  12539874026738.3
1.09913e+06  14352380826198.3
1.09913e+06  20290532555395.4
1.10898e+06  11641244046847.6
1.10898e+06  12539874007106
1.10898e+06  14352380839799.4
1.10898e+06  20424896207171.4
1.10898e+06  11641244046847.6
1.10898e+06  12539874007106
1.10898e+06  14352380839799.4
1.10898e+06  20424896207171.4
1.11883e+06  11667006560228.5
1.11883e+06  12539873985445.7
1.11883e+06  14352380855119.4
1.11883e+06  20560146725699.8
1.11883e+06  11667006560228.5
1.11883e+06  12539873985445.7
1.11883e+06  14352380855119.4
1.11883e+06  20560146725699.8
1.11883e+06  11667006560228.5
1.11883e+06  12539873985445.7
1.11883e+06  14352380855119.4
1.11883e+06  20560146725699.8
1.12868e+06  11691949583415.3
1.12868e+06  12539873964683.6
1.12868e+06  14352380869606.1
1.12868e+06  20696252148769.4
1.12868e+06  11691949583415.3
1.12868e+06  12539873964683.6
1.12868e+06  14352380869606.1
1.12868e+06  20696252148769.4
1.13853e+06  11716103282571.1
1.13853e+06  12539873944293
1.13853e+06  14352380883715.9
1.13853e+06  20833181573593.7
1.13853e+06  11716103282571.1
1.13853e+06  12539873944293
1.13853e+06  14352380883715.9
1.13853e+06  20833181573593.7
1.13853e+06  11716103282571.1
1.13853e+06  12539873944293
1.13853e+06  14352380883715.9
1.13853e+06  20833181573593.7
1.14837e+06  11739496867781.2
1.14837e+06  12539873923366.7
1.14837e+06  14352380898236.8
1.14837e+06  20970905190663.2
1.14837e+06  11739496867781.2
1.14837e+06  12539873923366.7
1.14837e+06  14352380898236.8
1.14837e+06  20970905190663.2
1.15822e+06  11762158823742.1
1.15822e+06  12539873902807.1
1.15822e+06  14352380912379.9
1.15822e+06  21109394236298.9
1.15822e+06  11762158823742.1
1.15822e+06  12539873902807.1
1.15822e+06  14352380912379.9
1.15822e+06  21109394236298.9
1.15822e+06  11762158823742.1
1.15822e+06  12539873902807.1
1.15822e+06  14352380912379.9
1.15822e+06  21109394236298.9
1.16807e+06  11784116091700.7
1.16807e+06  12539873880729.7
1.16807e+06  14352380927784.3
1.16807e+06  21248620976827.7
1.16807e+06  11784116091700.7
1.16807e+06  12539873880729.7
1.16807e+06  14352380927784.3
1.16807e+06  21248620976827.7
1.17792e+06  11805395091807.1
1.17792e+06  12539873857519.4
1.17792e+06  14352380944111.8
1.17792e+06  21388558695283.1
1.17792e+06  11805395091807.1
1.17792e+06  12539873857519.4
1.17792e+06  14352380944111.8
1.17792e+06  21388558695283.1
1.17792e+06  11805395091807.1
1.17792e+06  12539873857519.4
1.17792e+06  14352380944111.8
1.17792e+06  21388558695283.1
1.18777e+06  11826020995750.5
1.18777e+06  12539873836231.8
1.18777e+06  14352380958697.5
1.18777e+06  21529181678836
1.18777e+06  11826020995750.5
1.18777e+06  12539873836231.8
1.18777e+06  14352380958697.5
1.18777e+06  21529181678836
1.19762e+06  11846018174946.8
1.19762e+06  12539873813872.8
1.19762e+06  14352380974146.9
1.19762e+06  21670465160725.3
1.19762e+06  11846018174946.8
1.19762e+06  12539873813872.8
1.19762e+06  14352380974146.9
1.19762e+06  21670465160725.3
1.19762e+06  11846018174946.8
1.19762e+06  12539873813872.8
1.19762e+06  14352380974146.9
1.19762e+06  21670465160725.3
1.20747e+06  11865409972993.9
1.20747e+06  12539873790894.2
1.20747e+06  14352380990063.2
1.20747e+06  21812385347622.2
1.20747e+06  11865409972993.9
1.20747e+06  12539873790894.2
1.20747e+06  14352380990063.2
1.20747e+06  21812385347622.2
1.21732e+06  11884218955759.5
1.21732e+06  12539873769307.2
1.21732e+06  14352381004691.3
1.21732e+06  21954919337608.2
1.21732e+06  11884218955759.5
1.21732e+06  12539873769307.2
1.21732e+06  14352381004691.3
1.21732e+06  21954919337608.2
1.21732e+06  11884218955759.5
1.21732e+06  12539873769307.2
1.21732e+06  14352381004691.3
1.21732e+06  21954919337608.2
1.22717e+06  11902466105308.7
1.22717e+06  12539873745142.3
1.22717e+06  14352381021486.1
1.22717e+06  22098045130051.3
1.22717e+06  11902466105308.7
1.22717e+06  12539873745142.3
1.22717e+06  14352381021486.1
1.22717e+06  22098045130051.3
1.23701e+06  11920172938400.2
1.23701e+06  12539873722364.5
1.23701e+06  14352381036989.8
1.23701e+06  22241741589111.3
1.23701e+06  11920172938400.2
1.23701e+06  12539873722364.5
1.23701e+06  14352381036989.8
1.23701e+06  22241741589111.3
1.23701e+06  11920172938400.2
1.23701e+06  12539873722364.5
1.23701e+06  14352381036989.8
1.23701e+06  22241741589111.3
1.24686e+06  11937358767260.7
1.24686e+06  12539873697521.5
1.24686e+06  14352381054206.5
1.24686e+06  22385988377202
1.24686e+06  11937358767260.7
1.24686e+06  12539873697521.5
1.24686e+06  14352381054206.5
1.24686e+06  22385988377202
1.25671e+06  11954042839718.8
1.25671e+06  12539873674445.8
1.25671e+06  14352381069793.9
1.25671e+06  22530766017669.4
1.25671e+06  11954042839718.8
1.25671e+06  12539873674445.8
1.25671e+06  14352381069793.9
1.25671e+06  22530766017669.4
1.25671e+06  11954042839718.8
1.25671e+06  12539873674445.8
1.25671e+06  14352381069793.9
1.25671e+06  22530766017669.4
1.26656e+06  11970243947690.8
1.26656e+06  12539873649886.4
1.26656e+06  14352381086580.2
1.26656e+06  22676055744219.2
1.26656e+06  11970243947690.8
1.26656e+06  12539873649886.4
1.26656e+06  14352381086580.2
1.26656e+06  22676055744219.2
1.27641e+06  11985978606736.9
1.27641e+06  12539873625132.1
1.27641e+06  14352381103438.7
1.27641e+06  22821839593452.3
1.27641e+06  11985978606736.9
1.27641e+06  12539873625132.1
1.27641e+06  14352381103438.7
1.27641e+06  22821839593452.3
1.27641e+06  11985978606736.9
1.27641e+06  12539873625132.1
1.27641e+06  14352381103438.7
1.27641e+06  22821839593452.3
1.28626e+06  12001265004603.7
1.28626e+06  12539873601227.4
1.28626e+06  14352381119455.5
1.28626e+06  22968100279284.9
1.28626e+06  12001265004603.7
1.28626e+06  12539873601227.4
1.28626e+06  14352381119455.5
1.28626e+06  22968100279284.9
1.29611e+06  12016118117254.9
1.29611e+06  12539873575234
1.29611e+06  14352381137185.7
1.29611e+06  23114821232309
1.29611e+06  12016118117254.9
1.29611e+06  12539873575234
1.29611e+06  14352381137185.7
1.29611e+06  23114821232309
1.29611e+06  12016118117254.9
1.29611e+06  12539873575234
1.29611e+06  14352381137185.7
1.29611e+06  23114821232309
1.30596e+06  12030554221420.9
1.30596e+06  12539873551120.6
1.30596e+06  14352381153167.9
1.30596e+06  23261986524248.8
1.30596e+06  12030554221420.9
1.30596e+06  12539873551120.6
1.30596e+06  14352381153167.9
1.30596e+06  23261986524248.8
1.3158e+06  12044588145455.3
1.3158e+06  12539873524843.6
1.3158e+06  14352381170919.6
1.3158e+06  23409580889578.6
1.3158e+06  12044588145455.3
1.3158e+06  12539873524843.6
1.3158e+06  14352381170919.6
1.3158e+06  23409580889578.6
1.3158e+06  12044588145455.3
1.3158e+06  12539873524843.6
1.3158e+06  14352381170919.6
1.3158e+06  23409580889578.6
1.32565e+06  12058234369083.8
1.32565e+06  12539873498416.8
1.32565e+06  14352381188681.7
1.32565e+06  23557589656272.2
1.32565e+06  12058234369083.8
1.32565e+06  12539873498416.8
1.32565e+06  14352381188681.7
1.32565e+06  23557589656272.2
1.3355e+06  12071505674167.7
1.3355e+06  12539873472879.2
1.3355e+06  14352381205544.1
1.3355e+06  23705998745385.4
1.3355e+06  12071505674167.7
1.3355e+06  12539873472879.2
1.3355e+06  14352381205544.1
1.3355e+06  23705998745385.4
1.3355e+06  12071505674167.7
1.3355e+06  12539873472879.2
1.3355e+06  14352381205544.1
1.3355e+06  23705998745385.4
1.34535e+06  12084416291745
1.34535e+06  12539873446591
1.34535e+06  14352381222929.8
1.34535e+06  23854794649256.7
1.34535e+06  12084416291745
1.34535e+06  12539873446591
1.34535e+06  14352381222929.8
1.34535e+06  23854794649256.7
1.3552e+06  12096978354844.4
1.3552e+06  12539873419680.3
1.3552e+06  14352381240721.3
1.3552e+06  24003964374310.8
1.3552e+06  12096978354844.4
1.3552e+06  12539873419680.3
1.3552e+06  14352381240721.3
1.3552e+06  24003964374310.8
1.3552e+06  12096978354844.4
1.3552e+06  12539873419680.3
1.3552e+06  14352381240721.3
1.3552e+06  24003964374310.8
1.36505e+06  12109204417236.5
1.36505e+06  12539873392140.5
1.36505e+06  14352381258918.6
1.36505e+06  24153495479014.1
1.36505e+06  12109204417236.5
1.36505e+06  12539873392140.5
1.36505e+06  14352381258918.6
1.36505e+06  24153495479014.1
1.3749e+06  12121105249427.1
1.3749e+06  12539873363899.7
1.3749e+06  14352381277578
1.3749e+06  24303375997475.1
1.3749e+06  12121105249427.1
1.3749e+06  12539873363899.7
1.3749e+06  14352381277578
1.3749e+06  24303375997475.1
1.3749e+06  12121105249427.1
1.3749e+06  12539873363899.7
1.3749e+06  14352381277578
1.3749e+06  24303375997475.1
1.38475e+06  12132692945327
1.38475e+06  12539873337420.9
1.38475e+06  14352381294548
1.38475e+06  24453594436773.3
1.38475e+06  12132692945327
1.38475e+06  12539873337420.9
1.38475e+06  14352381294548
1.38475e+06  24453594436773.3
1.3946e+06  12143977323487.7
1.3946e+06  12539873308796
1.3946e+06  14352381313225.1
1.3946e+06  24604139768684.6
1.3946e+06  12143977323487.7
1.3946e+06  12539873308796
1.3946e+06  14352381313225.1
1.3946e+06  24604139768684.6
1.3946e+06  12143977323487.7
1.3946e+06  12539873308796
1.3946e+06  14352381313225.1
1.3946e+06  24604139768684.6
1.40444e+06  12154969421277.7
1.40444e+06  12539873280942.1
1.40444e+06  14352381331061.7
1.40444e+06  24755001388746.1
1.40444e+06  12154969421277.7
1.40444e+06  12539873280942.1
1.40444e+06  14352381331061.7
1.40444e+06  24755001388746.1
1.41429e+06  12165679079958.6
1.41429e+06  12539873251445.3
1.41429e+06  14352381350152
1.41429e+06  24906169125489.3
1.41429e+06  12165679079958.6
1.41429e+06  12539873251445.3
1.41429e+06  14352381350152
1.41429e+06  24906169125489.3
1.41429e+06  12165679079958.6
1.41429e+06  12539873251445.3
1.41429e+06  14352381350152
1.41429e+06  24906169125489.3
1.42414e+06  12176115123273.8
1.42414e+06  12539873222701.9
1.42414e+06  14352381368401.4
1.42414e+06  25057633184482.1
1.42414e+06  12176115123273.8
1.42414e+06  12539873222701.9
1.42414e+06  14352381368401.4
1.42414e+06  25057633184482.1
1.43399e+06  12186287478434.3
1.43399e+06  12539873193207
1.43399e+06  14352381387111.7
1.43399e+06  25209384170264.4
1.43399e+06  12186287478434.3
1.43399e+06  12539873193207
1.43399e+06  14352381387111.7
1.43399e+06  25209384170264.4
1.43399e+06  12186287478434.3
1.43399e+06  12539873193207
1.43399e+06  14352381387111.7
1.43399e+06  25209384170264.4
1.44384e+06  12196204171833.1
1.44384e+06  12539873162492.5
1.44384e+06  14352381406681.1
1.44384e+06  25361413045522.5
1.44384e+06  12196204171833.1
1.44384e+06  12539873162492.5
1.44384e+06  14352381406681.1
1.44384e+06  25361413045522.5
1.45369e+06  12205873690567.5
1.45369e+06  12539873132500.9
1.45369e+06  14352381425409
1.45369e+06  25513711128802.8
1.45369e+06  12205873690567.5
1.45369e+06  12539873132500.9
1.45369e+06  14352381425409
1.45369e+06  25513711128802.8
1.45369e+06  12205873690567.5
1.45369e+06  12539873132500.9
1.45369e+06  14352381425409
1.45369e+06  25513711128802.8
1.46354e+06  12215304732003.4
1.46354e+06  12539873102247.6
1.46354e+06  14352381444142.4
1.46354e+06  25666270058687.6
1.46354e+06  12215304732003.4
1.46354e+06  12539873102247.6
1.46354e+06  14352381444142.4
1.46354e+06  25666270058687.6
1.47339e+06  12224504066667.7
1.47339e+06  12539873069309.1
1.47339e+06  14352381464980
1.47339e+06  25819081799412
1.47339e+06  12224504066667.7
1.47339e+06  12539873069309.1
1.47339e+06  14352381464980
1.47339e+06  25819081799412
1.47339e+06  12224504066667.7
1.47339e+06  12539873069309.1
1.47339e+06  14352381464980
1.47339e+06  25819081799412
1.48324e+06  12233480049402.6
1.48324e+06  12539873037967.3
1.48324e+06  14352381484182.9
1.48324e+06  25972138638791.5
1.48324e+06  12233480049402.6
1.48324e+06  12539873037967.3
1.48324e+06  14352381484182.9
1.48324e+06  25972138638791.5
1.49308e+06  12242240049105
1.49308e+06  12539873006387.2
1.49308e+06  14352381503336.4
1.49308e+06  26125433132885
1.49308e+06  12242240049105
1.49308e+06  12539873006387.2
1.49308e+06  14352381503336.4
1.49308e+06  26125433132885
1.49308e+06  12242240049105
1.49308e+06  12539873006387.2
1.49308e+06  14352381503336.4
1.49308e+06  26125433132885
1.50293e+06  12250789713681.6
1.50293e+06  12539872973968.6
1.50293e+06  14352381522949.8
1.50293e+06  26278958133844.8
1.50293e+06  12250789713681.6
1.50293e+06  12539872973968.6
1.50293e+06  14352381522949.8
1.50293e+06  26278958133844.8
1.51278e+06  12259136216425.5
1.51278e+06  12539872941215.9
1.51278e+06  14352381542569.9
1.51278e+06  26432706761097.2
1.51278e+06  12259136216425.5
1.51278e+06  12539872941215.9
1.51278e+06  14352381542569.9
1.51278e+06  26432706761097.2
1.51278e+06  12259136216425.5
1.51278e+06  12539872941215.9
1.51278e+06  14352381542569.9
1.51278e+06  26432706761097.2
1.52263e+06  12267286594822.5
1.52263e+06  12539872906158.5
1.52263e+06  14352381563897.3
1.52263e+06  26586672375468.2
1.52263e+06  12267286594822.5
1.52263e+06  12539872906158.5
1.52263e+06  14352381563897.3
1.52263e+06  26586672375468.2
1.53248e+06  12275246326480.4
1.53248e+06  12539872873208.8
1.53248e+06  14352381583075.8
1.53248e+06  26740848603008.4
1.53248e+06  12275246326480.4
1.53248e+06  12539872873208.8
1.53248e+06  14352381583075.8
1.53248e+06  26740848603008.4
1.53248e+06  12275246326480.4
1.53248e+06  12539872873208.8
1.53248e+06  14352381583075.8
1.53248e+06  26740848603008.4
1.54233e+06  12283020597684.5
1.54233e+06  12539872838369.7
1.54233e+06  14352381603567
1.54233e+06  26895229301646.7
1.54233e+06  12283020597684.5
1.54233e+06  12539872838369.7
1.54233e+06  14352381603567
1.54233e+06  26895229301646.7
1.55218e+06  12290616704757.5
1.55218e+06  12539872802145.8
1.55218e+06  14352381624913.6
1.55218e+06  27049808541367.9
1.55218e+06  12290616704757.5
1.55218e+06  12539872802145.8
1.55218e+06  14352381624913.6
1.55218e+06  27049808541367.9
1.55218e+06  12290616704757.5
1.55218e+06  12539872802145.8
1.55218e+06  14352381624913.6
1.55218e+06  27049808541367.9
1.56203e+06  12298039024321.6
1.56203e+06  12539872767444.6
1.56203e+06  14352381644566.1
1.56203e+06  27204580621868.3
1.56203e+06  12298039024321.6
1.56203e+06  12539872767444.6
1.56203e+06  14352381644566.1
1.56203e+06  27204580621868.3
1.57187e+06  12305293726922
1.57187e+06  12539872730789.3
1.57187e+06  14352381665528.8
1.57187e+06  27359540050529.1
1.57187e+06  12305293726922
1.57187e+06  12539872730789.3
1.57187e+06  14352381665528.8
1.57187e+06  27359540050529.1
1.57187e+06  12305293726922
1.57187e+06  12539872730789.3
1.57187e+06  14352381665528.8
1.57187e+06  27359540050529.1
1.58172e+06  12312384425190
1.58172e+06  12539872693197.3
1.58172e+06  14352381686893.8
1.58172e+06  27514681529500
1.58172e+06  12312384425190
1.58172e+06  12539872693197.3
1.58172e+06  14352381686893.8
1.58172e+06  27514681529500
1.59157e+06  12319317424966.8
1.59157e+06  12539872655617.1
1.59157e+06  14352381707811.8
1.59157e+06  27669999938219.7
1.59157e+06  12319317424966.8
1.59157e+06  12539872655617.1
1.59157e+06  14352381707811.8
1.59157e+06  27669999938219.7
1.59157e+06  12319317424966.8
1.59157e+06  12539872655617.1
1.59157e+06  14352381707811.8
1.59157e+06  27669999938219.7
1.60142e+06  12326096282664.9
1.60142e+06  12539872616977.5
1.60142e+06  14352381729188.4
1.60142e+06  27825490360737.7
1.60142e+06  12326096282664.9
1.60142e+06  12539872616977.5
1.60142e+06  14352381729188.4
1.60142e+06  27825490360737.7
1.61127e+06  12332726925904.1
1.61127e+06  12539872577766.6
1.61127e+06  14352381750570.9
1.61127e+06  27981148043125.2
1.61127e+06  12332726925904.1
1.61127e+06  12539872577766.6
1.61127e+06  14352381750570.9
1.61127e+06  27981148043125.2
1.61127e+06  12332726925904.1
1.61127e+06  12539872577766.6
1.61127e+06  14352381750570.9
1.61127e+06  27981148043125.2
1.62112e+06  12339212247431.3
1.62112e+06  12539872537949.6
1.62112e+06  14352381771958.9
1.62112e+06  28136968392574.8
1.62112e+06  12339212247431.3
1.62112e+06  12539872537949.6
1.62112e+06  14352381771958.9
1.62112e+06  28136968392574.8
1.63097e+06  12345556590843.1
1.63097e+06  12539872498464.8
1.63097e+06  14352381792503.1
1.63097e+06  28292946991470.7
1.63097e+06  12345556590843.1
1.63097e+06  12539872498464.8
1.63097e+06  14352381792503.1
1.63097e+06  28292946991470.7
1.63097e+06  12345556590843.1
1.63097e+06  12539872498464.8
1.63097e+06  14352381792503.1
1.63097e+06  28292946991470.7
1.64082e+06  12351765793468.3
1.64082e+06  12539872456341.7
1.64082e+06  14352381814751.3
1.64082e+06  28449079566096.5
1.64082e+06  12351765793468.3
1.64082e+06  12539872456341.7
1.64082e+06  14352381814751.3
1.64082e+06  28449079566096.5
1.65067e+06  12357841344513
1.65067e+06  12539872414462.3
1.65067e+06  14352381836157.7
1.65067e+06  28605361993402.6
1.65067e+06  12357841344513
1.65067e+06  12539872414462.3
1.65067e+06  14352381836157.7
1.65067e+06  28605361993402.6
1.65067e+06  12357841344513
1.65067e+06  12539872414462.3
1.65067e+06  14352381836157.7
1.65067e+06  28605361993402.6
1.66051e+06  12363788867216.6
1.66051e+06  12539872370829.6
1.66051e+06  14352381858416.4
1.66051e+06  28761790291330.1
1.66051e+06  12363788867216.6
1.66051e+06  12539872370829.6
1.66051e+06  14352381858416.4
1.66051e+06  28761790291330.1
1.67036e+06  12369610526894.6
1.67036e+06  12539872326817.8
1.67036e+06  14352381880286
1.67036e+06  28918360606433.1
1.67036e+06  12369610526894.6
1.67036e+06  12539872326817.8
1.67036e+06  14352381880286
1.67036e+06  28918360606433.1
1.67036e+06  12369610526894.6
1.67036e+06  12539872326817.8
1.67036e+06  14352381880286
1.67036e+06  28918360606433.1
1.68021e+06  12375311451882.1
1.68021e+06  12539872280549.6
1.68021e+06  14352381903347.7
1.68021e+06  29075069229009
1.68021e+06  12375311451882.1
1.68021e+06  12539872280549.6
1.68021e+06  14352381903347.7
1.68021e+06  29075069229009
1.69006e+06  12380893457236.5
1.69006e+06  12539872235145.5
1.69006e+06  14352381924833.1
1.69006e+06  29231912568538.8
1.69006e+06  12380893457236.5
1.69006e+06  12539872235145.5
1.69006e+06  14352381924833.1
1.69006e+06  29231912568538.8
1.69006e+06  12380893457236.5
1.69006e+06  12539872235145.5
1.69006e+06  14352381924833.1
1.69006e+06  29231912568538.8
1.69991e+06  12386361071120.5
1.69991e+06  12539872187352.9
1.69991e+06  14352381947508.3
1.69991e+06  29388887152192.9
1.69991e+06  12386361071120.5
1.69991e+06  12539872187352.9
1.69991e+06  14352381947508.3
1.69991e+06  29388887152192.9
1.70976e+06  12391717296778.1
1.70976e+06  12539872137477.9
1.70976e+06  14352381971039.7
1.70976e+06  29545989621842
1.70976e+06  12391717296778.1
1.70976e+06  12539872137477.9
1.70976e+06  14352381971039.7
1.70976e+06  29545989621842
1.70976e+06  12391717296778.1
1.70976e+06  12539872137477.9
1.70976e+06  14352381971039.7
1.70976e+06  29545989621842
1.71961e+06  12396963584769.5
1.71961e+06  12539872088303.9
1.71961e+06  14352381992934
1.71961e+06  29703216740802.4
1.71961e+06  12396963584769.5
1.71961e+06  12539872088303.9
1.71961e+06  14352381992934
1.71961e+06  29703216740802.4
1.72946e+06  12402105104678.9
1.72946e+06  12539872037391.3
1.72946e+06  14352382015229.3
1.72946e+06  29860565354300.5
1.72946e+06  12402105104678.9
1.72946e+06  12539872037391.3
1.72946e+06  14352382015229.3
1.72946e+06  29860565354300.5
1.72946e+06  12402105104678.9
1.72946e+06  12539872037391.3
1.72946e+06  14352382015229.3
1.72946e+06  29860565354300.5
1.73931e+06  12407143762584.9
1.73931e+06  12539871983589.9
1.73931e+06  14352382038833.4
1.73931e+06  30018032439696.4
1.73931e+06  12407143762584.9
1.73931e+06  12539871983589.9
1.73931e+06  14352382038833.4
1.73931e+06  30018032439696.4
1.74915e+06  12412081873197.4
1.74915e+06  12539871928807.6
1.74915e+06  14352382061987.3
1.74915e+06  30175615056127.4
1.74915e+06  12412081873197.4
1.74915e+06  12539871928807.6
1.74915e+06  14352382061987.3
1.74915e+06  30175615056127.4
1.74915e+06  12412081873197.4
1.74915e+06  12539871928807.6
1.74915e+06  14352382061987.3
1.74915e+06  30175615056127.4
1.759e+06  12416922783684.2
1.759e+06  12539871871410.6
1.759e+06  14352382085996.9
1.759e+06  30333310359463.3
1.759e+06  12416922783684.2
1.759e+06  12539871871410.6
1.759e+06  14352382085996.9
1.759e+06  30333310359463.3
1.76885e+06  12539871813737.4
1.76885e+06  14352382108704.7
1.76885e+06  30491115590954.7
1.76885e+06  12539871813737.4
1.76885e+06  14352382108704.7
1.76885e+06  30491115590954.7
1.76885e+06  12539871813737.4
1.76885e+06  14352382108704.7
1.76885e+06  30491115590954.7
1.7787e+06  12426323075141.2
1.7787e+06  12539871752616
1.7787e+06  14352382132723.2
1.7787e+06  30649028090905.7
1.7787e+06  12426323075141.2
1.7787e+06  12539871752616
1.7787e+06  14352382132723.2
1.7787e+06  30649028090905.7
1.78855e+06  12430886443628
1.78855e+06  12539871689822.6
1.78855e+06  14352382156349.8
1.78855e+06  30807045278154.8
1.78855e+06  12430886443628
1.78855e+06  12539871689822.6
1.78855e+06  14352382156349.8
1.78855e+06  30807045278154.8
1.78855e+06  12430886443628
1.78855e+06  12539871689822.6
1.78855e+06  14352382156349.8
1.78855e+06  30807045278154.8
1.7984e+06  12435362708351.6
1.7984e+06  12539871624760.5
1.7984e+06  14352382179921.9
1.7984e+06  30965164653197.1
1.7984e+06  12435362708351.6
1.7984e+06  12539871624760.5
1.7984e+06  14352382179921.9
1.7984e+06  30965164653197.1
1.80825e+06  12439754436060.5
1.80825e+06  12539871556076.7
1.80825e+06  14352382204408.1
1.80825e+06  31123383786790.6
1.80825e+06  12439754436060.5
1.80825e+06  12539871556076.7
1.80825e+06  14352382204408.1
1.80825e+06  31123383786790.6
1.80825e+06  12439754436060.5
1.80825e+06  12539871556076.7
1.80825e+06  14352382204408.1
1.80825e+06  31123383786790.6
1.8181e+06  12444060742406.7
1.8181e+06  12539871485074.1
1.8181e+06  14352382228443.7
1.8181e+06  31281700339125.6
1.8181e+06  12444060742406.7
1.8181e+06  12539871485074.1
1.8181e+06  14352382228443.7
1.8181e+06  31281700339125.6
1.82794e+06  12448288279887.4
1.82794e+06  12539871411377.1
1.82794e+06  14352382252087
1.82794e+06  31440112024816.9
1.82794e+06  12448288279887.4
1.82794e+06  12539871411377.1
1.82794e+06  14352382252087
1.82794e+06  31440112024816.9
1.82794e+06  12448288279887.4
1.82794e+06  12539871411377.1
1.82794e+06  14352382252087
1.82794e+06  31440112024816.9
1.83779e+06  12452434822554.4
1.83779e+06  12539871332736.9
1.83779e+06  14352382276979.9
1.83779e+06  31598616645981.5
1.83779e+06  12452434822554.4
1.83779e+06  12539871332736.9
1.83779e+06  14352382276979.9
1.83779e+06  31598616645981.5
1.84764e+06  12456505228356.3
1.84764e+06  12539871250633.7
1.84764e+06  14352382301482.6
1.84764e+06  31757212063268.1
1.84764e+06  12456505228356.3
1.84764e+06  12539871250633.7
1.84764e+06  14352382301482.6
1.84764e+06  31757212063268.1
1.84764e+06  12456505228356.3
1.84764e+06  12539871250633.7
1.84764e+06  14352382301482.6
1.84764e+06  31757212063268.1
1.85749e+06  12460500638540.2
1.85749e+06  12539871163680.2
1.85749e+06  14352382326383.6
1.85749e+06  31915896192146.7
1.85749e+06  12460500638540.2
1.85749e+06  12539871163680.2
1.85749e+06  14352382326383.6
1.85749e+06  31915896192146.7
1.86734e+06  12464422977767.9
1.86734e+06  12539871072295.6
1.86734e+06  14352382350835.5
1.86734e+06  32074667031378.6
1.86734e+06  12464422977767.9
1.86734e+06  12539871072295.6
1.86734e+06  14352382350835.5
1.86734e+06  32074667031378.6
1.86734e+06  12464422977767.9
1.86734e+06  12539871072295.6
1.86734e+06  14352382350835.5
1.86734e+06  32074667031378.6
1.87719e+06  12468275053679.9
1.87719e+06  12539870975232.2
1.87719e+06  14352382375350
1.87719e+06  32233522618398.4
1.87719e+06  12468275053679.9
1.87719e+06  12539870975232.2
1.87719e+06  14352382375350
1.87719e+06  32233522618398.4
1.88704e+06  12472054723804.5
1.88704e+06  12539870870341.9
1.88704e+06  14352382401111.9
1.88704e+06  32392461065109.7
1.88704e+06  12472054723804.5
1.88704e+06  12539870870341.9
1.88704e+06  14352382401111.9
1.88704e+06  32392461065109.7
1.88704e+06  12472054723804.5
1.88704e+06  12539870870341.9
1.88704e+06  14352382401111.9
1.88704e+06  32392461065109.7
1.89689e+06  12475769419228.3
1.89689e+06  12539870759108.8
1.89689e+06  14352382426030.3
1.89689e+06  32551480528657.4
1.89689e+06  12475769419228.3
1.89689e+06  12539870759108.8
1.89689e+06  14352382426030.3
1.89689e+06  32551480528657.4
1.90674e+06  12479414684237.5
1.90674e+06  12539870639436.1
1.90674e+06  14352382450950.5
1.90674e+06  32710579223950.6
1.90674e+06  12479414684237.5
1.90674e+06  12539870639436.1
1.90674e+06  14352382450950.5
1.90674e+06  32710579223950.6
1.90674e+06  12479414684237.5
1.90674e+06  12539870639436.1
1.90674e+06  14352382450950.5
1.90674e+06  32710579223950.6
1.91658e+06  12482996437091.8
1.91658e+06  12539870508448.8
1.91658e+06  14352382477180.6
1.91658e+06  32869755420447.4
1.91658e+06  12482996437091.8
1.91658e+06  12539870508448.8
1.91658e+06  14352382477180.6
1.91658e+06  32869755420447.4
1.92643e+06  12486515237358.2
1.92643e+06  12539870366970
1.92643e+06  14352382502563.2
1.92643e+06  33029007418484
1.92643e+06  12486515237358.2
1.92643e+06  12539870366970
1.92643e+06  14352382502563.2
1.92643e+06  33029007418484
1.92643e+06  12486515237358.2
1.92643e+06  12539870366970
1.92643e+06  14352382502563.2
1.92643e+06  33029007418484
1.93628e+06  12489972338185.9
1.93628e+06  12539870212465.8
1.93628e+06  14352382527496.4
1.93628e+06  33188333600893.4
1.93628e+06  12489972338185.9
1.93628e+06  12539870212465.8
1.93628e+06  14352382527496.4
1.93628e+06  33188333600893.4
1.94613e+06  12493369837885.4
1.94613e+06  12539870040296.5
1.94613e+06  14352382553735.3
1.94613e+06  33347732369528.1
1.94613e+06  12493369837885.4
1.94613e+06  12539870040296.5
1.94613e+06  14352382553735.3
1.94613e+06  33347732369528.1
1.94613e+06  12493369837885.4
1.94613e+06  12539870040296.5
1.94613e+06  14352382553735.3
1.94613e+06  33347732369528.1
1.95598e+06  12539869849697.9
1.95598e+06  14352382579072.1
1.95598e+06  33507202175961.9
1.95598e+06  12539869849697.9
1.95598e+06  14352382579072.1
1.95598e+06  33507202175961.9
1.96583e+06  12499987662925.5
1.96583e+06  12539869633283
1.96583e+06  14352382606169.4
1.96583e+06  33666741525402.7
1.96583e+06  12499987662925.5
1.96583e+06  12539869633283
1.96583e+06  14352382606169.4
1.96583e+06  33666741525402.7
1.96583e+06  12499987662925.5
1.96583e+06  12539869633283
1.96583e+06  14352382606169.4
1.96583e+06  33666741525402.7
1.97568e+06  12539869389398.7
1.97568e+06  14352382631569.6
1.97568e+06  33826348950413.6
1.97568e+06  12539869389398.7
1.97568e+06  14352382631569.6
1.97568e+06  33826348950413.6
1.98553e+06  12506382264335.7
1.98553e+06  12539869106475
1.98553e+06  14352382658673.9
1.98553e+06  33986023037963.4
1.98553e+06  12506382264335.7
1.98553e+06  12539869106475
1.98553e+06  14352382658673.9
1.98553e+06  33986023037963.4
1.98553e+06  12506382264335.7
1.98553e+06  12539869106475
1.98553e+06  14352382658673.9
1.98553e+06  33986023037963.4
1.99537e+06  12509497408314.5
1.99537e+06  12539868777046
1.99537e+06  14352382684873.7
1.99537e+06  34145762414016.6
1.99537e+06  12509497408314.5
1.99537e+06  12539868777046
1.99537e+06  14352382684873.7
1.99537e+06  34145762414016.6
2.00522e+06  12539868385114.1
2.00522e+06  14352382711135.5
2.00522e+06  34305565719081.3
2.00522e+06  12539868385114.1
2.00522e+06  14352382711135.5
2.00522e+06  34305565719081.3
2.00522e+06  12539868385114.1
2.00522e+06  14352382711135.5
2.00522e+06  34305565719081.3
2.01507e+06  12539867907491.5
2.01507e+06  14352382738646.2
2.01507e+06  34465431662083.7
2.01507e+06  12539867907491.5
2.01507e+06  14352382738646.2
2.01507e+06  34465431662083.7
2.02492e+06  12539867312809.3
2.02492e+06  14352382765764
2.02492e+06  34625358969089.9
2.02492e+06  12539867312809.3
2.02492e+06  14352382765764
2.02492e+06  34625358969089.9
2.02492e+06  12539867312809.3
2.02492e+06  14352382765764
2.02492e+06  34625358969089.9
2.03477e+06  12521448218626.6
2.03477e+06  12539866547663.7
2.03477e+06  14352382792432
2.03477e+06  34785346401244
2.03477e+06  12521448218626.6
2.03477e+06  12539866547663.7
2.03477e+06  14352382792432
2.03477e+06  34785346401244
2.04462e+06  12524316357941.2
2.04462e+06  12539865519279.9
2.04462e+06  14352382819556.3
2.04462e+06  34945392754783.3
2.04462e+06  12524316357941.2
2.04462e+06  12539865519279.9
2.04462e+06  14352382819556.3
2.04462e+06  34945392754783.3
2.04462e+06  12524316357941.2
2.04462e+06  12539865519279.9
2.04462e+06  14352382819556.3
2.04462e+06  34945392754783.3
2.05447e+06  12539864056181
2.05447e+06  14352382847080.2
2.05447e+06  35105496859672.5
2.05447e+06  12539864056181
2.05447e+06  14352382847080.2
2.05447e+06  35105496859672.5
2.06432e+06  12529902398400.2
2.06432e+06  12539861796995.4
2.06432e+06  14352382874213
2.06432e+06  35265657578499.5
2.06432e+06  12529902398400.2
2.06432e+06  12539861796995.4
2.06432e+06  14352382874213
2.06432e+06  35265657578499.5
2.06432e+06  12529902398400.2
2.06432e+06  12539861796995.4
2.06432e+06  14352382874213
2.06432e+06  35265657578499.5
2.07417e+06  12539857821316.9
2.07417e+06  14352382901346.8
2.07417e+06  35425873794317.6
2.07417e+06  12539857821316.9
2.07417e+06  14352382901346.8
2.07417e+06  35425873794317.6
2.08401e+06  12535310589117.9
2.08401e+06  12539848912691.4
2.08401e+06  14352382928880.1
2.08401e+06  35586144429508.4
2.08401e+06  12535310589117.9
2.08401e+06  12539848912691.4
2.08401e+06  14352382928880.1
2.08401e+06  35586144429508.4
2.08401e+06  12535310589117.9
2.08401e+06  12539848912691.4
2.08401e+06  14352382928880.1
2.08401e+06  35586144429508.4
2.09386e+06  12537897127845.3
2.09386e+06  12539810886916.2
2.09386e+06  14352382958117.2
2.09386e+06  35746468426959.6
2.09386e+06  12537897127845.3
2.09386e+06  12539810886916.2
2.09386e+06  14352382958117.2
2.09386e+06  35746468426959.6
2.10371e+06  12539955231452.5
2.10371e+06  12540685763690
2.10371e+06  14352382985715.4
2.10371e+06  35906844765764.4
2.10371e+06  12539955231452.5
2.10371e+06  12540685763690
2.10371e+06  14352382985715.4
2.10371e+06  35906844765764.4
2.10371e+06  12539955231452.5
2.10371e+06  12540685763690
2.10371e+06  14352382985715.4
2.10371e+06  35906844765764.4
2.11356e+06  12539897769957
2.11356e+06  12543157760361.3
2.11356e+06  14352383013712.9
2.11356e+06  36067272442238.4
2.11356e+06  12539897769957
2.11356e+06  12543157760361.3
2.11356e+06  14352383013712.9
2.11356e+06  36067272442238.4
2.12341e+06  12539887049206.7
2.12341e+06  12545664754508.4
2.12341e+06  14352383041655
2.12341e+06  36227750479386.7
2.12341e+06  12539887049206.7
2.12341e+06  12545664754508.4
2.12341e+06  14352383041655
2.12341e+06  36227750479386.7
2.12341e+06  12539887049206.7
2.12341e+06  12545664754508.4
2.12341e+06  14352383041655
2.12341e+06  36227750479386.7
2.13326e+06  12539882566750.5
2.13326e+06  12548141657609.5
2.13326e+06  14352383070507.8
2.13326e+06  36388277926370.3
2.13326e+06  12539882566750.5
2.13326e+06  12548141657609.5
2.13326e+06  14352383070507.8
2.13326e+06  36388277926370.3
2.14311e+06  12539880097641.8
2.14311e+06  12550582363907.1
2.14311e+06  14352383098910.8
2.14311e+06  36548853857408.5
2.14311e+06  12539880097641.8
2.14311e+06  12550582363907.1
2.14311e+06  14352383098910.8
2.14311e+06  36548853857408.5
2.14311e+06  12539880097641.8
2.14311e+06  12550582363907.1
2.14311e+06  14352383098910.8
2.14311e+06  36548853857408.5
2.15296e+06  12539878527362.6
2.15296e+06  14352383127769.6
2.15296e+06  36709477370961.6
2.15296e+06  12539878527362.6
2.15296e+06  14352383127769.6
2.15296e+06  36709477370961.6
2.16281e+06  12539877436163.8
2.16281e+06  14352383156633.5
2.16281e+06  36870147589047.6
2.16281e+06  12539877436163.8
2.16281e+06  14352383156633.5
2.16281e+06  36870147589047.6
2.16281e+06  12539877436163.8
2.16281e+06  14352383156633.5
2.16281e+06  36870147589047.6
2.17265e+06  12539876629869.2
2.17265e+06  12557678813436.9
2.17265e+06  14352383185894.5
2.17265e+06  37030863646751.1
2.17265e+06  12539876629869.2
2.17265e+06  12557678813436.9
2.17265e+06  14352383185894.5
2.17265e+06  37030863646751.1
2.1825e+06  12539876008102.3
2.1825e+06  12559975988652.5
2.1825e+06  14352383214367.8
2.1825e+06  37191624707991.1
2.1825e+06  12539876008102.3
2.1825e+06  12559975988652.5
2.1825e+06  14352383214367.8
2.1825e+06  37191624707991.1
2.1825e+06  12539876008102.3
2.1825e+06  12559975988652.5
2.1825e+06  14352383214367.8
2.1825e+06  37191624707991.1
2.19235e+06  12539875510588.5
2.19235e+06  12562233659057.3
2.19235e+06  14352383243634.9
2.19235e+06  37352429954361.9
2.19235e+06  12539875510588.5
2.19235e+06  12562233659057.3
2.19235e+06  14352383243634.9
2.19235e+06  37352429954361.9
2.2022e+06  12539875103123
2.2022e+06  14352383272055.3
2.2022e+06  37513278593155.3
2.2022e+06  12539875103123
2.2022e+06  14352383272055.3
2.2022e+06  37513278593155.3
2.2022e+06  12539875103123
2.2022e+06  14352383272055.3
2.2022e+06  37513278593155.3
2.21205e+06  12539874760317.2
2.21205e+06  12566655950736.6
2.21205e+06  14352383301386.4
2.21205e+06  37674169835720.4
2.21205e+06  12539874760317.2
2.21205e+06  12566655950736.6
2.21205e+06  14352383301386.4
2.21205e+06  37674169835720.4
2.2219e+06  12539874465466.9
2.2219e+06  14352383332362.3
2.2219e+06  37835102927662.1
2.2219e+06  12539874465466.9
2.2219e+06  14352383332362.3
2.2219e+06  37835102927662.1
2.2219e+06  12539874465466.9
2.2219e+06  14352383332362.3
2.2219e+06  37835102927662.1
2.23175e+06  12539874212158.6
2.23175e+06  14352383360791.3
2.23175e+06  37996077127867.5
2.23175e+06  12539874212158.6
2.23175e+06  14352383360791.3
2.23175e+06  37996077127867.5
2.2416e+06  12539873987484.4
2.2416e+06  12573045311021.8
2.2416e+06  14352383390982.1
2.2416e+06  38157091711436.5
2.2416e+06  12539873987484.4
2.2416e+06  12573045311021.8
2.2416e+06  14352383390982.1
2.2416e+06  38157091711436.5
2.2416e+06  12539873987484.4
2.2416e+06  12573045311021.8
2.2416e+06  14352383390982.1
2.2416e+06  38157091711436.5
2.25144e+06  12539873786574.1
2.25144e+06  12575112417642.1
2.25144e+06  14352383421966.3
2.25144e+06  38318145971309.2
2.25144e+06  12539873786574.1
2.25144e+06  12575112417642.1
2.25144e+06  14352383421966.3
2.25144e+06  38318145971309.2
2.26129e+06  12539873607737.8
2.26129e+06  12577149567046.1
2.26129e+06  14352383451252.9
2.26129e+06  38479239217799.7
2.26129e+06  12539873607737.8
2.26129e+06  12577149567046.1
2.26129e+06  14352383451252.9
2.26129e+06  38479239217799.7
2.26129e+06  12539873607737.8
2.26129e+06  12577149567046.1
2.26129e+06  14352383451252.9
2.26129e+06  38479239217799.7
2.27114e+06  12539873444551.3
2.27114e+06  12579157494199.1
2.27114e+06  14352383481452
2.27114e+06  38640370768124.9
2.27114e+06  12539873444551.3
2.27114e+06  12579157494199.1
2.27114e+06  14352383481452
2.27114e+06  38640370768124.9
2.28099e+06  12539873294429.6
2.28099e+06  12581136751071.7
2.28099e+06  14352383512444.4
2.28099e+06  38801539971559.6
2.28099e+06  12539873294429.6
2.28099e+06  12581136751071.7
2.28099e+06  14352383512444.4
2.28099e+06  38801539971559.6
2.28099e+06  12539873294429.6
2.28099e+06  12581136751071.7
2.28099e+06  14352383512444.4
2.28099e+06  38801539971559.6
2.29084e+06  12539873157006.5
2.29084e+06  12583087770902.2
2.29084e+06  14352383542648.9
2.29084e+06  38962746187926.4
2.29084e+06  12539873157006.5
2.29084e+06  12583087770902.2
2.29084e+06  14352383542648.9
2.29084e+06  38962746187926.4
2.30069e+06  12539873029268.2
2.30069e+06  12585010918968.2
2.30069e+06  14352383573193.8
2.30069e+06  39123988772709.7
2.30069e+06  12539873029268.2
2.30069e+06  12585010918968.2
2.30069e+06  14352383573193.8
2.30069e+06  39123988772709.7
2.30069e+06  12539873029268.2
2.30069e+06  12585010918968.2
2.30069e+06  14352383573193.8
2.30069e+06  39123988772709.7
2.31054e+06  12539872909606.1
2.31054e+06  12586906523106.3
2.31054e+06  14352383604252.9
2.31054e+06  39285267129642.5
2.31054e+06  12539872909606.1
2.31054e+06  12586906523106.3
2.31054e+06  14352383604252.9
2.31054e+06  39285267129642.5
2.32039e+06  12539872797955.5
2.32039e+06  12588774897227.5
2.32039e+06  14352383634861.7
2.32039e+06  39446580640680.5
2.32039e+06  12539872797955.5
2.32039e+06  12588774897227.5
2.32039e+06  14352383634861.7
2.32039e+06  39446580640680.5
2.32039e+06  12539872797955.5
2.32039e+06  12588774897227.5
2.32039e+06  14352383634861.7
2.32039e+06  39446580640680.5
2.33024e+06  12539872692393
2.33024e+06  12590618366694
2.33024e+06  14352383665867.7
2.33024e+06  39607928730128
2.33024e+06  12539872692393
2.33024e+06  12590618366694
2.33024e+06  14352383665867.7
2.33024e+06  39607928730128
2.34008e+06  12539872592046.4
2.34008e+06  12592435640825.1
2.34008e+06  14352383697331
2.34008e+06  39769310822581.4
2.34008e+06  12539872592046.4
2.34008e+06  12592435640825.1
2.34008e+06  14352383697331
2.34008e+06  39769310822581.4
2.34008e+06  12539872592046.4
2.34008e+06  12592435640825.1
2.34008e+06  14352383697331
2.34008e+06  39769310822581.4
2.34993e+06  12539872497720.4
2.34993e+06  12594226936493.7
2.34993e+06  14352383727947.6
2.34993e+06  39930726352683.4
2.34993e+06  12539872497720.4
2.34993e+06  12594226936493.7
2.34993e+06  14352383727947.6
2.34993e+06  39930726352683.4
2.35978e+06  12539872406459.1
2.35978e+06  12595994743551
2.35978e+06  14352383759812.5
2.35978e+06  40092174770058.2
2.36077e+06  12539872399161.7
2.36077e+06  12596169777850.5
2.36077e+06  14352383761594
2.36077e+06  40108321400175.8
2.36471e+06  12539872362817.9
2.36471e+06  12596868974673.6
2.36471e+06  14352383775339.6
2.36471e+06  40172911143251
2.36865e+06  12539872328495.2
2.36865e+06  12597564344707.8
2.36865e+06  14352383787838.2
2.36865e+06  40237506021601.3
2.37259e+06  12539872295712.9
2.37259e+06  12598255128940.1
2.37259e+06  14352383799489.8
2.37259e+06  40302106002052.1
2.37652e+06  12539872262001.9
2.37652e+06  12598943332691.1
2.37652e+06  14352383812443.7
2.37652e+06  40366711051703.4
2.38046e+06  12539872227917.4
2.38046e+06  12599627039943.1
2.38046e+06  14352383826191
2.38046e+06  40431321132346.7
2.3844e+06  12539872195238.7
2.3844e+06  12600306923112.3
2.3844e+06  14352383839148.2
2.3844e+06  40495936213886.4
2.38834e+06  12539872164014.7
2.38834e+06  12600983665579.4
2.38834e+06  14352383851254.3
2.38834e+06  40560556267109.5
2.39228e+06  12539872131839.5
2.39228e+06  12601656150088.9
2.39228e+06  14352383864606.7
2.39228e+06  40625181260364.9
2.39622e+06  12539872101079.1
2.39622e+06  12602325137801.9
2.39622e+06  14352383877109.6
2.39622e+06  40689811157501.7
2.40016e+06  12539872070299.3
2.40016e+06  12602990820551.4
2.40016e+06  14352383890007.7
2.40016e+06  40754445926340.2
2.4041e+06  12539872039415.1
2.4041e+06  12603652446658.5
2.4041e+06  14352383903361.1
2.4041e+06  40819085541215.9
2.40804e+06  12539872009376.9
2.40804e+06  12604310582361.6
2.40804e+06  14352383916320.8
2.40804e+06  40883729971544.3
2.41198e+06  12539871980239.9
2.41198e+06  12604965542235.4
2.41198e+06  14352383928825.3
2.41198e+06  40948379177141.1
2.41592e+06  12539871950954.5
2.41592e+06  12605616617849.8
2.41592e+06  14352383941783.8
2.41592e+06  41013033135842.1
2.41986e+06  12539871921121.2
2.41986e+06  12606263985922
2.41986e+06  14352383955535.2
2.41986e+06  41077691819315.5
2.4238e+06  12539871891562.6
2.4238e+06  12606908507767.2
2.4238e+06  14352383969345.7
2.4238e+06  41142355190129.8
2.42872e+06  12539871860966.5
2.42872e+06  12607708683927.6
2.42872e+06  14352383981449.4
2.42872e+06  41223190958195.3
2.43266e+06  12539871833166.3
2.43266e+06  12608345276138
2.43266e+06  14352383994352.8
2.43266e+06  41287864776093.7
2.4366e+06  12539871805153.7
2.4366e+06  12608978499783.7
2.4366e+06  14352384007709.6
2.4366e+06  41352543189919.9
2.44054e+06  12539871776916
2.44054e+06  12609608149755.4
2.44054e+06  14352384021521.7
2.44054e+06  41417226175637.1
2.44448e+06  12539871750447.2
2.44448e+06  12610234283654.7
2.44448e+06  14352384034029.6
2.44448e+06  41481913692872.6
2.44842e+06  12539871723283.9
2.44842e+06  12610857516871.9
2.44842e+06  14352384047387.5
2.44842e+06  41546605723710.2
2.45236e+06  12539871696384.6
2.45236e+06  12611477372343.8
2.45236e+06  14352384060745.9
2.45236e+06  41611302238290.1
2.4563e+06  12539871669222.6
2.4563e+06  12612093816438.2
2.4563e+06  14352384074559.5
2.4563e+06  41676003202070.9
2.46024e+06  12539871642374.7
2.46024e+06  12612706897827.9
2.46024e+06  14352384088314.7
2.46024e+06  41740708598436.7
2.46418e+06  12539871617636
2.46418e+06  12613316946614.4
2.46418e+06  14352384100428.5
2.46418e+06  41805418387926.5
2.46812e+06  12539871592158.5
2.46812e+06  12613923868039.5
2.46812e+06  14352384113394.2
2.46812e+06  41870132552893.7
2.47206e+06  12539871566004.3
2.47206e+06  12614527514081.3
2.47206e+06  14352384127150.8
2.47206e+06  41934851062370.3
2.476e+06  12539871540518.4
2.476e+06  12615127927934.5
2.476e+06  14352384140511.6
2.476e+06  41999573888612.2
2.47994e+06  12539871514724.8
2.47994e+06  12615725147995.2
2.47994e+06  14352384154327.2
2.47994e+06  42064301010275.8
2.48388e+06  12539871490620.4
2.48388e+06  12616319429230.6
2.48388e+06  14352384166839.5
2.48388e+06  42129032392148.7
2.48782e+06  12539871465294.2
2.48782e+06  12616910636062.9
2.48782e+06  14352384180597.6
2.48782e+06  42193768020075
2.49176e+06  12539871440544
2.49176e+06  12617498720031.2
2.49176e+06  14352384194018.6
2.49176e+06  42258507853878.7
2.4957e+06  12539871415076.9
2.4957e+06  12618083716892.2
2.4957e+06  14352384208232
2.4957e+06  42323251883982.4
2.49964e+06  12539871390759.4
2.49964e+06  12618665657147.4
2.49964e+06  14352384221595.2
2.49964e+06  42388000067684
2.50358e+06  12539871365646.6
2.50358e+06  12619244573598.6
2.50358e+06  14352384235809.9
2.50358e+06  42452752397670.9
2.50751e+06  12539871343093.7
2.50751e+06  12619820631957.3
2.50751e+06  14352384247928.2
2.50751e+06  42517508831019.2
2.51244e+06  12539871316739
2.51244e+06  12620536525045.9
2.51244e+06  14352384261682.8
2.51244e+06  42598460123503.5
2.51638e+06  12539871292612.4
2.51638e+06  12621105871186.9
2.51638e+06  14352384275502.4
2.51638e+06  42663225727190.3
2.52032e+06  12539871268707.3
2.52032e+06  12621672290692.5
2.52032e+06  14352384289263.8
2.52032e+06  42727995356034
2.52426e+06  12539871244885.6
2.52426e+06  12622235811077.1
2.52426e+06  14352384303084.2
2.52426e+06  42792769000681.2
2.5282e+06  12539871221210.7
2.5282e+06  12622796498929.6
2.5282e+06  14352384316904.6
2.5282e+06  42857546622071.2
2.53214e+06  12539871198196
2.53214e+06  12623354331774.6
2.53214e+06  14352384330270.8
2.53214e+06  42922328209735.7
2.53608e+06  12539871175317.1
2.53608e+06  12623909317285.3
2.53608e+06  14352384343639.5
2.53608e+06  42987113731159.3
2.54002e+06  12539871152575.2
2.54002e+06  12624461477226.3
2.54002e+06  14352384357006.4
2.54002e+06  43051903167083.4
2.54396e+06  12539871128994
2.54396e+06  12625010836901.9
2.54396e+06  14352384371224.6
2.54396e+06  43116696495772
2.54789e+06  12539871106443.8
2.54789e+06  12625557415620.6
2.54789e+06  14352384384650.9
2.54789e+06  43181493686957.1
2.55183e+06  12539871083113.4
2.55183e+06  12626101235335.1
2.55183e+06  14352384398870.4
2.55183e+06  43246294728438.2
2.55577e+06  12539871060423
2.55577e+06  12626642317867.3
2.55577e+06  14352384412635.2
2.55577e+06  43311099586518.4
2.55971e+06  12539871037783.2
2.55971e+06  12627180681057.1
2.55971e+06  14352384426459.1
2.55971e+06  43375908246249.3
2.56365e+06  12539871015326
2.56365e+06  12627716344668.3
2.56365e+06  14352384440224.2
2.56365e+06  43440720686078.2
2.56759e+06  12539870992912.8
2.56759e+06  12628249326493.3
2.56759e+06  14352384454048.9
2.56759e+06  43505536874652.6
2.57153e+06  12539870970608.9
2.57153e+06  12628779618787.1
2.57153e+06  14352384467873.8
2.57153e+06  43570356801116.2
2.57547e+06  12539870947509.1
2.57547e+06  12629307259110.2
2.57547e+06  14352384482489.9
2.57547e+06  43635180438377.6
2.57941e+06  12539870926384.6
2.57941e+06  12629832267504.5
2.57941e+06  14352384495465.8
2.57941e+06  43700007762177.5
2.58335e+06  12539870903939.4
2.58335e+06  12630354663139.8
2.58335e+06  14352384509688.3
2.58335e+06  43764838758450.9
2.58729e+06  12539870881593.1
2.58729e+06  12630874462974.7
2.58729e+06  14352384523911.1
2.58729e+06  43829673400220.3
2.59123e+06  12539870859794.9
2.59123e+06  12631391683699
2.59123e+06  14352384537738
2.59123e+06  43894511665570.8
2.59615e+06  12539870836193.4
2.59615e+06  12632034600926.6
2.59615e+06  14352384551956.1
2.59615e+06  43975564567336.2
2.60009e+06  12539870814151.7
2.60009e+06  12632546089854.7
2.60009e+06  14352384566180.1
2.60009e+06  44040410917270.4
2.60403e+06  12539870793170.2
2.60403e+06  12633055054760.3
2.60403e+06  14352384579553.1
2.60403e+06  44105260828877.9
2.60797e+06  12539870771237.6
2.60797e+06  12633561513085.2
2.60797e+06  14352384593836.5
2.60797e+06  44170114272141.2
2.61191e+06  12539870749007.5
2.61191e+06  12634065482143.7
2.61191e+06  14352384608455.4
2.61191e+06  44234971235549.5
2.61585e+06  12539870727761.8
2.61585e+06  12634566977279
2.61585e+06  14352384622284.6
2.61585e+06  44299831699570
2.61979e+06  12539870706144.8
2.61979e+06  12635066013262.1
2.61979e+06  14352384636510.5
2.61979e+06  44364695640250.5
2.62373e+06  12539870684607.3
2.62373e+06  12635562609147.8
2.62373e+06  14352384650736.6
2.62373e+06  44429563036030.3
2.62767e+06  12539870663600
2.62767e+06  12636056779651.3
2.62767e+06  14352384664566.5
2.62767e+06  44494433872727.9
2.63161e+06  12539870642215.6
2.63161e+06  12636548539055.6
2.63161e+06  14352384678793.4
2.63161e+06  44559308130579.3
2.63555e+06  12539870619935.8
2.63555e+06  12637037907312.6
2.63555e+06  14352384693870
2.63555e+06  44624185785814
2.63949e+06  12539870599217
2.63949e+06  12637524898353.6
2.63949e+06  14352384707642.7
2.63949e+06  44689066819701
2.64343e+06  12539870577982.7
2.64343e+06  12638009528439.5
2.64343e+06  14352384721929.5
2.64343e+06  44753951216912.4
2.64737e+06  12539870556885.5
2.64737e+06  12638491815432.3
2.64737e+06  14352384736157.3
2.64737e+06  44818838958578.6
2.65131e+06  12539870535855.1
2.65131e+06  12638971774932.4
2.65131e+06  14352384750386.2
2.65131e+06  44883730024304.6
2.65525e+06  12539870513922
2.65525e+06  12639449423616.9
2.65525e+06  14352384765464.6
2.65525e+06  44948624390944.2
2.65919e+06  12539870493475.2
2.65919e+06  12639924776442.2
2.65919e+06  14352384779297.8
2.65919e+06  45013522045843.8
2.66313e+06  12539870472640.5
2.66313e+06  12640397854179.2
2.66313e+06  14352384793527.2
2.66313e+06  45078422970725.2
2.66707e+06  12539870451867.1
2.66707e+06  12640868672285.6
2.66707e+06  14352384807757.5
2.66707e+06  45143327147192.8
2.67101e+06  12539870431154.8
2.67101e+06  12641337247371
2.67101e+06  14352384821988.1
2.67101e+06  45208234555907.8
2.67494e+06  12539870409532.6
2.67494e+06  12641803598318.4
2.67494e+06  14352384837068.4
2.67494e+06  45273145174919.8
2.67987e+06  12539870387815.5
2.67987e+06  12642383215111.4
2.67987e+06  14352384851353.3
2.67987e+06  45354287946444.8
2.68381e+06  12539870367812
2.68381e+06  12642844569106.3
2.68381e+06  14352384865130.1
2.68381e+06  45419205735226
2.68775e+06  12539870346825.6
2.68775e+06  12643303751786.9
2.68775e+06  14352384879817.2
2.68775e+06  45484126679347.8
2.69169e+06  12539870325443.8
2.69169e+06  12643760782676.7
2.69169e+06  14352384894898.8
2.69169e+06  45549050764170.2
2.69563e+06  12539870304566.2
2.69563e+06  12644215491639
2.69563e+06  14352384909586.2
2.69563e+06  45613977972207.9
2.69957e+06  12539870284779.3
2.69957e+06  12644668004938.9
2.69957e+06  14352384923364.3
2.69957e+06  45678908286367.6
2.70351e+06  12539870263487.9
2.70351e+06  12645118396765
2.70351e+06  14352384938505.8
2.70351e+06  45743841689527.4
2.70745e+06  12539870242314
2.70745e+06  12645566685208.2
2.70745e+06  14352384953588.9
2.70745e+06  45808778164873
2.71139e+06  12539870222159.5
2.71139e+06  12646012890603.7
2.71139e+06  14352384967822.7
2.71139e+06  45873717693187
2.71533e+06  12539870202053.1
2.71533e+06  12646457033662.2
2.71533e+06  14352384982057.3
2.71533e+06  45938660258649.8
2.71926e+06  12539870180505
2.71926e+06  12646899133149.9
2.71926e+06  14352384997596.6
2.71926e+06  46003605846464.8
2.7232e+06  12539870160492.7
2.7232e+06  12647339210126.5
2.7232e+06  14352385011831.9
2.7232e+06  46068554440019.5
2.72714e+06  12539870140073.5
2.72714e+06  12647777286044.3
2.72714e+06  14352385026464
2.72714e+06  46133506023294.6
2.73108e+06  12539870118663.5
2.73108e+06  12648213141970.4
2.73108e+06  14352385042003.7
2.73108e+06  46198460579989.1
2.73502e+06  12539870099238.2
2.73502e+06  12648646831267.6
2.73502e+06  14352385055843.9
2.73502e+06  46263418094036
2.73896e+06  12539870078884.5
2.73896e+06  12649078550865.6
2.73896e+06  14352385070535.5
2.73896e+06  46328378549592.8
2.7429e+06  12539870058122.6
2.7429e+06  12649508323647.7
2.7429e+06  14352385085622
2.7429e+06  46393341930739.6
2.74684e+06  12539870038373.1
2.74684e+06  12649936170146.3
2.74684e+06  14352385099858.9
2.74684e+06  46458308221855.5
2.75078e+06  12539870017174.2
2.75078e+06  12650362115137.8
2.75078e+06  14352385115401.1
2.75078e+06  46523277407547
2.75472e+06  12539869996535.2
2.75472e+06  12650786181061.5
2.75472e+06  14352385130488.5
2.75472e+06  46588249471957.7
2.75866e+06  12539869976385.6
2.75866e+06  12651208083609
2.75866e+06  14352385145182
2.75866e+06  46653224398409.3
2.76358e+06  12539869954048.2
2.76358e+06  12651732827957.1
2.76358e+06  14352385161116.8
2.76358e+06  46734447058098.5
2.76752e+06  12539869935023.9
2.76752e+06  12652150148310.4
2.76752e+06  14352385174901.2
2.76752e+06  46799428373114.6
2.77146e+06  12539869914997.8
2.77146e+06  12652565644202
2.77146e+06  14352385189595.8
2.77146e+06  46864412502782.7
2.7754e+06  12539869894038.3
2.7754e+06  12652979342157.6
2.7754e+06  14352385205140
2.7754e+06  46929399432204.2
2.77934e+06  12539869873634.9
2.77934e+06  12653391267217.7
2.77934e+06  14352385220229.1
2.77934e+06  46994389146623.8
2.78328e+06  12539869852746.4
2.78328e+06  12653801443629.2
2.78328e+06  14352385235774
2.78328e+06  47059381631351.9
2.78722e+06  12539869832409.7
2.78722e+06  12654209571000
2.78722e+06  14352385250866.3
2.78722e+06  47124376871906.7
2.79116e+06  12539869813598.8
2.79116e+06  12654615546179.6
2.79116e+06  14352385264652.8
2.79116e+06  47189374853805.9
2.7951e+06  12539869792812.8
2.7951e+06  12655019811697
2.7951e+06  14352385280198.3
2.7951e+06  47254375562751.6
2.79904e+06  12539869773029.1
2.79904e+06  12655422396218.6
2.79904e+06  14352385294895.3
2.79904e+06  47319378984533.9
2.80298e+06  12539869751857.2
2.80298e+06  12655823327088.1
2.80298e+06  14352385310836.4
2.80298e+06  47384385104970.4
2.80692e+06  12539869731684.8
2.80692e+06  12656222392132.2
2.80692e+06  14352385325930.4
2.80692e+06  47449393910027.2
2.81086e+06  12539869711026
2.81086e+06  12656619184396.7
2.81086e+06  14352385341477.8
2.81086e+06  47514405385928.1
2.8148e+06  12539869691368.9
2.8148e+06  12657014363574.8
2.8148e+06  14352385356175.7
2.8148e+06  47579419518635.7
2.81874e+06  12539869671290.6
2.81874e+06  12657407957748.2
2.81874e+06  14352385371268.9
2.81874e+06  47644436294635.4
2.82268e+06  12539869650722.5
2.82268e+06  12657800001220.9
2.82268e+06  14352385386817.2
2.82268e+06  47709455700224
2.82662e+06  12539869629730.7
2.82662e+06  12658189967716.6
2.82662e+06  14352385402762.4
2.82662e+06  47774477721846.9
2.83056e+06  12539869610191.2
2.83056e+06  12658577934448.7
2.83056e+06  14352385417461.7
2.83056e+06  47839502346172.1
2.8345e+06  12539869590228.5
2.8345e+06  12658964393765.1
2.8345e+06  14352385432556.3
2.8345e+06  47904529559808
2.83844e+06  12539869570811.2
2.83844e+06  12659349377056.8
2.83844e+06  14352385447198.1
2.83844e+06  47969559349469.6
2.84238e+06  12539869548961.2
2.84238e+06  12659732748722.9
2.84238e+06  14352385463993.9
2.84238e+06  48034591702133.6
2.8473e+06  12539869528898.6
2.8473e+06  12660209082157.6
2.8473e+06  14352385478690.8
2.8473e+06  48115885726885.5
2.85124e+06  12539869508531.4
2.85124e+06  12660587965800.2
2.85124e+06  14352385494241.7
2.85124e+06  48180923797418.1
2.85518e+06  12539869488707.5
2.85518e+06  12660965448890.6
2.85518e+06  14352385509340
2.85518e+06  48245964388716.9
2.85912e+06  12539869467941.2
2.85912e+06  12661341568145.4
2.85912e+06  14352385525285.8
2.85912e+06  48311007488078.4
2.86306e+06  12539869448621.4
2.86306e+06  12661716010681.9
2.86306e+06  14352385539987.9
2.86306e+06  48376053082850.2
2.867e+06  12539869428355.4
2.867e+06  12662088172127.9
2.867e+06  14352385555540.2
2.867e+06  48441101160425.8
2.87094e+06  12539869408178.3
2.87094e+06  12662459022275.8
2.87094e+06  14352385571036.2
2.87094e+06  48506151708368.5
2.87488e+06  12539869386990.2
2.87488e+06  12662828596010.6
2.87488e+06  14352385587438.4
2.87488e+06  48571204714293
2.87882e+06  12539869367766.8
2.87882e+06  12663196358843.5
2.87882e+06  14352385602141.9
2.87882e+06  48636260165243
2.88276e+06  12539869347143
2.88276e+06  12663562031771.6
2.88276e+06  14352385618091.8
2.88276e+06  48701318046531.1
2.88669e+06  12539869327514.4
2.88669e+06  12663926482994.3
2.88669e+06  14352385633190.9
2.88669e+06  48766378349055.6
2.89063e+06  12539869306868.9
2.89063e+06  12664289749897.8
2.89063e+06  14352385649200.1
2.89063e+06  48831441060559.1
2.89457e+06  12539869285859.6
2.89457e+06  12664650776692.8
2.89457e+06  14352385665547.5
2.89457e+06  48896506169265.7
2.89851e+06  12539869266748.9
2.89851e+06  12665010201704.3
2.89851e+06  14352385680252.6
2.89851e+06  48961573663214.3
2.90245e+06  12539869245718.1
2.90245e+06  12665368502414.7
2.90245e+06  14352385696657.2
2.90245e+06  49026643530640.4
2.90639e+06  12539869225226.3
2.90639e+06  12665725442863.7
2.90639e+06  14352385712609.1
2.90639e+06  49091715759701.1
2.91033e+06  12539869206178.2
2.91033e+06  12666079941074.1
2.91033e+06  14352385727315.8
2.91033e+06  49156790336417.5
2.91427e+06  12539869185728.4
2.91427e+06  12666433376166.1
2.91427e+06  14352385743267.9
2.91427e+06  49221867249326
2.91821e+06  12539869165297.9
2.91821e+06  12666785792297.7
2.91821e+06  14352385759221
2.91821e+06  49286946489181.9
2.92215e+06  12539869145340.3
2.92215e+06  12667135887345.8
2.92215e+06  14352385774777.9
2.92215e+06  49352028044529.9
2.92609e+06  12539869124949.3
2.92609e+06  12667484563558.6
2.92609e+06  14352385790731.7
2.92609e+06  49417111904103.5
2.93101e+06  12539869104068
2.93101e+06  12667918643421
2.93101e+06  14352385806681.7
2.93101e+06  49498469948706.5
2.93495e+06  12539869084173.2
2.93495e+06  12668264759405.2
2.93495e+06  14352385822239.8
2.93495e+06  49563558948887.7
2.93889e+06  12539869063324.5
2.93889e+06  12668608272061.5
2.93889e+06  14352385838649.4
2.93889e+06  49628650217003.7
2.94283e+06  12539869043014.1
2.94283e+06  12668950714717.5
2.94283e+06  14352385854604.5
2.94283e+06  49693743741860.7
2.94677e+06  12539869022722.6
2.94677e+06  12669292314098.4
2.94677e+06  14352385870559.4
2.94677e+06  49758839507177.3
2.95071e+06  12539869002901.1
2.95071e+06  12669631633181
2.95071e+06  14352385886118.8
2.95071e+06  49823937507030
2.95465e+06  12539868983097.3
2.95465e+06  12669969606943.5
2.95465e+06  14352385901678.5
2.95465e+06  49889037731036.2
2.95859e+06  12539868962405.2
2.95859e+06  12670306809710.3
2.95859e+06  14352385918031.3
2.95859e+06  49954140168555.8
2.96253e+06  12539868942636.7
2.96253e+06  12670641904419.6
2.96253e+06  14352385933591.2
2.96647e+06  12539868921911.8
2.96647e+06  12670975529376.9
2.96647e+06  14352385950003.2
2.97041e+06  12539868901723.2
2.97041e+06  12671308460573.4
2.97041e+06  14352385965960.7
2.97435e+06  12539868880581
2.97435e+06  12671639295412.9
2.97435e+06  14352385982767.7
2.97829e+06  12539868860878
2.97829e+06  12671968700715.1
2.97829e+06  14352385998329.5
2.98223e+06  12539868841256.8
2.98223e+06  12672297489914.7
2.98223e+06  14352386013834.4
2.98617e+06  12539868820095.2
2.98617e+06  12672624027598.1
2.98617e+06  14352386030701.1
2.99011e+06  12539868799467.1
2.99011e+06  12672949344200.1
2.99011e+06  14352386047115.1
2.99405e+06  12539868778403.5
2.99405e+06  12673274128104.8
2.99405e+06  14352386063923.9
2.99799e+06  12539868759297.1
2.99799e+06  12673596327038.7
2.99799e+06  14352386079033.7
3.00193e+06  12539868738714.2
3.00193e+06  12673917695504.2
3.00193e+06  14352386095448.9
3.00587e+06  12539868717695.7
3.00587e+06  12674238456504.2
3.00587e+06  14352386112258.5
3.00981e+06  12539868698114.9
3.00981e+06  12674556432836.3
3.00981e+06  14352386127823
3.01473e+06  12539868677223.4
3.01473e+06  12674952945380.2
3.01473e+06  14352386144176.7
3.01867e+06  12539868656635.1
3.01867e+06  12675269406384.3
3.01867e+06  14352386160651.7
3.02261e+06  12539868636194.7
3.02261e+06  12675583174085.4
3.02261e+06  14352386177009.8
3.02655e+06  12539868615703.3
3.02655e+06  12675896337897.1
3.02655e+06  14352386193424.8
3.03049e+06  12539868595743.9
3.03049e+06  12676208633373.1
3.03049e+06  14352386209386.7
3.03443e+06  12539868575277.2
3.03443e+06  12676518525554.9
3.03443e+06  14352386225804.5
3.03837e+06  12539868555343.7
3.03837e+06  12676828185181.1
3.03837e+06  14352386241767.6
3.04231e+06  12539868533932.6
3.04231e+06  12677135987757.8
3.04231e+06  14352386259035.2
3.04625e+06  12539868513505.7
3.04625e+06  12677442443121.1
3.04625e+06  14352386275453.5
3.05019e+06  12539868492187.3
3.05019e+06  12677748744757.8
3.05019e+06  14352386292663.1
3.05413e+06  12539868473728.3
3.05413e+06  12678052022816.1
3.05413e+06  14352386307382
3.05806e+06  12539868451395
3.05806e+06  12678355208829.2
3.05806e+06  14352386325502.2
3.062e+06  12539868431990
3.062e+06  12678656943256.3
3.062e+06  14352386341071
3.06594e+06  12539868411692.3
3.06594e+06  12678957023952.7
3.06594e+06  14352386357432.1
3.06988e+06  12539868390367.7
3.06988e+06  12679257114861
3.06988e+06  14352386374702.2
3.07382e+06  12539868370025.8
3.07382e+06  12679554230859.5
3.07382e+06  14352386391123.1
3.07776e+06  12539868349244.6
3.07776e+06  12679851291638.5
3.07776e+06  14352386407938.8
3.0817e+06  12539868328926.6
3.0817e+06  12680146849941.2
3.0817e+06  14352386424359.9
3.08564e+06  12539868308618.8
3.08564e+06  12680440911046.6
3.08564e+06  14352386440782
3.08958e+06  12539868287869.5
3.08958e+06  12680734897468.1
3.08958e+06  14352386457600.5
3.09352e+06  12539868267586.3
3.09352e+06  12681025995300.3
3.09352e+06  14352386474021.3
3.09844e+06  12539868247028.1
3.09844e+06  12681389474070.3
3.09844e+06  14352386490382.1
3.10238e+06  12539868224823.5
3.10238e+06  12681679121228.2
3.10238e+06  14352386508506
3.10632e+06  12539868204575.5
3.10632e+06  12681966757927.4
3.10632e+06  14352386524927.7
3.11026e+06  12539868183882.7
3.11026e+06  12682254715040.8
3.11026e+06  14352386541748
3.1142e+06  12539868162683.4
3.1142e+06  12682539581408.8
3.1142e+06  14352386559021
3.11814e+06  12539868142984.1
3.11814e+06  12682824739511
3.11814e+06  14352386574990.7
3.12208e+06  12539868121284.2
3.12208e+06  12683107966119.9
3.12208e+06  14352386592719.9
3.12602e+06  12539868101152.3
3.12602e+06  12683390364187.4
3.12602e+06  14352386609086.3
3.12996e+06  12539868079992.8
3.12996e+06  12683671935729
3.12996e+06  14352386626360.8
3.1339e+06  12539868059813.5
3.1339e+06  12683951611556.3
3.1339e+06  14352386642786.6
3.13784e+06  12539868038219.7
3.13784e+06  12684231515564.2
3.13784e+06  14352386660458.5
3.14178e+06  12539868018059.4
3.14178e+06  12684508508841.1
3.14178e+06  14352386676885
3.14572e+06  12539867996937.4
3.14572e+06  12684786100508.9
3.14572e+06  14352386694161.3
3.14966e+06  12539867975892.9
3.14966e+06  12685061080668.1
3.14966e+06  14352386711378.5
3.1536e+06  12539867954787.1
3.1536e+06  12685336086007.4
3.1536e+06  14352386728657.5
3.15754e+06  12539867934666
3.15754e+06  12685609353315
3.15754e+06  14352386745083.2
3.16148e+06  12539867913578.2
3.16148e+06  12685881816189.5
3.16148e+06  14352386762362.8
3.16542e+06  12539867892569.7
3.16542e+06  12686153353910.5
3.16542e+06  14352386779581.3
3.16936e+06  12539867871952.5
3.16936e+06  12686423319600.9
3.16936e+06  14352386796465.2
3.1733e+06  12539867851413.6
3.1733e+06  14352386813288.6
3.17724e+06  12539867829389.8
3.17724e+06  12686960621967.9
3.17724e+06  14352386831418.8
3.18216e+06  12539867809541.2
3.18216e+06  12687295071667.7
3.18216e+06  14352386847390.4
3.1861e+06  12539867787536.5
3.1861e+06  12687560173815.9
3.1861e+06  14352386865521.1
3.19004e+06  12539867766513.2
3.19004e+06  12687825412125.3
3.19004e+06  14352386882800.8
3.19398e+06  12539867746015.7
3.19398e+06  12688088719652.9
3.19398e+06  14352386899627.9
3.19792e+06  12539867725009.4
3.19792e+06  12688351656834.6
3.19792e+06  14352386916907.8
3.20186e+06  12539867704528
3.20186e+06  12688613154126.4
3.20186e+06  14352386933735.5
3.2058e+06  12539867683083.5
3.2058e+06  12688873840896.7
3.2058e+06  14352386951413
3.20974e+06  12539867661579.9
3.20974e+06  12689133509808.2
3.20974e+06  14352386969149.2
3.21368e+06  12539867642095.7
3.21368e+06  12689391997156.5
3.21368e+06  14352386985126.1
3.21762e+06  12539867620154.4
3.21762e+06  14352387003259.3
3.22156e+06  12539867597769.5
3.22156e+06  12689906160473.8
3.22156e+06  14352387021787.4
3.22549e+06  12539867577334.1
3.22549e+06  14352387038616.9
3.22943e+06  12539867555867.9
3.22943e+06  12690416366775.9
3.22943e+06  14352387056355
3.23337e+06  12539867535450.3
3.23337e+06  14352387073182.6
3.23731e+06  12539867514516.2
3.23731e+06  12690922652682.3
3.23731e+06  14352387090468.3
3.24125e+06  12539867492618.7
3.24125e+06  14352387108603.4
3.24519e+06  12539867471768.2
3.24519e+06  12691425056344.3
3.24519e+06  14352387125829.1
3.24913e+06  12539867450856.4
3.24913e+06  14352387143115
3.25307e+06  12539867428981.8
3.25307e+06  12691923619049.2
3.25307e+06  14352387161249.2
3.25701e+06  12539867407631.9
3.25701e+06  14352387178930.8
3.26095e+06  12539867386739.5
3.26095e+06  12692418379603.4
3.26095e+06  14352387196218.3
3.26588e+06  12539867365600.8
3.26588e+06  14352387213501
3.26981e+06  12539867344272.6
3.26981e+06  12692970341940.7
3.26981e+06  14352387231183.5
3.27375e+06  12539867321459.9
3.27375e+06  14352387250170.5
3.27769e+06  12539867301115.5
3.27769e+06  12693457129291.4
3.27769e+06  14352387267004.4
3.28163e+06  12539867280260.6
3.28163e+06  14352387284290.9
3.28557e+06  12539867258437.8
3.28557e+06  12693940240865
3.28557e+06  14352387302429.6
3.28951e+06  12539867237592
3.28951e+06  14352387319719.5
3.29345e+06  12539867215330.8
3.29345e+06  12694419719625.9
3.29345e+06  14352387338253
3.29739e+06  12539867194047.4
3.29739e+06  14352387355937.2
3.30133e+06  12539867172249.1
3.30133e+06  12694895615558.7
3.30133e+06  14352387374077.1
3.30527e+06  12539867151427.6
3.30527e+06  14352387391368.2
3.30921e+06  12539867130161.4
3.30921e+06  12695367975308.6
3.30921e+06  14352387409053.8
3.31315e+06  12539867107409.5
3.31315e+06  12695602619309.6
3.31315e+06  14352387428044.1
3.31709e+06  12539867086155.8
3.31709e+06  12695836850174
3.31709e+06  14352387445729.7
3.32103e+06  12539867065357.4
3.32103e+06  12696069414188
3.32103e+06  14352387463022.1
3.32497e+06  12539867043143.3
3.32497e+06  12696302292496.8
3.32497e+06  14352387481558.1
3.32891e+06  12539867021385.3
3.32891e+06  12696532756394.1
3.32891e+06  14352387499700.3
3.33285e+06  12539866999633.6
3.33285e+06  12696764351735.8
3.33285e+06  14352387517842.3
3.33679e+06  12539866978406.9
3.33679e+06  12696992701680.9
3.33679e+06  14352387535530
3.34073e+06  12539866956665.3
3.34073e+06  14352387553673.2
3.34467e+06  12539866935449.3
3.34467e+06  12697449301596.1
3.34467e+06  14352387571361.7
3.34959e+06  12539866913497.1
3.34959e+06  14352387589502.5
3.35353e+06  12539866890801.8
3.35353e+06  12697958850197.8
3.35353e+06  14352387608495.9
3.35747e+06  12539866869082.8
3.35747e+06  14352387626640.3
3.36141e+06  12539866848860.1
3.36141e+06  12698408387599.8
3.36141e+06  14352387643480.8
3.36535e+06  12539866826180.9
3.36535e+06  14352387662474.6
3.36929e+06  12539866804477.2
3.36929e+06  12698854747875.3
3.36929e+06  14352387680619.8
3.37323e+06  12539866783298.4
3.37323e+06  12699076215419.1
3.37323e+06  14352387698310.6
3.37717e+06  12539866760633.5
3.37717e+06  12699297991410.5
3.37717e+06  14352387717305.8
3.38111e+06  12539866738945.2
3.38111e+06  12699517247088.9
3.38111e+06  14352387735451.5
3.38505e+06  12539866718232.2
3.38505e+06  14352387752748.8
3.38899e+06  12539866695581.5
3.38899e+06  12699955207887.1
3.38899e+06  14352387771745.1
3.39293e+06  12539866673906.9
3.39293e+06  14352387789892.2
3.39686e+06  12539866651265.6
3.39686e+06  12700390161526.9
3.39686e+06  14352387808889.1
3.4008e+06  12539866630121.4
3.4008e+06  14352387826581.3
3.40474e+06  12539866608007.2
3.40474e+06  12700822173238.1
3.40474e+06  14352387845125.9
3.40868e+06  12539866584926.8
3.40868e+06  12701036066459.4
3.40868e+06  14352387864519.9
3.41262e+06  12539866564245.9
3.41262e+06  12701251309759.1
3.41262e+06  14352387881819.5
3.41656e+06  12539866541628.4
3.41656e+06  12701462915953.3
3.41656e+06  14352387900817.2
3.4205e+06  12539866519985.4
3.4205e+06  14352387918966.6
3.42444e+06  12539866498346.8
3.42444e+06  12701886943154.3
3.42444e+06  14352387937116.3
3.42838e+06  12539866475741.4
3.42838e+06  14352387956115.7
3.43331e+06  12539866453918
3.43331e+06  12702360174768
3.43331e+06  14352387974263.2
3.43725e+06  12539866430415.9
3.43725e+06  12702568846823.8
3.43725e+06  14352387994055.9
3.44118e+06  12539866408795.3
3.44118e+06  12702778183664
3.44118e+06  14352388012206.9
3.44512e+06  12539866386208.1
3.44512e+06  12702984510825.3
3.44512e+06  14352388031207.4
3.44906e+06  12539866365567.8
3.44906e+06  14352388048509.2
3.453e+06  12539866342988.7
3.453e+06  12703397549361
3.453e+06  14352388067510.3
3.45694e+06  12539866320931.3
3.45694e+06  14352388086058.9
3.46088e+06  12539866297907
3.46088e+06  12703808036837.2
3.46088e+06  14352388105457
3.46482e+06  12539866276311.7
3.46482e+06  12704010950553.8
3.46482e+06  14352388123609.3
3.46876e+06  12539866253748.4
3.46876e+06  14352388142611.6
3.4727e+06  12539866232159.9
3.4727e+06  12704416565550.2
3.4727e+06  14352388160765.1
3.47664e+06  12539866208630.9
3.47664e+06  14352388180619.4
3.48058e+06  12539866186596.8
3.48058e+06  12704819771433
3.48058e+06  14352388199169.9
3.48452e+06  12539866163529.5
3.48452e+06  12705019176627.9
3.48452e+06  14352388218627.8
3.48846e+06  12539866141956.1
3.48846e+06  14352388236782.6
3.4924e+06  12539866118962.1
3.4924e+06  12705417615855.4
3.4924e+06  14352388256183.2
3.49634e+06  12539866096942.9
3.49634e+06  14352388274734.8
3.50028e+06  12539866074410.4
3.50028e+06  12705813796481
3.50028e+06  14352388293739.1
3.50422e+06  12539866052398.5
3.50422e+06  12706009598847.5
3.50422e+06  14352388312291.4
3.50816e+06  12539866029872.1
3.50816e+06  14352388331296.9
3.5121e+06  12539866007346.9
3.5121e+06  12706401129573.5
3.5121e+06  14352388350304.7
3.51702e+06  12539865984136.8
3.51702e+06  14352388369763.2
3.52096e+06  12539865961168.6
3.52096e+06  12706838465795.7
3.52096e+06  14352388389166
3.5249e+06  12539865939628.2
3.5249e+06  12707030891074
3.5249e+06  14352388407323.6
3.52884e+06  12539865916667.1
3.52884e+06  14352388426726.8
3.53278e+06  12539865894160.6
3.53278e+06  12707415165219
3.53278e+06  14352388445735.7
3.53672e+06  12539865871659.4
3.53672e+06  14352388464743.2
3.54066e+06  12539865848187.6
3.54066e+06  12707797499239.2
3.54066e+06  14352388484602.5
3.5446e+06  12539865826210.8
3.5446e+06  12707986133031
3.5446e+06  14352388503157.7
3.54854e+06  12539865803199.5
3.54854e+06  14352388522620.8
3.55248e+06  12539865780775.8
3.55248e+06  12708364070278.1
3.55248e+06  14352388541573
