0  23228320829800.6
0  24199814997640.9
3260.92  23228320827264
3260.92  24199814997606.8
6521.83  184211205916.168
6521.83  23228320823036.1
6521.83  24199814997550.1
9782.75  23228320817116.6
9782.75  24199814997470.6
13043.7  23228320809504.9
13043.7  24199814997368.4
16304.6  382667945613.185
16304.6  23228320800200.5
16304.6  24199814997243.5
19565.5  445685523638.737
19565.5  23228320789202.6
19565.5  24199814997095.8
22826.4  23228320776510.3
22826.4  24199814996925.4
26087.3  578305860198.613
26087.3  23228320762122.6
26087.3  24199814996732.2
29348.2  641018393729.025
29348.2  23228320746038.3
29348.2  24199814996516.3
32609.2  23228320728256
32609.2  24199814996277.6
35870.1  23228320708774.3
35870.1  24199814996016
39131  835642367764.73
39131  23228320687591.7
39131  24199814995731.7
42391.9  23228320664706.3
42391.9  24199814995424.5
45652.8  23228320640116.4
45652.8  24199814995094.4
48913.7  1029972911254
48913.7  23228320613819.9
48913.7  24199814994741.4
52174.6  1093476170033.12
52174.6  23228320585814.6
52174.6  24199814994365.5
55435.6  23228320556098.3
55435.6  24199814993966.7
58696.5  23228320524668.4
58696.5  24199814993544.9
61957.4  1287379026868.47
61957.4  23228320491522.5
61957.4  24199814993100
65218.3  23228320456657.8
65218.3  24199814992632.2
68479.2  23228320420071.5
68479.2  24199814992141.2
71740.1  1481256061261.4
71740.1  23228320381760.4
71740.1  24199814991627.1
75001.1  1545070755781.7
75001.1  23228320341721.5
75001.1  24199814991089.9
78262  23228320299951.5
78262  24199814990529.5
81522.9  23228320256446.8
81522.9  24199814989945.8
84783.8  1738665953407.64
84783.8  23228320211204
84783.8  24199814989338.8
88044.7  23228320164219.2
88044.7  24199814988708.6
88044.7  46993413316075.9
91305.6  23228320115488.6
91305.6  24199814988054.9
91305.6  46994337300289
94566.6  1932285762046.95
94566.6  23228320065008.1
94566.6  24199814987377.8
94566.6  46995293387056.6
97827.5  1996250011601.06
97827.5  23228320012773.6
97827.5  24199814986677.3
97827.5  46996281543641.2
101088  23228319958780.6
101088  24199814985953.2
101088  46997301736368
104349  2125911587096.85
104349  23228319903024.8
104349  24199814985205.5
104349  46998353930040.1
107610  2189645120981.89
107610  23228319845501.3
107610  24199814984434.2
107610  46999438088822.7
110871  23228319786205.6
110871  24199814983639.2
110871  47000554175658.1
114132  23228319725132.5
114132  24199814982820.4
114132  47001702152415.5
117393  2383071175156.4
117393  23228319662277
117393  24199814981977.8
117393  47002881979893.6
120654  2447107104422.08
120654  23228319597633.7
120654  24199814981111.4
120654  47004093617823.7
123915  23228319531197.4
123915  24199814980220.9
123915  47005337024873
127176  2576508644132.26
127176  23228319462962.3
127176  24199814979306.5
127176  47006612158647.2
130437  2640335308732.48
130437  23228319392922.8
130437  24199814978367.9
130437  47007918975694
133698  23228319321072.9
133698  24199814977405.2
133698  47009257431506.7
136958  23228319247406.6
136958  24199814976418.3
136958  47010627480526.7
140219  2833588507546.97
140219  23228319171397.9
140219  24199814975888.6
140219  47012029076147.5
143480  2897650048534.92
143480  23228319094079.8
143480  24199814974853
143480  47013462170718.3
146741  23228319014926
146741  24199814973792.9
146741  47014926715547.2
150002  3026849189064.36
150002  23228318933929.9
150002  24199814972708.2
150002  47016422660904.9
153263  3090718528374.84
153263  23228318851084.5
153263  24199814971598.9
153263  47017949956028.7
156524  23228318766086.9
156524  24199814970738.9
156524  47019508549125.8
159785  23228318679521.5
159785  24199814969580.1
159785  47021098387377.8
163046  3283802182359.18
163046  23228318591085
163046  24199814968396.3
163046  47022719416944
166307  3347857954308.4
166307  23228318500769.8
166307  24199814967187.6
166307  47024371582965.9
169568  23228318408568.2
169568  24199814965953.7
172829  3476885760130.11
172829  23228318314244
172829  24199814964906.3
176089  3540762651269.85
176089  23228318218245.5
176089  24199814963622
179350  23228318120336.1
179350  24199814962312.3
182611  23228318020507.3
182611  24199814960977.1
185872  3733671535837.77
185872  23228317918750.5
185872  24199814959616.3
189133  3797697866770.85
189133  23228317815056.8
189133  24199814958229.8
192394  23228317709417
192394  24199814956817.5
195655  3926571319943.95
195655  23228317601821.9
195655  24199814955379.3
198916  3990429126345.79
198916  23228317492262.1
198916  24199814953915.1
198916  47043093865231.4
202177  23228317380727.9
202177  24199814952424.6
202177  47045141312260.6
205438  23228317267209.4
205438  24199814950907.9
205438  47047220022225.6
208699  4183153383832.44
208699  23228317151696.5
208699  24199814949364.8
208699  47049329925365.1
211960  4247131027269.78
211960  23228317034179.1
211960  24199814947795.2
211960  47051470950934
215220  23228316914646.6
215220  24199814946199
215220  47053643027209.2
218481  4375858955156.07
218481  23228316793088.3
218481  24199814944575.9
218481  47055846081494.3
221742  4439676108868.23
221742  23228316669493.4
221742  24199814942926
221742  47058080040125.1
225003  23228316543850.8
225003  24199814941249
225003  47060344828474.8
228264  23228316415333.5
228264  24199814940300.6
228264  47062640370959.9
231525  4632203148646.64
231525  23228316285561.2
231525  24199814938569.1
231525  47064966591044.9
234786  4696115571492.73
234786  23228316153706.6
234786  24199814936810.2
234786  47067323411360.3
238047  23228316019757.6
238047  24199814935023.6
238047  47069710753261
241308  23228315883702
241308  24199814933209.3
241308  47072128537646.6
244569  4888459895114.53
244569  23228315745527.5
244569  24199814931367.1
244569  47074576683943
247830  23228315604992.9
247830  24199814929708.4
251091  23228315462542.1
251091  24199814927809.9
254351  5080775407507.29
254351  23228315317933.6
254351  24199814925883
257612  5144607824895.71
257612  23228315171154
257612  24199814923927.6
260873  23228315022189.6
260873  24199814921943.5
264134  23228314871026.5
264134  24199814919930.6
267395  5336735645136.52
267395  23228314717650.6
267395  24199814917888.6
267395  47093050019228.8
270656  5400627340303.1
270656  23228314562047.6
270656  24199814915817.4
270656  47095813570479.8
273917  23228314404202.7
273917  24199814913716.9
273917  47098607547068.1
277178  5528824183071.62
277178  23228314244101.1
277178  24199814911586.7
277178  47101431857083.1
280439  5592562979897.68
280439  23228314081431.7
280439  24199814909701
280439  47104286407726.6
283700  23228313916770.8
283700  24199814907511.3
283700  47107171105319.3
286961  23228313749806.7
286961  24199814905291.3
286961  47110085855307.1
290221  5784457776714.14
290221  23228313580003.7
290221  24199814903522.9
290221  47113030562268.5
293482  5848239266692.53
293482  23228313408385.1
293482  24199814901242.2
293482  47116005129920.4
296743  23228313234414.4
296743  24199814898930.8
296743  47119009461125.7
300004  5976303110341.88
300004  23228313058074.9
300004  24199814896588.5
300004  47122043457899.4
303265  6039935476809.96
303265  23228312879349.4
303265  24199814894215.1
306526  23228312697992
306526  24199814892022
309787  23228312514441.7
309787  24199814889585.7
313048  6231580196285.78
313048  23228312328452.1
313048  24199814887117.7
316309  6295240257634.59
316309  23228312140004.7
316309  24199814884617.8
319570  23228311949080.8
319570  24199814882085.6
322831  23228311755661.5
322831  24199814879521.1
322831  47144632968669.1
326092  6486679233695.91
326092  23228311559431.5
326092  24199814877198.1
326092  47147991212063.9
329352  6550355955266.75
329352  23228311360962.8
329352  24199814874568.1
329352  47151378992623.6
332613  23228311159939.5
332613  24199814871904.9
332613  47154796201322.2
335874  6678056445471.12
335874  23228310956341.3
335874  24199814869208.3
335874  47158242728307.7
339135  6741584076234.51
339135  23228310750147.3
339135  24199814866478.2
339135  47161718462608.7
342396  23228310540816.8
342396  24199814864196.1
342396  47165223292812.2
345657  23228310329367.9
345657  24199814861398.1
345657  47168757106624.1
348918  6932747796506.53
348918  23228310115258.8
348918  24199814858565.6
348918  47172319790988.8
352179  6996279267209.94
352179  23228309898239.3
352179  24199814855910.3
355440  23228309678743.2
355440  24199814853008.3
358701  23228309456519.3
358701  24199814850071.2
361962  7187224150983.45
361962  23228309231544.3
361962  24199814847098.7
365223  7250749930845.84
365223  23228309003498.6
365223  24199814844364.7
368483  23228308772949.7
368483  24199814841320.5
368483  47194823155141.1
371744  7378094446703.42
371744  23228308539577.1
371744  24199814838239.9
371744  47198687533395.6
375005  7441470625662.07
375005  23228308303355.9
375005  24199814835122.8
375005  47202580608441.4
378266  23228308064260.7
378266  24199814831968.8
378266  47206502257304
381527  23228307822265.5
381527  24199814828777.6
381527  47210452356306
384788  7632113676441.85
384788  23228307576824.3
384788  24199814826030.9
384788  47214430781327.7
388049  7695472814525.64
388049  23228307328950
388049  24199814822764.4
388049  47218437406806
391310  23228307078095.5
391310  24199814819459.7
391310  47222472107400
394571  23228306824004.7
394571  24199814816328.4
397832  7885883081568.66
397832  23228306567106.2
397832  24199814812946.5
401093  7949216719980.53
401093  23228306306847.2
401093  24199814809799.9
404354  23228306043790.3
404354  24199814806339.5
407614  8076205697817.23
407614  23228305777609.8
407614  24199814802839.2
407614  47243549302082.8
410875  8139388648522.21
410875  23228305508275.7
410875  24199814799298.8
410875  47247863056741.9
414136  8202688695835.71
414136  23228305235757.3
414136  24199814795717.9
414136  47252204714308.2
417397  23228304960023.4
417397  24199814792096.2
417397  47256574140041.3
420658  8329469581436.16
420658  23228304681042.1
420658  24199814788433.1
420658  47260971198915.2
423919  8392616707530.54
423919  23228304398781.3
423919  24199814784728.5
423919  47265395755181.5
427180  23228304112688.3
427180  24199814781464
427180  47269847672489.4
430441  23228303823769.1
430441  24199814777675
430441  47274326813893.9
433702  8582450258679.41
433702  23228303530945.8
433702  24199814774329.4
436963  8645553887753.47
436963  23228303235232.2
436963  24199814770454.4
440224  23228302936068.8
440224  24199814766535.8
443485  23228302633419.7
443485  24199814762573.3
443485  47292978686867
446745  8835134343273.9
446745  23228302327248.5
446745  24199814758566.3
446745  47297714612441.9
450006  8898187079893.12
450006  23228302017518.2
450006  24199814754514.4
450006  47302477624810.4
453267  23228301704190.8
453267  24199814750417.3
453267  47307267578473.5
456528  23228301387227.9
456528  24199814746274.4
456528  47312084328584.1
459789  9087508707258.59
459789  23228301066590.4
459789  24199814742085.3
459789  47316927729368.6
463050  9150503404717.81
463050  23228300741422.8
463050  24199814738606.3
463050  47321797634533.6
466311  23228300413316
466311  24199814734323.6
469572  9276722415345.19
469572  23228300081184.5
469572  24199814730205
472833  9339560451386.72
472833  23228299745443.2
472833  24199814725826.6
476094  9402490187122.56
476094  23228299405820.8
476094  24199814721399.7
479355  23228299062273.9
479355  24199814716923.7
479355  47347104808355.8
482616  9528505884950.38
482616  23228298714758.2
482616  24199814712398.1
482616  47352262553263.6
485876  9591276880747.75
485876  23228298363228.4
485876  24199814707822.5
485876  47357446427850.5
489137  9654134934346.01
489137  23228298007638.7
489137  24199814703196.3
489137  47362656277971.3
492398  23228297647646.5
492398  24199814698793.5
492398  47367891949029.9
495659  9779948205067.67
495659  23228297283275.9
495659  24199814694546.9
495659  47373153285988.7
498920  9842645484285.34
498920  23228296915222.3
498920  24199814689765.7
502181  9905425318145.95
502181  23228296542688.1
502181  24199814685143.7
505442  23228296166079.6
505442  24199814680256.4
508703  10031036857391.1
508703  23228295785117.3
508703  24199814675315.2
508703  47394955748711.8
511964  10093653918288.2
511964  23228295399749
511964  24199814670319.5
511964  47400482578696.5
515225  23228295009921.5
515225  24199814665268.7
515225  47406034772143
518486  23228294615284.8
518486  24199814660436.7
518486  47411612167047.9
521746  10281759493528.6
521746  23228294216375.4
521746  24199814655273.8
521746  47417214601029.9
525007  10344289992862.4
525007  23228293812841.2
525007  24199814650054
525007  47422841911338.9
528268  23228293404105.1
528268  24199814645259
531529  23228292990920.1
531529  24199814640135.3
534790  10532103923076.3
534790  23228292573163.6
534790  24199814634740.6
538051  10594541661740.3
538051  23228292150546.6
538051  24199814629286.4
538051  47446122677541.2
541312  23228291723007.3
541312  24199814623771.8
541312  47452018791841.2
544573  23228291290186.9
544573  24199814618470.9
544573  47457939407375.7
547834  10782058104211.6
547834  23228290852613
547834  24199814612833.6
547834  47463884354988.1
551095  10844397014390.1
551095  23228290409924.3
551095  24199814607133.9
551095  47469853464795.1
554356  23228289962054.1
554356  24199814601370.9
557617  23228289508414.6
557617  24199814596026.7
560877  11031610137194.3
560877  23228289049747.7
560877  24199814590347.1
564138  11093844270855.2
564138  23228288585919.8
564138  24199814584390.1
564138  47494446031047.1
567399  11156140234371.2
567399  23228288116334.3
567399  24199814578641.4
567399  47500686825663.5
570660  23228287641509.8
570660  24199814572551
570660  47506951343123.1
573921  11280748260283.7
573921  23228287161075.1
573921  24199814566392.6
573921  47513239407674.2
577182  11342871778853.4
577182  23228286674954
577182  24199814560165.5
577182  47519550843330.8
580443  11405053291678.6
580443  23228286183068.4
580443  24199814553868.8
583704  23228285685338.7
583704  24199814547501.5
586965  11529460848276
586965  23228285180935.4
586965  24199814541757.7
590226  11591468013381.9
590226  23228284671272.3
590226  24199814535246.8
590226  47545524570912.1
593487  11653529426445.6
593487  23228284155220.7
593487  24199814528937.4
593487  47552109995600.8
596748  23228283633286.1
596748  24199814522279.2
596748  47558718289594.7
600008  11777736413238.1
600008  23228283105084.7
600008  24199814515545.8
600008  47565349271180.5
603269  11839621578314.1
603269  23228282570526.4
603269  24199814508736.3
603269  47572002758481.5
606530  11901557329380.6
606530  23228282029519.7
606530  24199814501849.7
609791  23228281481970.9
609791  24199814494885.1
613052  12025563607867.6
613052  23228280927036
613052  24199814488536.3
613052  47592515655442.9
616313  12087321210750.8
616313  23228280365818.2
616313  24199814481687.2
616313  47599422732822.4
619574  12149125817176.6
619574  23228279798061.3
619574  24199814474482
619574  47606351941297
622835  23228279223367.6
622835  24199814467194.4
622835  47613303093812.8
626096  23228278641633.1
626096  24199814459823.4
626096  47620276003214.1
629357  12334555787430.3
629357  23228278052751.7
629357  24199814452367.7
632618  12396223839914.9
632618  23228277456614.8
632618  24199814444826.3
635879  23228276852815.7
635879  24199814437472.8
635879  47641718276658.3
639139  23228276241084.6
639139  24199814430451.5
639139  47648947167533.2
642400  12581314334104.7
642400  23228275622506.6
642400  24199814422645.6
642400  47656197393255.7
645661  12642840490832.9
645661  23228274996215
645661  24199814414749
645661  47663468761836.2
648922  12704406177695.7
648922  23228274362089
648922  24199814406760.5
648922  47670761081489.5
