0  21574945657096.6
0  23757946808316.7
0  46317371610585.3
3260.92  21574945657095.3
3260.92  23757946808296
3260.92  46317408581453.9
6521.83  21574945657093.3
6521.83  23757946808261.4
6521.83  46317470198233.4
9782.75  242886791664.506
9782.75  21574945657090.5
9782.75  23757946808212.9
9782.75  46317556655444.7
13043.7  303603863271.225
13043.7  21574945657086.8
13043.7  23757946808150.6
13043.7  46317667943727.4
16304.6  364334193710.258
16304.6  21574945657082.4
16304.6  23757946808074.5
16304.6  46317803955370
19565.5  425072095691.949
19565.5  21574945657077.1
19565.5  23757946807984.5
19565.5  46317964685951.8
22826.4  21574945657071.1
22826.4  23757946807880.6
22826.4  46318150130211.6
26087.3  21574945657064.2
26087.3  23757946807762.8
26087.3  46318360282197.5
29348.2  21574945657056.5
29348.2  23757946807631.2
29348.2  46318595135043.4
32609.2  668030034884.918
32609.2  21574945657048
32609.2  23757946807485.7
32609.2  46318854681003.9
35870.1  728749465341.012
35870.1  21574945656472.6
35870.1  23757946807840.6
35870.1  46319138911877.6
39131  789472889677.763
39131  21574945656462.5
39131  23757946807667.2
39131  46319447818186.5
42391.9  850199151129.391
42391.9  21574945656132.1
42391.9  23757946807770.2
42391.9  46319781390160.3
45652.8  21574945656120.3
45652.8  23757946807569
45652.8  46320139616837.2
48913.7  21574945656107.8
48913.7  23757946807353.9
48913.7  46320522486587.8
52174.6  21574945656094.4
52174.6  23757946807124.8
52174.6  46320929986985.4
55435.6  1093100556676.1
55435.6  21574945656080.1
55435.6  23757946806881.7
55435.6  46321362104806.4
58696.5  1153812644063.3
58696.5  21574945656065.1
58696.5  23757946806624.7
58696.5  46321818826032
61957.4  1214525900665.02
61957.4  21574945656049.2
61957.4  23757946806353.6
61957.4  46322300135922.9
65218.3  1275239804579.94
65218.3  21574945656032.6
65218.3  23757946806068.4
65218.3  46322807083522.5
68479.2  1335953905514.46
68479.2  21574945655207.2
68479.2  23757946806503.2
68479.2  46323339368711.8
71740.1  21574945655188.9
71740.1  23757946806190
71740.1  46323896278731.9
75001.1  21574945655169.7
75001.1  23757946805862.6
75001.1  46324477795300.4
78262  1518082061158.02
78262  21574945654830.2
78262  23757946805811.4
78262  46325083899622.7
81522.9  1578780387512.73
81522.9  21574945654809.4
81522.9  23757946805455.8
81522.9  46325714572157.8
84783.8  1639478256678.97
84783.8  21574945654541.2
84783.8  23757946805310
84783.8  46326369792491.4
88044.7  1700175342816.63
88044.7  21574945654518.7
88044.7  23757946804926
88044.7  46327049539310.1
91305.6  1760871348817.49
91305.6  21574945654495.4
91305.6  23757946804527.8
91305.6  46327754672308.2
94566.6  1821566001772.39
94566.6  21574945654471.2
94566.6  23757946804115.3
94566.6  46328485937696.3
97827.5  1882259049263.9
97827.5  21574945653323.6
97827.5  23757946804708.5
97827.5  46329241746084.1
101088  1942943357723.03
101088  21574945653297.7
101088  23757946804267.5
101088  46330022073132.2
104349  2003622404809.24
104349  21574945652632.1
104349  23757946804392.6
104349  46330826893542.2
107610  2064299775844.91
107610  21574945652604.6
107610  23757946803922.8
107610  46331656181346.6
110871  2124975229492.18
110871  21574945652576.2
110871  23757946803438.6
110871  46332509943781.9
114132  2185648538583.47
114132  21574945652300.4
114132  23757946803164
114132  46333391131976.4
117393  2246319488451.22
117393  21574945652023.7
117393  23757946802874.9
117393  46334296789426.6
120654  2306987875254.23
120654  21574945651431.4
120654  23757946802857.3
120654  46335226886794.8
123915  2367651580768.71
123915  21574945651080.1
123915  23757946802605.4
123915  46336181394084.4
127176  2428306130482.61
127176  21574945651047.5
127176  23757946802048.6
127176  46337160280527.9
130437  2488957968961.12
130437  21574945651013.9
130437  23757946801477.2
130437  46338165813077
133698  2549606898551.36
133698  21574945650979.5
133698  23757946800891.1
133698  46339196922246.9
136958  2610252729646.26
136958  21574945650697.6
136958  23757946800514.4
136958  46340252397548.2
140219  2670895279818.22
140219  21574945650661.5
140219  23757946799898.8
140219  46341332205035.4
143480  2731534373058.03
143480  21574945649743.6
143480  23757946800068.7
143480  46342436309990
146741  2792169839107.81
146741  21574945649386.2
146741  23757946799713.8
146741  46343568359923.3
150002  2852798351382.68
150002  21574945649347.4
150002  23757946799053.7
150002  46344724939712.3
153263  2913419657074.35
153263  21574945649061.1
153263  23757946798602.7
153263  46345905791370.7
156524  2974037141099.93
156524  21574945648701.1
156524  23757946798202.9
156524  46347110877397.1
159785  3034650636136.12
159785  21574945647851.7
159785  23757946798231.8
159785  46348343060955.9
163046  3095259979367.24
163046  21574945647247.9
163046  23757946798021.7
163046  46349600828194.8
166307  3155865012067.88
166307  21574945647204.6
166307  23757946797286.4
166307  46350882794496.8
169568  3216465579214.65
169568  21574945647160.4
169568  23757946796535.9
169568  46352188918366.7
172829  3277061529185.59
172829  21574945646795.8
172829  23757946796060.4
172829  46353522673685.3
176089  3337651344666.59
176089  21574945645622.4
176089  23757946796303.6
176089  46354881658503.2
179350  3398232441416.72
179350  21574945645575.4
179350  23757946795507.1
179350  46356264756067.9
182611  3458808697757.8
182611  21574945645281
182611  23757946794919.3
182611  46357672514015.1
185872  3519379963575.89
185872  21574945644912.7
185872  23757946794382.2
185872  46359108632945.2
189133  3579946091512.16
189133  21574945644301.6
189133  23757946794049.3
189133  46360568812045.8
192394  3640506936722.46
192394  21574945644004.3
192394  23757946793414.8
192394  46362053004582.7
195655  3701062356686.75
195655  21574945643952.7
195655  23757946792540.6
195655  46363564812679.6
198916  3761612211033.49
198916  21574945643580.6
198916  23757946791941
198916  46365102158483.4
202177  3822156361356.73
202177  21574945642646.3
202177  23757946791835.5
202177  46366663455311.8
205438  3882693162966.78
205438  21574945642591.8
205438  23757946790913.9
205438  46368251224503.2
208699  3943221437163
208699  21574945641162.3
208699  23757946791224.7
208699  46369865799447.2
211960  4003743763603.87
211960  21574945641105.9
211960  23757946790271.1
211960  46371504255512.1
215220  4064260004492.93
215220  21574945640487.2
215220  23757946789811.5
215220  46373168826189.5
218481  4124770023688.59
218481  21574945640109.3
218481  23757946789116
218481  46374860669310
221742  4185273686586.71
221742  21574945639803.3
221742  23757946788338
221742  46376576316136.7
225003  4245770860003.81
225003  21574945639423.5
225003  23757946787609.9
225003  46378318505484.2
228264  4306261412073.91
228264  21574945638554.2
228264  23757946787309.2
228264  46380087633036.7
231525  4366745212169.52
231525  21574945638172.3
231525  23757946786548.3
231525  46381880479531.1
234786  4427222130800.87
234786  21574945637862.4
234786  23757946785704.6
234786  46383701081016.6
238047  4487690746336.68
238047  21574945637236.6
238047  23757946785130.3
238047  46385547486065.6
241308  4548150444880.07
241308  21574945636851.7
241308  23757946784319.5
241308  46387417517840.4
244569  4608603002728.75
244569  21574945636223.9
244569  23757946783711.7
244569  46389317300996.3
247830  4669048290486.72
247830  21574945635590.4
247830  23757946783091.2
247830  46391240953671.2
251091  4729486179739.13
251091  21574945634394.4
251091  23757946782963.8
251091  46393190479357.9
254351  4789916543003.39
254351  21574945634324.8
254351  23757946781795.1
254351  46395167843686.1
257612  4850339253634.95
257612  21574945633688.1
257612  23757946781123.5
257612  46397168691101.7
260873  4910754185789.02
260873  21574945633055.1
260873  23757946780430.4
260873  46399198721897.3
264134  4971161214397.91
264134  21574945632982.3
264134  23757946779209.9
264134  46401253316683.8
267395  5031560215072.14
267395  21574945632022.9
267395  23757946778776.6
267395  46403334108482.2
270656  5091951064078.21
270656  21574945631140.1
270656  23757946778255.2
270656  46405442523345.4
273917  5152333638308.68
273917  21574945631064
273917  23757946776982.2
273917  46407574508693.2
277178  5212706602588.1
277178  21574945630106.1
277178  23757946776491.6
277178  46409736809315.4
280439  5273070155943.68
280439  21574945629219.9
280439  23757946775917.1
280439  46411922372356.3
283700  5333425162215.49
283700  21574945628501.6
283700  23757946775171.1
283700  46414136658761.9
286961  5393771498059.48
286961  21574945628174.5
286961  23757946774050.6
286961  46416376106531
290221  5454109040681.22
290221  21574945627531.5
290221  23757946773197.8
290221  46418642541677.6
293482  5514437667785.97
293482  21574945626882.7
293482  23757946772331.2
293482  46420935921450.5
296743  5574757257562.91
296743  21574945626237.4
296743  23757946771441.9
296743  46423254912901.3
300004  5635067688636.51
300004  21574945625832.9
300004  23757946770314.3
300004  46425602265001.8
303265  5695368840066.73
303265  21574945624934
303265  23757946769616.2
303265  46427974213278.6
306526  5755660591282.55
306526  21574945623723.9
306526  23757946769181.1
306526  46430375571021.4
309787  5815942822080.96
309787  21574945623315.8
309787  23757946767997.4
309787  46432800868631.5
313048  5876215412631.16
313048  21574945622979.4
313048  23757946766728.6
313048  46435256257471.8
316309  5936478243389.8
316309  21574945621761
316309  23757946766240.9
316309  46437735290077.1
319570  5996731195142.93
319570  21574945621349.3
319570  23757946765000
319570  46440244728239.9
322831  6056974148962
322831  21574945620128.4
322831  23757946764473.8
322831  46442777873990.9
326092  6117206986152.2
326092  21574945620033.7
326092  23757946762903.9
326092  46445341372778.3
329352  6177429588302.59
329352  21574945619371.7
329352  23757946761828.7
329352  46447929001493.7
332613  6237641139294.18
332613  21574945617585.7
332613  23757946761753.7
332613  46450546564788
335874  6297841935463.52
335874  21574945617167.8
335874  23757946760414.9
335874  46453189039018
339135  6358032211103.06
339135  21574945616260.1
339135  23757946759499.8
339135  46455860663059.2
342396  6418211847380
342396  21574945616159.1
342396  23757946757830.6
342396  46458558338070.3
345657  6478380725696.17
345657  21574945615490.7
345657  23757946756655.4
345657  46461284012000.2
348918  6538538727674.99
348918  21574945614259.6
348918  23757946755969.8
348918  46464037234939.8
352179  6598685735097.05
352179  21574945613835.1
352179  23757946754529.7
352179  46466816940538.4
355440  6658821629987.94
355440  21574945612920.9
355440  23757946753512.5
355440  46469626050442.3
358701  6718946294489.73
358701  21574945611932.4
358701  23757946752540.8
358701  46472459762528.2
361962  6779059610940.23
361962  21574945610695.9
361962  23757946751772
361962  46475325090744.4
365223  6839161461814.21
365223  21574945610019.4
365223  23757946750472.1
365223  46478215147104.9
368483  6899251729723.29
368483  21574945609346.3
368483  23757946749146.6
368483  46481134646368.5
371744  6959330297426.74
371744  21574945608667.1
371744  23757946747803.9
371744  46484081500496
375005  7019397047804.61
375005  21574945607744.5
375005  23757946746659.2
375005  46487054992757.6
378266  7079451863848.42
378266  21574945606989.5
378266  23757946745339.2
378266  46490058956507.5
381527  7139494628652.35
381527  21574945605744.6
381527  23757946744441.1
381527  46493088332299.9
384788  7199525225406.8
384788  21574945605064.4
384788  23757946743006.4
384788  46496147767092.6
388049  7259543537409.78
388049  21574945604131.3
388049  23757946741777.8
388049  46499234801762
391310  7319549448039.32
391310  21574945603128.6
391310  23757946740588.6
391310  46502348168982.1
394571  7379542840748.61
394571  21574945602685.8
394571  23757946738866.7
394571  46505493153838.3
397832  7439523599062.17
397832  21574945601506.4
397832  23757946737789.7
397832  46508664209331.5
401093  7499491606596.06
401093  21574945600179.6
401093  23757946736822.2
401093  46511863601348.4
404354  7559446747023.93
404354  21574945599243.7
404354  23757946735474.9
404354  46515093126147.9
407614  7619388904064.97
407614  21574945598794.7
407614  23757946733660.4
407614  46518349125470.1
410875  7679317961492.19
410875  21574945597289.6
410875  23757946732780.3
410875  46521634607530.7
414136  7739233803164.06
414136  21574945596837.5
414136  23757946730918.4
414136  46524949576291
417397  7799136312926.49
417397  21574945595575.7
417397  23757946729766.4
417397  46528291413512.4
420658  7859025374730.03
420658  21574945595439.9
420658  23757946727566
420658  46531663023715.3
423919  7918900872536.33
423919  21574945593613.5
423919  23757946726875.3
423919  46535064311648.2
427180  7978762690365.52
427180  21574945592908.2
427180  23757946725140.1
427180  46538492853460.3
430441  8038610712245.98
430441  21574945591886.5
430441  23757946723665.9
430441  46541950603181.4
433702  8098444822256.53
433702  21574945590369.8
433702  23757946722614.8
433702  46545439057924.8
436963  8158264904518.73
436963  21574945589906.1
436963  23757946720580.2
436963  46548955141811.7
440224  8218070843177.01
440224  21574945588632.6
440224  23757946719254.2
440224  46552499015879.6
443485  8277862522363.83
443485  21574945587676.8
443485  23757946717612.2
443485  46556075455924.1
446745  8337639826298.82
446745  21574945586399.8
446745  23757946716234.5
446745  46559679890555.7
450006  8397402268897.95
450006  21574945585609.5
450006  23757946714386.7
450006  46563312474066
453267  8457149529243.09
453267  21574945584648.4
453267  23757946712666.1
453267  46566975061039.1
456528  8516882023646.13
456528  21574945583927.3
456528  23757946710699
456528  46570668626196.3
459789  8576599636715.94
459789  21574945581762.1
459789  23757946710015.2
459789  46574390692649.6
463050  8636302253074.42
463050  21574945581603.4
463050  23757946707479.7
463050  46578141410376.4
466311  8695989757340.77
466311  21574945580068.7
466311  23757946706165
466311  46581922790683.9
469572  8755662034157.29
469572  21574945579025.3
469572  23757946704374.6
469572  46585735080197.9
472833  8815318968166.12
472833  21574945578294.8
472833  23757946702270.3
472833  46589576359690.3
476094  8874960444062
476094  21574945577000.9
476094  23757946700647.7
476094  46593446774992.1
479355  8934586346506.91
479355  21574945575704.9
479355  23757946698996.6
479355  46597346961911.8
482616  8994196560233.64
482616  21574945574653.6
482616  23757946697092.8
482616  46601279504113.6
485876  9053790969907.77
485876  21574945573107.1
485876  23757946695607.9
485876  46605241506812.8
489137  9113369460322.87
489137  21574945572613.1
489137  23757946693135.6
489137  46609233111646
492398  9172931916216.88
492398  21574945571308.9
492398  23757946691367.7
492398  46613254457905.1
495659  9232478145026.04
495659  21574945570002.7
495659  23757946689569.9
495659  46617306303066.5
498920  9292006551866.14
498920  21574945568694.3
498920  23757946687741.8
498920  46621390466843.2
502181  9351518539681.1
502181  21574945567630.4
502181  23757946685659.2
502181  46625504680319.7
505442  9411013993466.12
505442  21574945566632.4
505442  23757946683483.8
505442  46629649078390.9
508703  9470492798230.65
508703  21574945565317.5
508703  23757946681563.3
508703  46633823794602.5
511964  9529954839049.22
511964  21574945563685.4
511964  23757946679897.2
511964  46638028961792.1
515225  9589400001032.53
515225  21574945562680.7
515225  23757946677627.4
515225  46642265455545.9
518486  9648828169294.5
518486  21574945561605.5
518486  23757946675387.5
518486  46646534232135.2
521746  9708239229027.75
521746  21574945560523.3
521746  23757946673119.3
521746  46650833746550.3
525007  9767633065460.42
525007  21574945559516.3
525007  23757946670747.9
525007  46655164126505.6
528268  9827007931468.64
528268  21574945557625.9
528268  23757946669143.5
528268  46659525498536.4
531529  9886364863898.19
531529  21574945556536.4
531529  23757946666775.9
531529  46663917988279.5
534790  9945704191909.38
534790  21574945555202.6
534790  23757946664594.2
534790  46668341719337.8
538051  10005025801013.9
538051  21574945554185.8
538051  23757946662088
538051  46672796814988.1
541312  10064329576779.9
541312  21574945553335.4
541312  23757946659393.7
541312  46677284075086.3
544573  10123615404771.9
544573  21574945551185.9
544573  23757946657842.2
544573  46681803767717.9
547834  10182883170745.4
547834  21574945550088.5
547834  23757946655297.4
547834  46686355082709.3
551095  10242131576054.6
551095  21574945549056.6
551095  23757946652654.8
551095  46690938137868.8
554356  10301360415208.5
554356  21574945547707.2
554356  23757946650262.1
554356  46695553049821.1
557617  10360570813749.5
557617  21574945546601.8
557617  23757946647608.8
557617  46700199934093.1
560877  10419762657705.5
560877  21574945544680.7
560877  23757946645656.8
560877  46704878904688.8
564138  10478935833194.8
564138  21574945543889.3
564138  23757946642639
564138  46709590074041.3
567399  10538090226526.9
567399  21574945542209.2
567399  23757946640387.8
567399  46714333554119.3
570660  10597224861162
570660  21574945540599.2
570660  23757946638032.3
570660  46719109454898
573921  10656338588589.6
573921  21574945539479.6
573921  23757946635189.9
573921  46723917885661.4
577182  10715433157567.5
577182  21574945537544.1
577182  23757946633046.8
577182  46728758953989.5
580443  10774508454769.3
580443  21574945536491.4
580443  23757946630059.6
580443  46733632765787.2
583704  10833564367102.1
583704  21574945535924.3
583704  23757946626588.6
583704  46738539426407.2
586965  10892600781623.7
586965  21574945533979.7
586965  23757946624325.4
586965  46743479039595.7
590226  10951614875580.4
590226  21574945532283.3
590226  23757946621792.9
590226  46748451707424.3
593487  11010608900770.8
593487  21574945530332.4
593487  23757946619447.2
593487  46753457531446.6
596748  11069583054421.7
596748  21574945529505.9
596748  23757946616035.3
596748  46758496611195.9
600008  11128537224203.5
600008  21574945528680.9
600008  23757946612576.6
600008  46763569045132
603269  11187471210280.1
603269  21574945526158.6
603269  23757946610613.5
603269  46768674930247.2
606530  11246381801335.9
606530  21574945524760.6
606530  23757946607582.6
606530  46773814362233.7
609791  11305272036884.1
609791  21574945523920.8
609791  23757946603997.6
609791  46778987435876.7
613052  11364141805329.6
613052  21574945522196.3
613052  23757946601168.3
613052  46784194244100.7
616313  11422990995359.3
616313  21574945520787.8
616313  23757946598003.6
616313  46789434878437.5
619574  11481817469953.5
619574  21574945518814.3
619574  23757946595303.2
619574  46794709429542.3
622835  11540621642276.7
622835  21574945517960
622835  23757946591536.5
622835  46800017986383
626096  11599404867473.8
626096  21574945516293.9
626096  23757946588456.9
626096  46805360636731.8
629357  11658167035210.1
629357  21574945514797.8
629357  23757946585172.1
629357  46810737466680.4
632618  11716906294847.6
632618  21574945512562.5
632618  23757946582507
632618  46816148561863.3
635879  11775622273938
635879  21574945511373.5
635879  23757946578839.4
635879  46821594005358.5
639139  11834316829592.8
639139  21574945510185.2
639139  23757946575118.3
639139  46827073879321.1
642400  11892989852770
642400  21574945508179.9
642400  23757946572085.5
642400  46832588530109.1
645661  11951638739150.8
645661  21574945506175.3
645661  23757946568997.8
645661  46838139152618.8
648922  12010264411422.5
648922  21574945504800.9
648922  23757946565282.5
648922  46843724543509.7
652183  12068868188454.3
652183  21574945503838
652183  23757946561137.8
652183  46849344779591.3
655444  12127449817660.8
655444  21574945502135.5
655444  23757946557608.2
655444  46854999999270.2
655444  46855000000733.6
658705  12186005343304.3
658705  21574945499794.1
658705  23757946554601.5
658705  46860690087366.4
661966  12244538613651.9
661966  21574945498576
661966  23757946550516.3
661966  46866415305366.5
665227  12303049522235.2
665227  21574945496860
665227  23757946546824.5
665227  46872175661399.1
668488  12361535217972.1
668488  21574945495628.1
668488  23757946542633.3
668488  46877972621377
671749  12419999999929.5
671749  12420000000070
671749  21574945493341.2
671749  23757946539339.5
671749  46883805918439.7
675010  12478435524266.6
675010  21574945491784.9
675010  23757946535320.9
675010  46889674656062.8
678270  12536849658632.7
678270  21574945490049.9
678270  23757946531402.1
678270  46895578899956.1
681531  12595238169660.1
681531  21574945488237
681531  23757946527490.9
681531  46901518714135.6
684792  12653603611071.1
684792  21574945486177.1
684792  23757946523739.9
684792  46907494161348.6
688053  12711944319412.1
688053  21574945484915.6
688053  23757946519198.8
688053  46913508252137.1
691314  12770258597455.2
691314  21574945483160.1
691314  23757946515040.2
691314  46919558210981.6
694575  12828549457824.4
694575  21574945481404.1
694575  23757946510815.2
694575  46925644078804.1
697836  12886814886848.2
697836  21574945479811.6
697836  23757946506373.8
697836  46931765912163.3
701097  12945053710919
701097  21574945478039.8
701097  23757946502026.2
701097  46937925001497.7
704358  13003268773864.4
704358  21574945476189.5
704358  23757946497680
704358  46944122403030.6
707619  13061457081451.1
707619  21574945473844.7
707619  23757946493711.8
707619  46950356028716.8
710880  13119619243022.3
710880  21574945472544.3
710880  23757946488723.1
710880  46956625928810.1
714141  13177757305370.9
714141  21574945470995.9
714141  23757946483886.3
714141  46962933403038.5
717401  13235866660024
717401  21574945469121.8
717401  23757946479271.1
717401  46969279876213.9
720662  13293950964531.4
720662  21574945466752.8
720662  23757946475029.9
720662  46975662863719.3
723923  13352009485677.2
723923  21574945464866.1
723923  23757946470274
723923  46982082410927.2
727184  13410039419010.1
727184  21574945463292.5
727184  23757946465156
727184  46988541543520.4
730445  13468044687560
730445  21574945460831.1
730445  23757946460765.3
730445  46995038616556
733706  13526021141066.4
733706  21574945458997.5
733706  23757946455724.1
733706  47001572470281.8
736967  13583971197994.3
736967  21574945457403.8
736967  23757946450383.7
736967  47008144980444.1
740228  13641894610945
740228  21574945455236.6
740228  23757946445481.1
740228  47014757093218
743489  13699788853582.3
743489  21574945453875.4
743489  23757946439762.6
743489  47021406193909.8
746750  13757657884682.9
746750  21574945451374.1
746750  23757946434993.7
746750  47028093998538.7
750011  13815496147130.4
750011  21574945449751.4
750011  23757946429340.2
750011  47034822061178.7
753272  13873308542765.3
753272  21574945446993
753272  23757946424629.7
753272  47041587304431
756532  13931091579967.8
756532  21574945445354.9
756532  23757946418812.1
756532  47048392270431.7
759793  13988846750189.9
759793  21574945443389.1
759793  23757946413200.8
759793  47055237147754.8
763054  14046573662210.7
763054  21574945441734.9
763054  23757946407213.8
763054  47062119384949.5
766315  14104271022537.2
766315  21574945438944.2
766315  23757946402164.3
766315  47069043327001.4
769576  14161940913223.2
769576  21574945437273.2
769576  23757946396002.3
769576  47076005840177.8
772837  14219579884978.5
772837  21574945435027.1
772837  23757946390265
772837  47083007291282
776098  14277191861884.4
776098  21574945432776.8
776098  23757946384432.2
776098  47090050559513.2
779359  14334771872728.1
779359  21574945430759.5
779359  23757946378287
779359  47097131484261.9
782620  14392325047231.3
782620  21574945429052.5
782620  23757946371757.2
782620  47104254946882.6
785881  14449845531645.2
785881  21574945426207.9
785881  23757946366156
785881  47111417216753.6
789142  14507339019024.4
789142  21574945424481.8
789142  23757946359432.9
789142  47118620375329.9
792402  14564799418887.9
792402  21574945421859.6
792402  23757946353415.3
792402  47125864433855.7
795663  14622232338398.7
795663  21574945419866.6
795663  23757946346716.2
795663  47133148186427.9
798924  14679632103716.3
798924  21574945417228.4
798924  23757946340490.8
798924  47140474462810.3
802185  14737003578821.8
802185  21574945415461.1
802185  23757946333360.7
802185  47147839691155.8
805446  14794342168473.6
805446  21574945413363.2
805446  23757946326414.6
805446  47155248600111.8
808707  14851651326879.1
808707  21574945410765.2
808707  23757946319804.2
808707  47162696168502.4
811968  14908928209470
811968  21574945408644.6
811968  23757946312639.9
811968  47170188110133.8
811968  14908928209470
811968  21574945408644.6
811968  23757946312639.9
811968  47170188110133.8
820120  15051984463570.2
820120  21574945402959.8
820120  23757946294535.2
820120  47189096739916
820120  15051984463570.2
820120  21574945402959.8
820120  23757946294535.2
820120  47189096739916
828273  15194839705699.3
828273  21574945396315.2
828273  23757946276498.2
828273  47208267757178.6
828273  15194839705699.3
828273  21574945396315.2
828273  23757946276498.2
828273  47208267757178.6
828273  15194839705699.3
828273  21574945396315.2
828273  23757946276498.2
828273  47208267757178.6
836425  15337495615218.5
836425  21574945391277.6
836425  23757946256159.8
836425  47227703961538.2
836425  15337495615218.5
836425  21574945391277.6
836425  23757946256159.8
836425  47227703961538.2
844577  15479943028587
844577  21574945384780.8
844577  23757946236261.9
844577  47247408314008.4
844577  15479943028587
844577  21574945384780.8
844577  23757946236261.9
844577  47247408314008.4
844577  15479943028587
844577  21574945384780.8
844577  23757946236261.9
844577  47247408314008.4
852729  15622185414076.8
852729  21574945378677.9
852729  23757946215077.6
852729  47267383024908.9
852729  15622185414076.8
852729  21574945378677.9
852729  23757946215077.6
852729  47267383024908.9
860882  15764214229651.2
860882  21574945371737.8
860882  23757946193677.1
860882  47287630448493.1
860882  15764214229651.2
860882  21574945371737.8
860882  23757946193677.1
860882  47287630448493.1
860882  15764214229651.2
860882  21574945371737.8
860882  23757946193677.1
860882  47287630448493.1
869034  15906030184414.4
869034  21574945365182.5
869034  23757946170900
869034  47308153737440.2
869034  15906030184414.4
869034  21574945365182.5
869034  23757946170900
869034  47308153737440.2
877186  16047630080444.5
877186  21574945359067.6
877186  23757946146641.1
877186  47328954966060.9
877186  16047630080444.5
877186  21574945359067.6
877186  23757946146641.1
877186  47328954966060.9
877186  16047630080444.5
877186  21574945359067.6
877186  23757946146641.1
877186  47328954966060.9
885339  16189007040953.7
885339  21574945352023.1
885339  23757946122085.2
885339  47350036435200.7
885339  16189007040953.7
885339  21574945352023.1
885339  23757946122085.2
885339  47350036435200.7
893491  16330161559109
893491  21574945344523.2
893491  23757946096738.3
893491  47371400362109.2
893491  16330161559109
893491  21574945344523.2
893491  23757946096738.3
893491  47371400362109.2
893491  16330161559109
893491  21574945344523.2
893491  23757946096738.3
893491  47371400362109.2
901643  16471090038032.7
901643  21574945337197.1
901643  23757946069961.3
901643  47393050284790.9
901643  16471090038032.7
901643  21574945337197.1
901643  23757946069961.3
901643  47393050284790.9
909795  16611788919264.3
909795  21574945329955
909795  23757946041762.1
909795  47414990359823.7
909795  16611788919264.3
909795  21574945329955
909795  23757946041762.1
909795  47414990359823.7
909795  16611788919264.3
909795  21574945329955
909795  23757946041762.1
909795  47414990359823.7
917948  16752254687788.8
917948  21574945322299.4
917948  23757946012512.5
917948  47437219721518.2
917948  16752254687788.8
917948  21574945322299.4
917948  23757946012512.5
917948  47437219721518.2
926100  16892483877956
926100  21574945314137.6
926100  23757945982210.3
926100  47459745872164.9
926100  16892483877956
926100  21574945314137.6
926100  23757945982210.3
926100  47459745872164.9
926100  16892483877956
926100  21574945314137.6
926100  23757945982210.3
926100  47459745872164.9
934252  17032473081134.8
934252  21574945305772.9
934252  23757945950486.8
934252  47482566519213.7
934252  17032473081134.8
934252  21574945305772.9
934252  23757945950486.8
934252  47482566519213.7
942405  17172218955070.9
942405  21574945297186.8
942405  23757945917257.1
942405  47505690053119.3
942405  17172218955070.9
942405  21574945297186.8
942405  23757945917257.1
942405  47505690053119.3
942405  17172218955070.9
942405  21574945297186.8
942405  23757945917257.1
942405  47505690053119.3
950557  17311718235930.8
950557  21574945289240.3
950557  23757945881629.2
950557  47529115155689.1
950557  17311718235930.8
950557  21574945289240.3
950557  23757945881629.2
950557  47529115155689.1
958709  17450967753050.5
958709  21574945279825.4
958709  23757945845394.7
958709  47552845359306.3
958709  17450967753050.5
958709  21574945279825.4
958709  23757945845394.7
958709  47552845359306.3
958709  17450967753050.5
958709  21574945279825.4
958709  23757945845394.7
958709  47552845359306.3
966861  17589964447993.5
966861  21574945271072.6
966861  23757945806488.3
966861  47576885741010.8
966861  17589964447993.5
966861  21574945271072.6
966861  23757945806488.3
966861  47576885741010.8
975014  17728705398205.2
975014  21574945261607.6
975014  23757945766011.8
975014  47601238344492.5
975014  17728705398205.2
975014  21574945261607.6
975014  23757945766011.8
975014  47601238344492.5
975014  17728705398205.2
975014  21574945261607.6
975014  23757945766011.8
975014  47601238344492.5
983166  17867186775464.9
983166  21574945251289.3
983166  23757945723933.2
983166  47625905700963.6
983166  17867186775464.9
983166  21574945251289.3
983166  23757945723933.2
983166  47625905700963.6
991318  18005401882600.9
991318  21574945240008.8
991318  23757945680175.1
991318  47650891072265.7
991318  18005401882600.9
991318  21574945240008.8
991318  23757945680175.1
991318  47650891072265.7
991318  18005401882600.9
991318  21574945240008.8
991318  23757945680175.1
991318  47650891072265.7
999471  18143352334318.9
999471  21574945229018.2
999471  23757945633407.1
999471  47676197609650.2
999471  18143352334318.9
999471  21574945229018.2
999471  23757945633407.1
999471  47676197609650.2
1.00762e+06  18281030539200.7
1.00762e+06  21574945217672.6
1.00762e+06  23757945583997.6
1.00762e+06  47701828353970.6
1.00762e+06  18281030539200.7
1.00762e+06  21574945217672.6
1.00762e+06  23757945583997.6
1.00762e+06  47701828353970.6
1.00762e+06  18281030539200.7
1.00762e+06  21574945217672.6
1.00762e+06  23757945583997.6
1.00762e+06  47701828353970.6
1.01578e+06  18418435515148.1
1.01578e+06  21574945205121.8
1.01578e+06  23757945532476.5
1.01578e+06  47727786901818.4
1.01578e+06  18418435515148.1
1.01578e+06  21574945205121.8
1.01578e+06  23757945532476.5
1.01578e+06  47727786901818.4
1.02393e+06  18555561135083.4
1.02393e+06  21574945192498.6
1.02393e+06  23757945477547.1
1.02393e+06  47754077712022.5
1.02393e+06  18555561135083.4
1.02393e+06  21574945192498.6
1.02393e+06  23757945477547.1
1.02393e+06  47754077712022.5
1.02393e+06  18555561135083.4
1.02393e+06  21574945192498.6
1.02393e+06  23757945477547.1
1.02393e+06  47754077712022.5
1.03208e+06  18692408157160.4
1.03208e+06  21574945179146.6
1.03208e+06  23757945419501.4
1.03208e+06  47780701916367.1
1.03208e+06  18692408157160.4
1.03208e+06  21574945179146.6
1.03208e+06  23757945419501.4
1.03208e+06  47780701916367.1
1.04023e+06  18828965588178.3
1.04023e+06  21574945164712.4
1.04023e+06  23757945358317.7
1.04023e+06  47807662479845.5
1.04023e+06  18828965588178.3
1.04023e+06  21574945164712.4
1.04023e+06  23757945358317.7
1.04023e+06  47807662479845.5
1.04023e+06  18828965588178.3
1.04023e+06  21574945164712.4
1.04023e+06  23757945358317.7
1.04023e+06  47807662479845.5
1.04838e+06  18965235392102.3
1.04838e+06  21574945148994.7
1.04838e+06  23757945293789.6
1.04838e+06  47834966337220
1.04838e+06  18965235392102.3
1.04838e+06  21574945148994.7
1.04838e+06  23757945293789.6
1.04838e+06  47834966337220
1.05654e+06  19101213396292.1
1.05654e+06  21574945132163
1.05654e+06  23757945225319.6
1.05654e+06  47862611998844.8
1.05654e+06  19101213396292.1
1.05654e+06  21574945132163
1.05654e+06  23757945225319.6
1.05654e+06  47862611998844.8
1.05654e+06  19101213396292.1
1.05654e+06  21574945132163
1.05654e+06  23757945225319.6
1.05654e+06  47862611998844.8
1.06469e+06  19236895109428.4
1.06469e+06  21574945114337.5
1.06469e+06  23757945152288.3
1.06469e+06  47890607869273.8
1.06469e+06  19236895109428.4
1.06469e+06  21574945114337.5
1.06469e+06  23757945152288.3
1.06469e+06  47890607869273.8
1.07284e+06  19372276124295
1.07284e+06  21574945094644.6
1.07284e+06  23757945074894.8
1.07284e+06  47918953590688
1.07284e+06  19372276124295
1.07284e+06  21574945094644.6
1.07284e+06  23757945074894.8
1.07284e+06  47918953590688
1.07284e+06  19372276124295
1.07284e+06  21574945094644.6
1.07284e+06  23757945074894.8
1.07284e+06  47918953590688
1.08099e+06  19507352154294.9
1.08099e+06  21574945072864.1
1.08099e+06  23757944992645.2
1.08099e+06  47947653209813.9
1.08099e+06  19507352154294.9
1.08099e+06  21574945072864.1
1.08099e+06  23757944992645.2
1.08099e+06  47947653209813.9
1.08915e+06  19642119090244
1.08915e+06  21574945049670
1.08915e+06  23757944904109.1
1.08915e+06  47976712582026.1
1.08915e+06  19642119090244
1.08915e+06  21574945049670
1.08915e+06  23757944904109.1
1.08915e+06  47976712582026.1
1.08915e+06  19642119090244
1.08915e+06  21574945049670
1.08915e+06  23757944904109.1
1.08915e+06  47976712582026.1
1.0973e+06  19776573088785.8
1.0973e+06  21574945023438.8
1.0973e+06  23757944809773
1.0973e+06  48006133534123.8
1.0973e+06  19776573088785.8
1.0973e+06  21574945023438.8
1.0973e+06  23757944809773
1.0973e+06  48006133534123.8
1.10545e+06  19910710712820
1.10545e+06  21574944993030.4
1.10545e+06  23757944709470.9
1.10545e+06  48035919608553.3
1.10545e+06  19910710712820
1.10545e+06  21574944993030.4
1.10545e+06  23757944709470.9
1.10545e+06  48035919608553.3
1.10545e+06  19910710712820
1.10545e+06  21574944993030.4
1.10545e+06  23757944709470.9
1.10545e+06  48035919608553.3
1.1136e+06  20044529157474.8
1.1136e+06  21574944959269.4
1.1136e+06  23757944600973.6
1.1136e+06  48066074538233.4
1.1136e+06  20044529157474.8
1.1136e+06  21574944959269.4
1.1136e+06  23757944600973.6
1.1136e+06  48066074538233.4
1.12175e+06  20178026623612.4
1.12175e+06  21574944919746.1
1.12175e+06  23757944484578.1
1.12175e+06  48096601915363.2
1.12175e+06  20178026623612.4
1.12175e+06  21574944919746.1
1.12175e+06  23757944484578.1
1.12175e+06  48096601915363.2
1.12175e+06  20178026623612.4
1.12175e+06  21574944919746.1
1.12175e+06  23757944484578.1
1.12175e+06  48096601915363.2
1.12991e+06  20311190711878.2
1.12991e+06  21574944872509.9
1.12991e+06  23757944359592.3
1.12991e+06  48127505203020.7
1.12991e+06  20311190711878.2
1.12991e+06  21574944872509.9
1.12991e+06  23757944359592.3
1.12991e+06  48127505203020.7
1.13806e+06  20444023905011.7
1.13806e+06  21574944815373.3
1.13806e+06  23757944224677.6
1.13806e+06  48158790330218.9
1.13806e+06  20444023905011.7
1.13806e+06  21574944815373.3
1.13806e+06  23757944224677.6
1.13806e+06  48158790330218.9
1.13806e+06  20444023905011.7
1.13806e+06  21574944815373.3
1.13806e+06  23757944224677.6
1.13806e+06  48158790330218.9
1.14621e+06  20576522618255
1.14621e+06  21574944745006.1
1.14621e+06  23757944078164.1
1.14621e+06  48190458584642.2
1.14621e+06  20576522618255
1.14621e+06  21574944745006.1
1.14621e+06  23757944078164.1
1.14621e+06  48190458584642.2
1.15436e+06  20708678179842.1
1.15436e+06  21574944655568.6
1.15436e+06  23757943918339.6
1.15436e+06  48222513022495.5
1.15436e+06  20708678179842.1
1.15436e+06  21574944655568.6
1.15436e+06  23757943918339.6
1.15436e+06  48222513022495.5
1.15436e+06  20708678179842.1
1.15436e+06  21574944655568.6
1.15436e+06  23757943918339.6
1.15436e+06  48222513022495.5
1.16252e+06  20840486733096.9
1.16252e+06  21574944535342.3
1.16252e+06  23757943744549.5
1.16252e+06  48254961376605.8
1.16252e+06  20840486733096.9
1.16252e+06  21574944535342.3
1.16252e+06  23757943744549.5
1.16252e+06  48254961376605.8
1.17067e+06  21574944365360.2
1.17067e+06  23757943554012.5
1.17067e+06  48287802845826.3
1.17067e+06  21574944365360.2
1.17067e+06  23757943554012.5
1.17067e+06  48287802845826.3
1.17067e+06  21574944365360.2
1.17067e+06  23757943554012.5
1.17067e+06  48287802845826.3
1.17882e+06  21103062979082.2
1.17882e+06  21574944103413.6
1.17882e+06  23757943344439.6
1.17882e+06  48321045207219.7
1.17882e+06  21103062979082.2
1.17882e+06  21574944103413.6
1.17882e+06  23757943344439.6
1.17882e+06  48321045207219.7
1.18697e+06  21233801779323.1
1.18697e+06  21574943641122
1.18697e+06  23757943113503.2
1.18697e+06  48354690126134.6
1.18697e+06  21233801779323.1
1.18697e+06  21574943641122
1.18697e+06  23757943113503.2
1.18697e+06  48354690126134.6
1.18697e+06  21233801779323.1
1.18697e+06  21574943641122
1.18697e+06  23757943113503.2
1.18697e+06  48354690126134.6
1.19513e+06  21364169510280.3
1.19513e+06  21574942595100.1
1.19513e+06  23757942857932.7
1.19513e+06  48388741604780.7
1.19513e+06  21364169510280.3
1.19513e+06  21574942595100.1
1.19513e+06  23757942857932.7
1.19513e+06  48388741604780.7
1.20328e+06  21494100168965.1
1.20328e+06  21574937877348.7
1.20328e+06  23757942573080.4
1.20328e+06  48423204064936.7
1.20328e+06  21494100168965.1
1.20328e+06  21574937877348.7
1.20328e+06  23757942573080.4
1.20328e+06  48423204064936.7
1.20328e+06  21494100168965.1
1.20328e+06  21574937877348.7
1.20328e+06  23757942573080.4
1.20328e+06  48423204064936.7
1.21143e+06  21574954843847.8
1.21143e+06  23757942253529.7
1.21143e+06  48458081750118.6
1.21143e+06  21574954843847.8
1.21143e+06  23757942253529.7
1.21143e+06  48458081750118.6
1.21958e+06  21574948156447.2
1.21958e+06  23757941893297.6
1.21958e+06  48493378729981.4
1.21958e+06  21574948156447.2
1.21958e+06  23757941893297.6
1.21958e+06  48493378729981.4
1.21958e+06  21574948156447.2
1.21958e+06  23757941893297.6
1.21958e+06  48493378729981.4
1.22773e+06  21574946955139.4
1.22773e+06  21882111233645
1.22773e+06  23757941483276.7
1.22773e+06  48529098901117.1
1.22773e+06  21574946955139.4
1.22773e+06  21882111233645
1.22773e+06  23757941483276.7
1.22773e+06  48529098901117.1
1.23589e+06  21574946449703
1.23589e+06  22010642327167.1
1.23589e+06  23757941013720.5
1.23589e+06  48565245991098.7
1.23589e+06  21574946449703
1.23589e+06  22010642327167.1
1.23589e+06  23757941013720.5
1.23589e+06  48565245991098.7
1.23589e+06  21574946449703
1.23589e+06  22010642327167.1
1.23589e+06  23757941013720.5
1.23589e+06  48565245991098.7
1.24404e+06  21574946169539.2
1.24404e+06  23757940470447.3
1.24404e+06  48601823561582.8
1.24404e+06  21574946169539.2
1.24404e+06  23757940470447.3
1.24404e+06  48601823561582.8
1.25219e+06  21574945989190.8
1.25219e+06  22266500618434.7
1.25219e+06  23757939835921.8
1.25219e+06  48638837401045.9
1.25219e+06  21574945989190.8
1.25219e+06  22266500618434.7
1.25219e+06  23757939835921.8
1.25219e+06  48638837401045.9
1.25219e+06  21574945989190.8
1.25219e+06  22266500618434.7
1.25219e+06  23757939835921.8
1.25219e+06  48638837401045.9
1.26034e+06  21574945863824.1
1.26034e+06  23757939082730.1
1.26034e+06  48676290284935.2
1.26034e+06  21574945863824.1
1.26034e+06  23757939082730.1
1.26034e+06  48676290284935.2
1.2685e+06  21574945770349.1
1.2685e+06  22520789329860.5
1.2685e+06  23757938176525
1.2685e+06  48714187006871.9
1.2685e+06  21574945770349.1
1.2685e+06  22520789329860.5
1.2685e+06  23757938176525
1.2685e+06  48714187006871.9
1.2685e+06  21574945770349.1
1.2685e+06  22520789329860.5
1.2685e+06  23757938176525
1.2685e+06  48714187006871.9
1.27665e+06  21574945698063
1.27665e+06  22647314366697.3
1.27665e+06  23757937065067.8
1.27665e+06  48752530392522.9
1.27665e+06  21574945698063
1.27665e+06  22647314366697.3
1.27665e+06  23757937065067.8
1.27665e+06  48752530392522.9
1.2848e+06  21574945639659.5
1.2848e+06  23757935671387.7
1.2848e+06  48791327444809.8
1.2848e+06  21574945639659.5
1.2848e+06  23757935671387.7
1.2848e+06  48791327444809.8
1.2848e+06  21574945639659.5
1.2848e+06  23757935671387.7
1.2848e+06  48791327444809.8
1.29295e+06  21574945589954.8
1.29295e+06  23757933873965.6
1.29295e+06  48830580168328.8
1.29295e+06  21574945589954.8
1.29295e+06  23757933873965.6
1.29295e+06  48830580168328.8
1.30111e+06  21574945549033.9
1.30111e+06  23024465575172.1
1.30111e+06  23757931464864.5
1.30111e+06  48870293094807.9
1.30111e+06  21574945549033.9
1.30111e+06  23024465575172.1
1.30111e+06  23757931464864.5
1.30111e+06  48870293094807.9
1.30111e+06  21574945549033.9
1.30111e+06  23024465575172.1
1.30111e+06  23757931464864.5
1.30111e+06  48870293094807.9
1.30926e+06  21574945513182.2
1.30926e+06  23757928073193.3
1.30926e+06  48910470600803.4
1.30926e+06  21574945513182.2
1.30926e+06  23757928073193.3
1.30926e+06  48910470600803.4
1.31741e+06  21574945481703.7
1.31741e+06  23757922944953.7
1.31741e+06  48951116858347.6
1.31741e+06  21574945481703.7
1.31741e+06  23757922944953.7
1.31741e+06  48951116858347.6
1.31741e+06  21574945481703.7
1.31741e+06  23757922944953.7
1.31741e+06  48951116858347.6
1.32556e+06  21574945453376.7
1.32556e+06  23757914292756.2
1.32556e+06  48992235839627.7
1.32556e+06  21574945453376.7
1.32556e+06  23757914292756.2
1.32556e+06  48992235839627.7
1.33371e+06  21574945427350
1.33371e+06  23521385491613.2
1.33371e+06  23757896593941.9
1.33371e+06  49033833448988.5
1.33371e+06  21574945427350
1.33371e+06  23521385491613.2
1.33371e+06  23757896593941.9
1.33371e+06  49033833448988.5
1.33371e+06  21574945427350
1.33371e+06  23521385491613.2
1.33371e+06  23757896593941.9
1.33371e+06  49033833448988.5
1.34187e+06  21574945404970.8
1.34187e+06  23757840175643.8
1.34187e+06  49075912274455.6
1.34187e+06  21574945404970.8
1.34187e+06  23757840175643.8
1.34187e+06  49075912274455.6
1.35002e+06  21574945383359.2
1.35002e+06  23759028039299.3
1.35002e+06  49118476792946.8
1.35002e+06  21574945383359.2
1.35002e+06  23759028039299.3
1.35002e+06  49118476792946.8
1.35002e+06  21574945383359.2
1.35002e+06  23759028039299.3
1.35002e+06  49118476792946.8
1.35817e+06  21574945363887.2
1.35817e+06  23758039108990.6
1.35817e+06  23889308354613
1.35817e+06  49161531851436.9
1.35817e+06  21574945363887.2
1.35817e+06  23758039108990.6
1.35817e+06  23889308354613
1.35817e+06  49161531851436.9
1.36632e+06  21574945345752.5
1.36632e+06  23757995558016.3
1.36632e+06  49205081877891.8
1.36632e+06  21574945345752.5
1.36632e+06  23757995558016.3
1.36632e+06  49205081877891.8
1.36632e+06  21574945345752.5
1.36632e+06  23757995558016.3
1.36632e+06  49205081877891.8
1.37448e+06  21574945328199.9
1.37448e+06  23757980228553.1
1.37448e+06  49249130347554.8
1.37448e+06  21574945328199.9
1.37448e+06  23757980228553.1
1.37448e+06  49249130347554.8
1.38263e+06  21574945311628.3
1.38263e+06  23757972404937.5
1.38263e+06  24253335510698.1
1.38263e+06  49293682007365.1
1.38263e+06  21574945311628.3
1.38263e+06  23757972404937.5
1.38263e+06  24253335510698.1
1.38263e+06  49293682007365.1
1.38263e+06  21574945311628.3
1.38263e+06  23757972404937.5
1.38263e+06  24253335510698.1
1.38263e+06  49293682007365.1
1.39078e+06  21574945296465.4
1.39078e+06  23757967659910.9
1.39078e+06  24373723026716.4
1.39078e+06  49338741363556.3
1.39078e+06  21574945296465.4
1.39078e+06  23757967659910.9
1.39078e+06  24373723026716.4
1.39078e+06  49338741363556.3
1.39893e+06  21574945281484.7
1.39893e+06  23757964476835.7
1.39893e+06  24493639101086.7
1.39893e+06  49384312687707.8
1.39893e+06  21574945281484.7
1.39893e+06  23757964476835.7
1.39893e+06  24493639101086.7
1.39893e+06  49384312687707.8
1.39893e+06  21574945281484.7
1.39893e+06  23757964476835.7
1.39893e+06  24493639101086.7
1.39893e+06  49384312687707.8
1.40709e+06  21574945267713
1.40709e+06  23757962193670.4
1.40709e+06  24613078549747.7
1.40709e+06  49430400024026.6
1.40709e+06  21574945267713
1.40709e+06  23757962193670.4
1.40709e+06  24613078549747.7
1.40709e+06  49430400024026.6
1.41524e+06  21574945253709.8
1.41524e+06  23757960477606.8
1.41524e+06  24732032423769.9
1.41524e+06  49477007196057.6
1.41524e+06  21574945253709.8
1.41524e+06  23757960477606.8
1.41524e+06  24732032423769.9
1.41524e+06  49477007196057.6
1.41524e+06  21574945253709.8
1.41524e+06  23757960477606.8
1.41524e+06  24732032423769.9
1.41524e+06  49477007196057.6
1.42339e+06  21574945240460.5
1.42339e+06  23757959140692.9
1.42339e+06  24850494013638.5
1.42339e+06  49524140080090.5
1.42339e+06  21574945240460.5
1.42339e+06  23757959140692.9
1.42339e+06  24850494013638.5
1.42339e+06  49524140080090.5
1.43154e+06  21574945227591.1
1.43154e+06  23757958070379.6
1.43154e+06  24968470544095
1.43154e+06  49571801147594.5
1.43154e+06  21574945227591.1
1.43154e+06  23757958070379.6
1.43154e+06  24968470544095
1.43154e+06  49571801147594.5
1.43154e+06  21574945227591.1
1.43154e+06  23757958070379.6
1.43154e+06  24968470544095
1.43154e+06  49571801147594.5
1.43969e+06  21574945215512.9
1.43969e+06  23757957194122.8
1.43969e+06  25085947113943.7
1.43969e+06  49619996244072.5
1.43969e+06  21574945215512.9
1.43969e+06  23757957194122.8
1.43969e+06  25085947113943.7
1.43969e+06  49619996244072.5
1.44785e+06  21574945203484.5
1.44785e+06  23757956464303.7
1.44785e+06  25202927013109.5
1.44785e+06  49668728182872.2
1.44785e+06  21574945203484.5
1.44785e+06  23757956464303.7
1.44785e+06  25202927013109.5
1.44785e+06  49668728182872.2
1.44785e+06  21574945203484.5
1.44785e+06  23757956464303.7
1.44785e+06  25202927013109.5
1.44785e+06  49668728182872.2
1.456e+06  21574945191219.6
1.456e+06  23757955847644.3
1.456e+06  25319395695450.7
1.456e+06  49718001761719.1
1.456e+06  21574945191219.6
1.456e+06  23757955847644.3
1.456e+06  25319395695450.7
1.456e+06  49718001761719.1
1.46415e+06  21574945179815.3
1.46415e+06  23757955319126
1.46415e+06  25435357660367.4
1.46415e+06  49767821506893
1.46415e+06  21574945179815.3
1.46415e+06  23757955319126
1.46415e+06  25435357660367.4
1.46415e+06  49767821506893
1.46415e+06  21574945179815.3
1.46415e+06  23757955319126
1.46415e+06  25435357660367.4
1.46415e+06  49767821506893
1.4723e+06  21574945168434.1
1.4723e+06  23757954861855.5
1.4723e+06  25550805979278.5
1.4723e+06  49818191681489.3
1.4723e+06  21574945168434.1
1.4723e+06  23757954861855.5
1.4723e+06  25550805979278.5
1.4723e+06  49818191681489.3
1.48046e+06  21574945157784.6
1.48046e+06  23757954461919.6
1.48046e+06  25665735313898
1.48046e+06  49869116294741.4
1.48046e+06  21574945157784.6
1.48046e+06  23757954461919.6
1.48046e+06  25665735313898
1.48046e+06  49869116294741.4
1.48046e+06  21574945157784.6
1.48046e+06  23757954461919.6
1.48046e+06  25665735313898
1.48046e+06  49869116294741.4
1.48861e+06  21574945145993.5
1.48861e+06  23757954110858.8
1.48861e+06  25780141487757.4
1.48861e+06  49920599112207.1
1.48861e+06  21574945145993.5
1.48861e+06  23757954110858.8
1.48861e+06  25780141487757.4
1.48861e+06  49920599112207.1
1.49676e+06  21574945136090.5
1.49676e+06  23757953797996
1.49676e+06  25894021207338.3
1.49676e+06  49972643838048.7
1.49676e+06  21574945136090.5
1.49676e+06  23757953797996
1.49676e+06  25894021207338.3
1.49676e+06  49972643838048.7
1.49676e+06  21574945136090.5
1.49676e+06  23757953797996
1.49676e+06  25894021207338.3
1.49676e+06  49972643838048.7
1.50491e+06  21574945124691.4
1.50491e+06  23757953520151.2
1.50491e+06  26007371212587.2
1.50491e+06  21574945124691.4
1.50491e+06  23757953520151.2
1.50491e+06  26007371212587.2
1.51306e+06  21574945114588.9
1.51306e+06  23757953269766.5
1.51306e+06  26120180026735.8
1.51306e+06  21574945114588.9
1.51306e+06  23757953269766.5
1.51306e+06  26120180026735.8
1.51306e+06  21574945114588.9
1.51306e+06  23757953269766.5
1.51306e+06  26120180026735.8
1.52122e+06  21574945103762.6
1.52122e+06  23757953044615.8
1.52122e+06  26232454464871.3
1.52122e+06  21574945103762.6
1.52122e+06  23757953044615.8
1.52122e+06  26232454464871.3
1.52937e+06  21574945093966.3
