0  23646231764023
0  23739252592930.6
0  24023383657031.5
4743.73  136370022701.869
4743.73  23646231753535.6
4743.73  23739252548731.6
4743.73  24023385090935.5
9487.47  23646231736055.7
9487.47  23739252475063.1
9487.47  24023387480575.4
14231.2  292869350770.555
14231.2  23646231711581.7
14231.2  23739252371920.3
14231.2  24023390825651.5
18974.9  23646231680111.7
18974.9  23739252239296
18974.9  24023395125744
23718.7  445880706454.417
23718.7  23646231641643
23718.7  23739252077181.2
23718.7  24023400380313.5
28462.4  23646231596172.5
28462.4  23739251885564.8
28462.4  24023406588700.9
33206.1  597688587030.897
33206.1  23646231543696.2
33206.1  23739251664433.8
33206.1  24023413750128
37949.9  676029841922.302
37949.9  23646231484209.9
37949.9  23739251413773
37949.9  24023421863697.3
42693.6  23646231417708.5
42693.6  23739251133565.3
42693.6  24023430928392.4
47437.3  826570484277.675
47437.3  23646231344186.6
47437.3  23739250823791.6
47437.3  24023440943078.5
52181.1  23646231263530.7
52181.1  23739250484562
52181.1  24023451906502.2
56924.8  977094799696.679
56924.8  23646231175948.5
56924.8  23739250115590.6
56924.8  24023463817292.9
61668.5  23646231081325.6
61668.5  23739249716983.6
61668.5  24023476673961.8
66412.3  1127606185548.52
66412.3  23646230980016.2
66412.3  23739249288262.4
66412.3  24023490474822.5
71156  23646230870980.1
71156  23739248830676.5
71156  24023505218314.4
75899.7  1278107274072.39
75899.7  23646230755184.8
75899.7  23739248342990.5
75899.7  24023520902519.6
80643.5  23646230632313.5
80643.5  23739247825547.4
80643.5  24023537525483.5
85387.2  1428599928644.98
85387.2  23646230502355.9
85387.2  23739247278311.8
85387.2  24023555085137.6
90130.9  23646230365301
90130.9  23739246701245.9
90130.9  24023573579298.9
94874.7  1579085436254.93
94874.7  23646230221137.3
94874.7  23739246094310.3
94874.7  24023593005670.4
99618.4  23646230069852.6
99618.4  23739245457463.1
99618.4  24023613361842.5
104362  1729564676312.16
104362  23646229911434.3
104362  23739244790660.7
104362  24023634645292.8
109106  23646229745869
109106  23739244093857
109106  24023656853387.5
113850  1880038241934.8
113850  23646229573142.3
113850  23739243367000.9
113850  24023679983341.7
118593  23646229393240.1
118593  23739242610045.6
118593  24023704032340.8
123337  2030506523152.39
123337  23646229206510.7
123337  23739241822496.9
123337  24023728997461.1
128081  23646229012211.5
128081  23739241005187.3
128081  24023754875588.5
132825  2180969763639.89
132825  23646228810581.6
132825  23739240157743.6
132825  24023781663503.8
137568  23646228601511.5
137568  23739239280224
137568  24023809357959.7
142312  2331428099707.28
142312  23646228385491.2
142312  23739238371949.2
142312  24023837955603.8
147056  23646228162194.7
147056  23739237433229.6
147056  24023867452898.5
151799  2481881587439.27
151799  23646227931602.6
151799  23739236463996.9
151799  24023897846203.7
156543  23646227693695.4
156543  23739235464184.6
156543  24023929131827.7
161287  2632330221857.48
161287  23646227448816.8
161287  23739234433285.9
161287  24023961306058.1
166031  23646227196218.9
166031  23739233372113.8
166031  24023994364921.2
170774  2782773950643.02
170774  23646226936243.1
170774  23739232280149.1
170774  24024028304411.6
175518  23646226668867.3
175518  23739231157315.7
175518  24024063120424.9
180262  2933212684092.46
180262  23646226394068.4
180262  23739230003535.1
180262  24024098808759.1
185006  23646226111407.6
185006  23739228819231.8
185006  24024135365077.8
189749  3083646302430.62
189749  23646225822054.5
189749  23739227602867
189749  24024172785065.8
194493  23646225524842
194493  23739226355751.2
194493  24024211064196.5
199237  3234074661237.1
199237  23646225220107.9
199237  23739225077351.6
199237  24024250197891
203981  23646224907825.7
203981  23739223767578.1
203981  24024290181478.8
208724  3384497595507.5
208724  23646224587968.4
208724  23739222426338.5
208724  24024331010199.1
213468  23646224260508.1
213468  23739221053538.1
213468  24024372679202.4
218212  3534914922716.04
218212  23646223925472.3
218212  23739219649011.5
218212  24024415183552
222955  23646223582612.5
222955  23739218212927.8
222955  24024458518224.4
227699  3685326445134.25
227699  23646223232169.5
227699  23739216744853.4
227699  24024502678112.2
232443  23646222874003.8
232443  23739215244803.7
232443  24024547657890.8
237187  3835731951590.09
237187  23646222508450.5
237187  23739213712250.3
237187  24024593452554.4
241930  23646222134748.8
241930  23739212147965.3
241930  24024640056635.4
246674  3986131218805.04
246674  23646221753228.6
246674  23739210551384.4
246674  24024687464623.2
251418  23646221363548.9
251418  23739208922775.9
251418  24024735671063.6
256162  4136524012395.3
256162  23646220966183.6
256162  23739207261400.2
256162  24024784670369.7
260905  23646220561368.5
260905  23739205566805.8
260905  24024834456879.2
265649  4286910087625.95
265649  23646220148232.5
265649  23739203839897.9
265649  24024885024890.1
270393  23646219727102
270393  23739202080099.7
270393  24024936368525.4
275137  4437289189956.62
275137  23646219297940.2
275137  23739200287290.7
275137  24024988481975.7
279880  23646218861128.3
279880  23739198460823.1
284624  4587661055429.58
284624  23646218415679.3
284624  23739196601726.1
289368  23646217962188
289368  23739194709083
294111  4738025410924.86
294111  23646217500506.6
294111  23739192782894.3
298855  23646217030956.6
298855  23739190822564.5
303599  4888381974311.22
303599  23646216552460
303599  23739188829232.1
308343  23646216065845.6
308343  23739186801675.4
313086  5038730454507.06
313086  23646215570976.1
313086  23739184739859.6
317830  23646215068063.1
317830  23739182643318.2
322574  5189070551464.18
322574  23646214556330.7
322574  23739180512783.5
327318  23646214035789.5
327318  23739178348042.7
332061  5339401956093.52
332061  23646213507263.6
332061  23739176147851.1
336805  23646212969883.1
336805  23739173913063.1
341549  5489724350129.71
341549  23646212423854.7
341549  23739171643194.2
346293  23646211869183.1
346293  23739169338004.1
351036  5640037405949.17
351036  23646211305705.3
351036  23739166997462.4
355780  23646210733316.6
355780  23739164621458
360524  5790340786345.53
360524  23646210152178.6
360524  23739162209544.8
365267  23646209562184.2
365267  23739159761600.9
370011  5940634144259.2
370011  23646208963166.5
370011  23739157277585.6
374755  23646208355124.2
374755  23739154757238.5
379499  6090917122478.02
379499  23646207738256.7
379499  23739152200052.9
384242  23646207111990.6
384242  23739149606464.5
388986  6241189353295.07
388986  23646206476214.2
388986  23739146976341
393730  23646205831847.9
393730  23739144308258.8
398474  6391450458132.88
398474  23646205177684.3
398474  23739141603439.7
403217  23646204514662.4
403217  23739138860443.7
407961  6541700047151.92
407961  23646203841766.5
407961  23739136080221.5
412705  23646203159352.7
412705  23739133262044.3
417449  6691937718789.22
417449  23646202467610.9
417449  23739130405370.3
422192  23646201765649.5
422192  23739127510994.8
426936  6842163059304.91
426936  23646201054274.7
426936  23739124577610
431680  23646200333472.5
431680  23739121604917.6
436423  6992375642271.44
436423  23646199602332.8
436423  23739118593721.3
441167  23646198861419.9
441167  23739115542995.2
445911  7142575028039.65
445911  23646198110439
445911  23739112452768.2
450655  23646197349370
450655  23739109322719.1
455398  7292760763162.64
455398  23646196578085
455398  23739106152668.7
460142  23646195796609.4
460142  23739102942236.2
464886  7442932379799.12
464886  23646195005178.7
464886  23739099690785.3
469630  23646194202559.7
469630  23739096399449.5
474373  7593089395061.45
474373  23646193389874.5
474373  23739093066506.3
479117  23646192566986.4
479117  23739089691739.6
483861  7743231310342.16
483861  23646191733077
483861  23739086275770.6
488605  23646190888374.7
488605  23739082817941.4
493348  7893357610590.1
493348  23646190032894.8
493348  23739079317838
498092  23646189167228.9
498092  23739075774336.4
502836  8043467763548.43
502836  23646188289398.7
502836  23739072189445.2
507579  23646187400884.1
507579  23739068560958.4
512323  8193561218956.2
512323  23646186501538.1
512323  23739064888632.1
517067  23646185590112.6
517067  23739061173581.3
521811  8343637407692.94
521811  23646184668080.3
521811  23739057413555.9
526554  23646183734189.4
526554  23739053609661.4
531298  8493695740875.27
531298  23646182788652.9
531298  23739049761183.4
536042  23646181831471.9
536042  23739045867669.3
540786  8643735608910.1
540786  23646180862547
540786  23739041928790.6
545529  23646179881549.4
545529  23739037944476.9
550273  8793756380487.4
550273  23646178889010.5
550273  23739033913589.6
555017  23646177883666.7
555017  23739029837212.6
559761  8943757401517.57
559761  23646176866655
559761  23739025713462.9
564504  23646175837030.6
564504  23739021542990.5
569248  9093737994002.17
569248  23646174794993.8
569248  23739017325051.4
573992  23646173740204.6
573992  23739013059549.8
578735  9243697454845.96
578735  23646172673552.1
578735  23739008744864
583479  23646171593022.1
583479  23739004382943.4
588223  9393635054591.55
588223  23646170500108.5
588223  23738999971410.8
592967  23646169393540.9
592967  23738995511265.5
597710  9543550036079.67
597710  23646168274443
597710  23738991000580.2
602454  23646167141527.3
602454  23738986440382.7
602454  24056477516246
607198  9693441613053.17
607198  23646165995302.5
607198  23738981829466.7
607198  24056949808482.9
611942  23646164835409.9
611942  23738977167680.2
611942  24057421080528.7
616685  9843308968628.28
616685  23646163661716.3
616685  23738972454600.5
616685  24057891291488.4
621429  23646162474184.2
621429  23738967689655.5
621429  24058360400834.5
626173  9993151253718.55
626173  23646161272880.5
626173  23738962872171
626173  24058828369990.4
630917  23646160057195
630917  23738958002262.3
630917  24059295160474.5
635660  10142967585345
635660  23646158827124.6
635660  23738953079285.8
635660  24059760734713.9
640404  23646157582524.9
640404  23738948102794.7
640404  24060225056922.9
645148  10292757044841.9
645148  23646156323347.1
645148  23738943072196.5
645148  24060688091809.3
649891  23646155050010.9
649891  23738937986292.3
649891  24061149804501.4
654635  10442518675947.5
654635  23646153760786.3
654635  23738932846552.2
654635  24061610162012.6
659379  23646152457135.5
659379  23738927650478.8
659379  24062069131408.2
664123  10592251482787.2
664123  23646151137789.6
664123  23738922398940.5
664123  24062526681175
668866  23646149803054.8
668866  23738917090847.1
668866  24062982780414.4
673610  10741954427708.1
673610  23646148452652.7
673610  23738911725792.5
673610  24063437398605.3
678354  23646147086519.4
678354  23738906303171.7
678354  24063890507781
683098  10891626429015.4
683098  23646145704480.4
683098  23738900822434.9
683098  24064342079301.2
687841  23646144306501.8
687841  23738895282857.9
687841  24064792085621.2
692585  11041266358501.8
692585  23646142891935.6
692585  23738889684474.6
692585  24065240500362.2
697329  23646141460801.7
697329  23738884026462.2
697329  24065687297499.2
702073  11190873038870.2
702073  23646140013017.1
702073  23738878308148.7
702073  24066132452549.4
706816  23646138548390.5
706816  23738872528940.5
706816  24066575941015.2
711560  11340445240962.7
711560  23646137067243.2
711560  23738866687620.1
711560  24067017739567.8
716304  23646135567853.9
716304  23738860785489.7
716304  24067457826085.4
721047  11489981680818.5
721047  23646134051537.7
721047  23738854820055.6
721047  24067896178262.9
725791  23646132517307.9
725791  23738848791687
725791  24068332775431.9
730535  11639481016508.9
730535  23646130964987.9
730535  23738842699706
730535  24068767597000.1
735279  23646129394696
735279  23738836543081.1
735279  24069200623510.7
740022  11788941844783.4
740022  23646127806248.7
740022  23738830321119.5
740022  24069631835939.7
744766  23646126198637.2
744766  23738824034116
744766  24070061215796.8
749510  11938362697474.2
749510  23646124572902.2
749510  23738817679902.3
749510  24070488746407.1
754254  23646122927695.1
754254  23738811259148.9
754254  24070914410476
758997  12087742037681.8
758997  23646121263256.1
758997  23738804770590.5
758997  24071338191904
763741  23646119579236
763741  23738798213653
763741  24071760075004.7
768485  12237078255626
768485  23646117876241.9
768485  23738791586605.8
768485  24072180045250.3
773229  23646116152049.5
773229  23738784891137.3
773229  24072598088131.2
777972  12386369664282.3
777972  23646114408373.1
777972  23738778124098.9
777972  24073014190053.6
782716  23646112643728.5
782716  23738771286278.6
782716  24073428338351.8
787460  12535614494676.8
787460  23646110858325.2
787460  23738764376311.8
787460  24073840520252.1
792203  23646109051787.8
792203  23738757393584.5
792203  24074250724227.7
796947  12684810890822.5
796947  23646107224317.4
796947  23738750336716.8
796947  24074658938837.7
801691  23646105374404.6
801691  23738743206434.9
806435  12833956904312.4
806435  23646103503359.7
806435  23738735999939.1
811178  12908462568692
811178  23646101609666.1
811178  23738728717967.9
815922  12983050488550.4
815922  23646099693877
815922  23738721358625.6
820666  13057518581868.7
820666  23646097754830.1
820666  23738713922107.3
825410  13132089492466.8
825410  23646095793069.8
825410  23738706406509
830153  13206518458498.8
830153  23646093807421.6
830153  23738698812006.9
834897  13281071653860.9
834897  23646091798417.6
834897  23738691136662.2
839641  13355459861325.2
839641  23646089764493.5
839641  23738683381079.7
844385  13429994592194
844385  23646087706921.3
844385  23738675542380.8
849128  13504340329642.1
849128  23646085624122.6
849128  23738667621140.4
853872  13578855800859.1
853872  23646083516285.3
853872  23738659615745.7
858616  13653157271127
858616  23646081382769.3
858616  23738651525566.4
863360  13727652638816.2
863360  23646079223545.9
863360  23738643349203.6
868103  13801907953067.4
868103  23646077038277.9
868103  23738635085598.7
872847  13876382321648.7
872847  23646074826549.6
872847  23738626733815.6
877591  13950589492951
877591  23646072587252.5
877591  23738618293671.9
882334  14025041911895
882334  23646070320703.1
882334  23738609763235.7
887078  14099198848191.8
887078  23646068026214.7
887078  23738601141784
891822  23646065703912.7
891822  23738592427548
896566  14247732805167.9
896566  23646063352511.8
896566  23738583620483.1
901309  23646060972064.1
901309  23738574718874.2
901309  24105080004872.3
906053  14396187967336.1
906053  23646058562016.9
906053  23738565721679.8
906053  24106293893078.6
910797  23646056121973.3
910797  23738556627681
910797  24107491222932.3
915541  14544560742357.5
915541  23646053651902.3
915541  23738547435146
915541  24108672263361.1
920284  23646051150842.7
920284  23738538143433.2
920284  24109837277704.3
925028  14692847328206.6
925028  23646048618044.3
925028  23738528751675.7
925028  24110986525765.4
929772  23646046053283.6
929772  23738519258274.1
929772  24112120261240
934516  14841043698216.5
934516  23646043456220.1
934516  23738509661730.8
934516  24113238732856.5
939259  23646040826434.7
939259  23738499960617.6
939259  24114342184808.6
944003  14989145584732.4
944003  23646038162982.4
944003  23738490154127.7
944003  24115430856884.8
