0  23592011399188.7
0  23732229050045.5
0  24038247924933.3
4743.73  150484200591.063
4743.73  23592011399188.3
4743.73  23732229050039.7
9487.47  225728303155.252
9487.47  23592011399187.5
9487.47  23732229050030.2
14231.2  300970679110.541
14231.2  23592011399186.4
14231.2  23732229050016.8
18974.9  376213878019.652
18974.9  23592011399185
18974.9  23732229049999.7
23718.7  451456181489.293
23718.7  23592011399183.4
23718.7  23732229049978.7
28462.4  526698858736.872
28462.4  23592011399181.4
28462.4  23732229049953.9
33206.1  601940910715.583
33206.1  23592011399179.1
33206.1  23732229049925.2
37949.9  677183076393.435
37949.9  23592011399176.5
37949.9  23732229049892.8
42693.6  752424737395.184
42693.6  23592011399173.6
42693.6  23732229049856.5
42693.6  24038388349005.4
47437.3  827666330008.921
47437.3  23592011399170.3
47437.3  23732229049816.4
47437.3  24038418082517.9
52181.1  902907476167.672
52181.1  23592011399166.8
52181.1  23732229049772.5
52181.1  24038450622971.1
56924.8  978148410658.683
56924.8  23592011399163
56924.8  23732229049724.7
56924.8  24038485963629.5
61668.5  1053388925055.55
61668.5  23592011399158.8
61668.5  23732229049673.1
61668.5  24038524097186.4
66412.3  1128629106128.52
66412.3  23592011399154.4
66412.3  23732229049617.6
66412.3  24038565015767.9
71156  1203868875177.42
71156  23592011399149.6
71156  23732229049558.3
71156  24038608710715.2
75899.7  1279108202159.85
75899.7  23592011399144.6
75899.7  23732229049495.2
75899.7  24038655173365
80643.5  1354347113874.47
80643.5  23592011399139.2
80643.5  23732229049428.2
80643.5  24038704394165.5
85387.2  1429585482801.58
85387.2  23592011399133.5
85387.2  23732229049357.3
90130.9  1504823425858.31
90130.9  23592011399127.6
90130.9  23732229049282.6
94874.7  1580060730461.66
94874.7  23592011399576
94874.7  23732229048753
94874.7  24038870790295.5
99618.4  1655297593640.18
99618.4  23592011399569.4
99618.4  23732229048670.6
99618.4  24038932097770.4
104362  1730533725841.53
104362  23592011399562.4
104362  23732229048584.2
104362  24038996158686.2
109106  1805769397656
109106  23592011399170.4
109106  23732229048875.7
109106  24039062959913.2
113850  1881004247816.57
113850  23592011399028.5
113850  23732229048914.8
113850  24039132487791.2
118593  1956238598753.4
118593  23592011399020.7
118593  23732229048816.8
118593  24039204728136.6
123337  2031472073289.86
123337  23592011399012.5
123337  23732229048714.9
128081  2106704961478.05
128081  23592011399004.1
128081  23732229048609.1
132825  2181936977029.76
132825  23592011398995.3
132825  23732229048499.4
132825  24039441183897.1
137568  2257168291007.79
137568  23592011399440.9
137568  23732229047934.7
137568  24039525715565.5
142312  2332398731497.25
142312  23592011399431.5
142312  23732229047817.1
142312  24039612930203.3
147056  2407628358063.1
147056  23592011399421.8
147056  23732229047695.6
147056  24039702810160.4
151799  2482857106665.65
151799  23592011399411.7
151799  23732229047570.1
156543  2558084930903.91
156543  23592011399016.6
156543  23732229047822.4
156543  24039893187093.5
161287  2633311869832.52
161287  23592011399005.9
161287  23732229047689
161287  24039992824687.9
166031  2708537775108.31
166031  23592011398860.6
166031  23732229047684.9
166031  24040095099697.7
170774  2783762785430.09
170774  23592011399304
170774  23732229047092.5
170774  24040199991594.9
175518  2858986653351.85
175518  23592011399292.4
175518  23732229046947.1
180262  2934209573479.16
180262  23592011399280.5
180262  23732229046797.8
180262  24040420742272.4
185006  3009431325190.07
185006  23592011399268.2
185006  23732229046644.4
185006  24040535505281.2
189749  3084652020806.42
189749  23592011399255.7
189749  23732229046487
189749  24040652844109.8
194493  3159871546842.36
194493  23592011398857.9
194493  23732229046707.3
199237  3235089895415.21
199237  23592011399299.5
199237  23732229046090.8
199237  24040897919010
203981  3310307070967.4
203981  23592011399151.6
203981  23732229046054.5
203981  24041025218552.9
208724  3385522947899.87
208724  23592011398752.9
208724  23732229046262.6
208724  24041155042044.4
213468  3460737635709.38
213468  23592011398738.8
213468  23732229046084.9
218212  3535950924986.05
218212  23592011398724.3
218212  23732229045903.1
218212  24041425423392.5
222955  3611162945762.58
222955  23592011398779.4
222955  23732229045647.9
222955  24041565262364.7
227699  3686373569291.96
227699  23592011398764.2
227699  23732229045457.9
227699  24041707562265.4
232443  3761582793193.59
232443  23592011398614.4
232443  23732229045397
237187  3836790619084.09
237187  23592011398009.6
237187  23732229045782.9
237187  24042004146762.8
241930  3911996913846.67
241930  23592011398448.2
241930  23732229045129.5
241930  24042156481639.5
246674  3987201771708.4
246674  23592011398431.8
246674  23732229044922.8
251418  4062405038849.31
251418  23592011398030.2
251418  23732229045093.7
251418  24042472394853.7
256162  4137606760987.65
256162  23592011398013.1
256162  23732229044878.7
256162  24042634799186.9
260905  4212806894356.47
260905  23592011397995.7
260905  23732229044659.5
265649  4288005342145.85
265649  23592011398298.3
265649  23732229044118.2
265649  24042970646703.3
270393  4363202168350.4
270393  23592011398280.2
270393  23732229043890.5
270393  24043143133675
275137  4438397233237.8
275137  23592011397877
275137  23732229044040.2
279880  4513590568905.25
279880  23592011397858.2
279880  23732229043803.9
279880  24043499482469.6
284624  4588782146658.55
284624  23592011398293.9
284624  23732229043112.3
284624  24043682042840.2
289368  4663971845930.48
289368  23592011398140.1
289368  23732229043000.6
289368  24043868991714.7
294111  4739159731635.31
294111  23592011397735.6
294111  23732229043133.1
294111  24044059418738
298855  4814345702664.32
298855  23592011398170.1
298855  23732229042428.5
303599  4889529724671.05
303599  23592011398149.7
303599  23732229042170.6
303599  24044450415499.1
308343  4964711812827.6
308343  23592011398128.9
308343  23732229041908.2
308343  24044650907390.3
313086  5039891840209.95
313086  23592011397973.5
313086  23732229041774.7
313086  24044855412723.6
317830  5115069830022.67
317830  23592011398021.9
317830  23732229041434.2
317830  24045063844809.5
322574  5190245762297.94
322574  23592011398000.1
322574  23732229041158.6
327318  5265419496827.9
327318  23592011397978
327318  23732229040878.5
327318  24045491194235.7
332061  5340591088160.8
332061  23592011398410.2
332061  23732229040142.9
332061  24045709614390.7
336805  5415760488667.16
336805  23592011397868.2
336805  23732229040368.7
336805  24045933305446.4
341549  5490927573894.9
341549  23592011397845
341549  23732229040075.1
341549  24046159690961.4
346293  5566092388081.29
346293  23592011397891.4
346293  23732229039707.6
346293  24046390513880.6
351036  5641254883030.56
351036  23592011397867.5
351036  23732229039404.9
351036  24046624887238.2
355780  5716414933721.03
355780  23592011397324.1
355780  23732229039612.5
355780  24046863141388.1
360524  5791572578664.97
360524  23592011397754.2
360524  23732229038849.5
360524  24047105516263.8
365267  5866727770796.15
365267  23592011397729.3
365267  23732229038532.9
365267  24047351496118.1
370011  5941880396532.4
370011  23592011397319.2
370011  23732229038593.4
370011  24047601877393.1
374755  6017030465618.26
374755  23592011397748.2
374755  23732229037816.4
374755  24047855870302.4
379499  6092177940768.59
379499  23592011397587.9
379499  23732229037619
379499  24048114253749
384242  6167322737266.24
384242  23592011397561.5
384242  23732229037283.6
384242  24048376540377.3
388986  6242464808218.53
388986  23592011397604.6
388986  23732229036874.1
388986  24048642912359.1
393730  6317604138751.84
393730  23592011397443.2
393730  23732229036662.4
393730  24048913765187
398474  6392740677815.34
398474  23592011397415.7
398474  23732229036312.6
398474  24049188103737.2
403217  6467874315880.74
403217  23592011397457.7
403217  23732229035888.7
403217  24049467787355.8
407961  6543005056857.98
407961  23592011397429.5
407961  23732229035529.2
407961  24049750061256.2
412705  6618132852107.47
412705  23592011397721.3
412705  23732229034847.1
412705  24050038830694.6
417449  6693257644491.18
417449  23592011397307.6
417449  23732229034859.5
417449  24050330403294.1
422192  6768379332377.3
422192  23592011397143.9
422192  23732229034618.5
422192  24050627100363.9
426936  6843497913858.55
426936  23592011397568.9
426936  23732229033788.3
426936  24050928214562.7
431680  6918613333033.3
431680  23592011397019.7
431680  23732229033919
431680  24051232782201.9
436423  6993725533238.37
436423  23592011397444
436423  23732229033078.7
436423  24051543670484.7
441167  7068834421060.42
441167  23592011397028.3
441167  23732229033066.1
441167  24051857911218.3
445911  7143939966072.35
445911  23592011396478
445911  23732229033181.6
445911  24052176926316
450655  7219042119707.48
450655  23592011396901.1
450655  23732229032326.1
450655  24052501361888.7
455398  7294140822023.71
455398  23592011396869.1
455398  23732229031916.4
455398  24052829485689.1
460142  7369236012210.07
460142  23592011396906.6
460142  23732229031432.2
460142  24053162954797.1
464886  7444327597150.72
464886  23592011396739.5
464886  23732229031145.3
464886  24053501671621.1
469630  7519415542123.3
469630  23592011397161
469630  23732229030268.9
469630  24053844404356.7
474373  7594499999272.85
474373  7594500000721.16
474373  23592011396742.6
474373  23732229030219.9
474373  24054192289094.2
479117  7669580274044.98
479117  23592011396574.4
479117  23732229029917.2
479117  24054545988027.3
483861  7744656930929.68
483861  23592011396994.7
483861  23732229029024.8
483861  24054904020716.4
488605  7819729693388.79
488605  23592011396575.1
488605  23732229028959.8
488605  24055266520292.3
493348  7894798475332.41
493348  23592011396860.3
493348  23732229028189.8
493348  24055635584791.8
498092  7969863220829.07
498092  23592011396824.8
498092  23732229027732.1
498092  24056009569323.3
502836  8044923867957.14
502836  23592011396858.7
502836  23732229027199.7
502836  24056388324406.7
507579  8119980345850.95
507579  23592011396688
507579  23732229026864.2
507579  24056771979856.7
512323  8195032582493.98
512323  23592011396721
512323  23732229026320.7
512323  24057162157978.1
517067  8270080504692.08
517067  23592011396683.8
517067  23732229025840.8
517067  24057557765281.5
521811  8345124038045.84
521811  23592011396581.8
521811  23732229025419.1
521811  24057958558227
526554  8420163106926.19
526554  23592011396158.9
526554  23732229025309.6
526554  24058364661833.2
531298  8495197634428.77
531298  23592011396575.1
531298  23732229024361.6
531298  24058776199311.6
536042  8570227542352.28
536042  23592011396017.1
536042  23732229024373.8
536042  24059194229184
540786  8645252750195.26
540786  23592011396432.4
540786  23732229023414.2
540786  24059618268600.4
545529  8720273171900.7
545529  23592011396392.7
545529  23732229022899.8
545529  24060048001443.1
550273  8795288733065.48
550273  23592011396153.8
550273  23732229022576.6
550273  24060483545845.4
555017  8870299349914.25
555017  23592011396113.1
555017  23732229022050.3
555017  24060925016177.2
559761  8945304937211.86
559761  23592011396141.9
559761  23732229021448.8
559761  24061372526469.1
564504  9020305408202.27
564504  23592011395966.1
564504  23732229021043.7
564504  24061826188316
569248  9095300674583.36
569248  23592011396378.8
569248  23732229020048.3
569248  24062286111676.5
573992  9170290646452.46
573992  23592011395817.3
573992  23732229020012.7
573992  24062752404341.6
578735  9245275232287.53
578735  23592011396229.1
578735  23732229019005
578735  24063225572063.3
583479  9320254338875.58
583479  23592011395801
583479  23732229018823.7
583479  24063705249856.7
588223  9395227864166.1
588223  23592011396077.6
588223  23732229017936.8
588223  24064191499018
592967  9470195715519.38
592967  23592011395263.8
592967  23732229018124.7
592967  24064684419171.6
597710  9545157795856.55
597710  23592011395539.5
597710  23732229017225
597710  24065184106093.2
602454  9620114004824.97
602454  23592011395564.2
602454  23732229016567.4
602454  24065690653626.1
607198  9695064240181.61
607198  23592011395518.5
607198  23732229015972.6
607198  24066204153242.4
611942  9770008397727.02
611942  23592011395408
611942  23732229015435.2
611942  24066724693361.7
616685  9844946371246.24
616685  23592011395361.4
616685  23732229014827.3
616685  24067252397295.3
621429  9919878052474.62
621429  23592011395634.7
621429  23732229013895
621429  24067787827770.1
626173  9994803331030.15
626173  23592011395202.3
626173  23732229013655.5
626173  24068330659569.6
630917  10069722085964.9
630917  23592011395609
630917  23732229012576.6
630917  24068880970844.4
635660  10144634193094.8
635660  23592011395496
635660  23732229012005.8
635660  24069438835701.7
640404  10219539551539.4
640404  23592011395446.9
640404  23732229011364.2
640404  24070004325016.9
645148  10294438041890.7
645148  23592011395333
645148  23732229010779.6
645148  24070577506918.4
649891  10369329542328.3
649891  23592011395282.9
649891  23732229010124.1
649891  24071158445981
654635  10444213918082.8
654635  23592011394783.2
654635  23732229009907.2
654635  24071747204245
659379  10519091027882.9
659379  23592011395052.5
659379  23732229008919.8
659379  24072345289808.7
664123  10593960765567.8
664123  23592011394616.1
664123  23732229008624.7
664123  24072951461643.3
668866  10668822999011.8
668866  23592011394884.4
668866  23732229007622.9
668866  24073565726810.5
673610  10743677572834.6
673610  23592011394447
673610  23732229007313.4
673610  24074188132529.6
678354  10818524347382.2
678354  23592011394714.2
678354  23732229006297
678354  24074819768690.7
683098  10893363202807.4
683098  23592011394730.4
683098  23732229005521.6
683098  24075460684208.6
687841  10968193979955.1
687841  23592011394541.8
687841  23732229004941.4
687841  24076109968035.8
692585  11043016514403.8
692585  23592011394556.9
692585  23732229004151
692585  24076767917328.9
697329  11117830687900.7
697329  23592011394956.2
697329  23732229002971.3
697329  24077436519147.4
702073  11192636316396.2
702073  23592011394381.3
702073  23732229002749.9
702073  24078113678193.9
706816  11267433250609.4
706816  23592011394779.5
706816  23732229001554.8
706816  24078800148938
711560  11342221345041.5
711560  23592011394273.3
711560  23732229001248.4
711560  24079497354141.6
716304  11416999998579.2
716304  11417000001412.1
716304  23592011393831
716304  23732229000870.3
716304  24080203265401.6
721047  11491770276126.7
721047  23592011394093.2
721047  23732228999784.7
721047  24080920356459.4
725791  11566530766622
725791  23592011394104.3
725791  23732228998939.5
725791  24081646952809.1
730535  11641281740295.6
730535  23592011393910.8
730535  23732228998288.7
730535  24082384290147.7
735279  11716022964714
735279  23592011393920.7
735279  23732228997427.2
735279  24083132038684.9
740022  11790754306299.2
740022  23592011394180.6
740022  23732228996308.9
740022  24083890680905.5
744766  11865475515775.1
744766  23592011393600.4
744766  23732228996015
744766  24084660003663
749510  11940186453459
749510  23592011393859
749510  23732228994879.9
749510  24085440968871.1
754254  12014886881180.8
754254  23592011393866.6
754254  23732228993984.8
754254  24086232239086.6
758997  12089576612887
758997  23592011393284.7
758997  23732228993665.2
758997  24087036498579.8
763741  12164255450817.7
763741  23592011393291
763741  23732228992752.8
763741  24087851454654.2
768485  12238923138187.2
768485  23592011393162.4
768485  23732228991964.7
768485  24088678515319.7
773229  12313579496296
773229  23592011393552.1
773229  23732228990652.9
773229  24089518306905.3
777972  12388224297352.6
777972  23592011392967.6
777972  23732228990298.1
777972  24090369805175.8
782716  12462857281801.5
782716  23592011393356.1
782716  23732228988968.2
782716  24091233623854.3
787460  12537478234325.4
787460  23592011393224.9
787460  23732228988144.1
787460  24092111376242
792203  12612086916919.2
792203  23592011393227.3
792203  23732228987177.6
792203  24093001786109.4
796947  12686683079344.2
796947  23592011393024.9
796947  23732228986404.2
796947  24093905219041.8
801691  12761266461333.8
801691  23592011393026
801691  23732228985418.9
801691  24094822034193.7
806435  12835836791435.9
806435  23592011393276.8
806435  23732228984175.6
806435  24095752583164.5
811178  12910393816849.7
811178  23592011392891.8
811178  23732228983552.8
811178  24096697910406.4
815922  12984937261917
815922  23592011392301.9
815922  23732228983122.8
815922  24097657485259.1
820666  13059466844106.8
820666  23592011392684.9
820666  23732228981717
820666  24098631597607
825410  13133982273788.6
825410  23592011392413.9
825410  23732228980949.5
825410  24099620562065.4
830153  13208483253987.4
830153  23592011392795.4
830153  23732228979523.7
830153  24100624682961.4
834897  13282969480202.3
834897  23592011392202.6
834897  23732228979053.7
834897  24101644256037.3
839641  13357440640085.8
839641  23592011392063.7
839641  23732228978122.4
839641  24102679564992.4
844385  13431896413222.4
844385  23592011392443
844385  23732228976665.8
844385  24103730882070.6
849128  13506336470874.3
849128  23592011392302.6
849128  23732228975713.6
849128  24104799094305.7
853872  13580760475681.6
853872  23592011391841.1
853872  23732228975068.6
853872  24105884276747.8
858616  13655168062764.5
858616  23592011391699.1
858616  23732228974095
858616  24106986416158.9
863360  13729558889292.3
863360  23592011391690.6
863360  23732228972977.4
863360  24108105736495.9
868103  13803932592642.6
868103  23592011391547
868103  23732228971982
868103  24109242447592.6
872847  13878288797970.3
872847  23592011391921.6
872847  23732228970460.6
872847  24110398588668.1
877591  13952627092857.8
877591  23592011391776.4
877591  23732228969442.9
877591  24111572794420.5
882334  14026947096757.5
882334  23592011391175.8
882334  23732228968864.8
882334  24112765324110.9
887078  14101248411551
887078  23592011391547.9
887078  23732228967309.3
887078  24113978551977.8
891822  14175530572289.2
891822  23592011391400.2
891822  23732228966257.1
891822  24115210401377
896566  14249793193362.3
896566  23592011391251.6
896566  23732228965193.1
896566  24116463564867.3
901309  14324035786548
901309  23592011391102.1
901309  23732228964117.3
901309  24117736253297.1
906053  14398257931216.6
906053  23592011390497.3
906053  23732228963480.3
906053  24119031415248.5
910797  14472459106965.8
910797  23592011390480.3
910797  23732228962247
910797  24120347277860.1
915541  14546638866715
915541  23592011390712.9
915541  23732228960752.9
915541  24121685394035.7
920284  14620796692520.4
920284  23592011390239.6
920284  23732228959945.8
920284  24123046627736.3
925028  14694932053009.3
925028  23592011390085.6
925028  23732228958808.3
925028  24124430574368.2
929772  14769044434600.9
929772  23592011390315.4
929772  23732228957276.3
929772  24125837959115.8
934516  14843133284091.3
934516  23592011390293.8
934516  23732228955979.8
934516  24127269486510.5
939259  14917198031979
939259  23592011389682.4
939259  23732228955254.5
939259  24128726111075.1
944003  14991238091978.3
944003  23592011389658.8
944003  23732228953931.7
944003  24130208145229.1
948747  15065252859708.1
948747  23592011389500
948747  23732228952728.7
948747  24131715995020.2
953490  15139241715016.7
953490  23592011389340.2
953490  23732228951512
953490  24133250265933.7
958234  15213204015389.6
958234  23592011389313.6
958234  23732228950148.5
958234  24134812212765.6
962978  15287139101173.2
962978  23592011389402.1
962978  23732228948655.7
962978  24136401995341.8
967722  15361046291852.2
967722  23592011389239.1
967722  23732228947397.3
967722  24138020129100.6
972465  15434924885869
972465  23592011389209.4
972465  23732228945991.4
972465  24139667096574.7
977209  15508774159854.1
977209  23592011389044.3
977209  23732228944704.2
977209  24141344363045.7
981953  15582593335513.5
981953  23592011389012.3
981953  23732228943269.2
981953  24143052530153.9
986697  15656381664323.5
986697  23592011388390.5
986697  23732228942403.5
986697  24144791509832.1
991440  15730138334215.5
991440  23592011388222
991440  23732228941071.7
991440  24146563623665.9
996184  15803862515017.4
996184  23592011388186.7
996184  23732228939591.6
996184  24148368280419
1.00093e+06  15877553347529.1
1.00093e+06  23592011388400.5
1.00093e+06  23732228937847.5
1.00093e+06  24150206775274.7
1.00567e+06  15951209960330.6
1.00567e+06  23592011388228.5
1.00567e+06  23732228936469.4
1.00567e+06  24152080749428
1.01042e+06  16024831413600.3
1.01042e+06  23592011388189.6
1.01042e+06  23732228934942.3
1.01042e+06  24153990165505.1
1.01516e+06  16098416769508.4
1.01516e+06  23592011388015.2
1.01516e+06  23732228933532.3
1.01516e+06  24155936174520.1
1.0199e+06  16171965051182.6
1.0199e+06  23592011388224.1
1.0199e+06  23732228931724.4
1.0199e+06  24157919878061.2
1.02465e+06  16245475240844.7
1.02465e+06  23592011387662.6
1.02465e+06  23732228930663.3
1.02465e+06  24159942325689
1.02939e+06  16318946286622
1.02939e+06  23592011387484.3
1.02939e+06  23732228929203.8
1.02939e+06  24162004513002.9
1.03413e+06  16392377101037.7
1.03413e+06  23592011387304.8
1.03413e+06  23732228927727.3
1.03413e+06  24164107376803
1.03888e+06  16465766559691.6
1.03888e+06  23592011387642.8
1.03888e+06  23732228925718.8
1.03888e+06  24166251812849.7
1.04362e+06  16539113472423.9
1.04362e+06  23592011387460.6
1.04362e+06  23732228924207.7
1.04362e+06  24168440413236.4
1.04837e+06  16612416651483.4
1.04837e+06  23592011387277
1.04837e+06  23732228922679
1.04837e+06  24170672520625.1
1.05311e+06  16685674840162
1.05311e+06  23592011387226.2
1.05311e+06  23732228920999.1
1.05311e+06  24172950710090.1
1.05785e+06  16758886722544.7
1.05785e+06  23592011386655.1
1.05785e+06  23732228919815.9
1.05785e+06  24175275058775.5
1.0626e+06  16832050958088.9
1.0626e+06  23592011386851.9
1.0626e+06  23732228917850.9
1.0626e+06  24177648348603.7
1.06734e+06  16905166151416.4
1.06734e+06  23592011386796.8
1.06734e+06  23732228916115.7
1.06734e+06  24180071141308.1
1.07208e+06  16978230841905.8
1.07208e+06  23592011386605.9
1.07208e+06  23732228914494.8
1.07208e+06  24182544871354
1.07683e+06  17051243516310.8
1.07683e+06  23592011386413.5
1.07683e+06  23732228912854.6
1.07683e+06  24185071118346.6
1.08157e+06  17124202606782.3
1.08157e+06  23592011386219.6
1.08157e+06  23732228911194.9
1.08157e+06  24187651370276.5
1.08631e+06  17197106488248.2
1.08631e+06  23592011386408.6
1.08631e+06  23732228909133.7
1.08631e+06  24190287346131.7
1.09106e+06  17269953476046.7
1.09106e+06  23592011386211.5
1.09106e+06  23732228907434.1
1.09106e+06  24192981366014.5
1.0958e+06  17342741821726.9
1.0958e+06  23592011385628.1
1.0958e+06  23732228906095.8
1.0958e+06  24195733720874.6
1.10055e+06  17415469662989
1.10055e+06  23592011385561.9
1.10055e+06  23732228904221.9
1.10055e+06  24198548028659.7
1.10529e+06  17488135137485.9
1.10529e+06  23592011385359.7
1.10529e+06  23732228902460.2
1.10529e+06  24201424776336.8
1.11003e+06  17560736258567
1.11003e+06  23592011385155.8
1.11003e+06  23732228900677.3
1.11003e+06  24204366348449.2
1.11478e+06  17633270958232.7
1.11478e+06  23592011385334.7
1.11478e+06  23732228898490.9
1.11478e+06  24207374992335.1
1.11952e+06  17705737106441.3
1.11952e+06  23592011385261.4
1.11952e+06  23732228896531.1
1.11952e+06  24210452815565.7
1.12426e+06  17778132465741.8
1.12426e+06  23592011385052.1
1.12426e+06  23732228894682.3
1.12426e+06  24213601772699.9
1.12901e+06  17850454729456.9
1.12901e+06  23592011384456.3
1.12901e+06  23732228893192.4
1.12901e+06  24216824257533.7
1.13375e+06  17922701487357.4
1.13375e+06  23592011384243.2
1.13375e+06  23732228891297.9
1.13375e+06  24220123079415.2
1.1385e+06  17994870198301.6
1.1385e+06  23592011384162.4
1.1385e+06  23732228889246.8
1.1385e+06  24223500448560.8
1.14324e+06  18066958251959.5
1.14324e+06  23592011384195.6
1.14324e+06  23732228887056.7
1.14324e+06  24226958863201.2
1.14798e+06  18138962913120.8
1.14798e+06  23592011383976.5
1.14798e+06  23732228885091
1.14798e+06  24230501216167.4
1.15273e+06  18210881327635.8
1.15273e+06  23592011383755.4
1.15273e+06  23732228883100.9
1.15273e+06  24234130191626.7
1.15747e+06  18282710519060.6
1.15747e+06  23592011383666.3
1.15747e+06  23732228880952.7
1.15747e+06  24237848990121.5
1.16221e+06  18354447362277.4
1.16221e+06  23592011383056.3
1.16221e+06  23732228879294.1
1.16221e+06  24241660654644.9
1.16696e+06  18426088637763.8
1.16696e+06  23592011382828.7
1.16696e+06  23732228877228.1
1.16696e+06  24245568578170.6
1.1717e+06  18497630950175.5
1.1717e+06  23592011383053.1
1.1717e+06  23732228874685.2
1.1717e+06  24249575805044.3
1.17645e+06  18569070756834.5
1.17645e+06  23592011382955.1
1.17645e+06  23732228872433.4
1.17645e+06  24253685836435.7
1.18119e+06  18640404369491
1.18119e+06  23592011383105
1.18119e+06  23732228869906.3
1.18119e+06  24257902946815.2
1.18119e+06  18640404369491
1.18119e+06  23592011383105
1.18119e+06  23732228869906.3
1.18119e+06  24257902946815.2
1.19305e+06  18818248013613.9
1.19305e+06  23592011382609.9
1.19305e+06  23732228864320.6
1.19305e+06  24268937872258.7
1.19305e+06  18818248013613.9
1.19305e+06  23592011382609.9
1.19305e+06  23732228864320.6
1.19305e+06  24268937872258.7
1.20491e+06  18995337942807.2
1.20491e+06  23592011381510.4
1.20491e+06  23732228859140.7
1.20491e+06  24280729192858.4
1.20491e+06  18995337942807.2
1.20491e+06  23592011381510.4
1.20491e+06  23732228859140.7
1.20491e+06  24280729192858.4
1.20491e+06  18995337942807.2
1.20491e+06  23592011381510.4
1.20491e+06  23732228859140.7
1.20491e+06  24280729192858.4
1.21677e+06  19171601036165.5
1.21677e+06  23592011381367
1.21677e+06  23732228852808.9
1.21677e+06  24293350887470.2
1.21677e+06  19171601036165.5
1.21677e+06  23592011381367
1.21677e+06  23732228852808.9
1.21677e+06  24293350887470.2
1.22863e+06  19346955282303
1.22863e+06  23592011380821.4
1.22863e+06  23732228846664.6
1.22863e+06  24306884263799.6
1.22863e+06  19346955282303
1.22863e+06  23592011380821.4
1.22863e+06  23732228846664.6
1.22863e+06  24306884263799.6
1.22863e+06  19346955282303
1.22863e+06  23592011380821.4
1.22863e+06  23732228846664.6
1.22863e+06  24306884263799.6
1.24049e+06  19521308600548.9
1.24049e+06  23592011380256.8
1.24049e+06  23732228840317.6
1.24049e+06  24321421501473
1.24049e+06  19521308600548.9
1.24049e+06  23592011380256.8
1.24049e+06  23732228840317.6
1.24049e+06  24321421501473
1.25235e+06  19694557422711
1.25235e+06  23592011379922.2
1.25235e+06  23732228833510.3
1.25235e+06  24337066086098.5
1.25235e+06  19694557422711
1.25235e+06  23592011379922.2
1.25235e+06  23732228833510.3
1.25235e+06  24337066086098.5
1.25235e+06  19694557422711
1.25235e+06  23592011379922.2
1.25235e+06  23732228833510.3
1.25235e+06  24337066086098.5
1.2642e+06  19866585223823.5
1.2642e+06  23592011378931.7
1.2642e+06  23732228827111.5
1.2642e+06  24353934552400.2
1.2642e+06  19866585223823.5
1.2642e+06  23592011378931.7
1.2642e+06  23732228827111.5
1.2642e+06  24353934552400.2
1.27606e+06  20037260717761.8
1.27606e+06  23592011378687.1
1.27606e+06  23732228819717.6
1.27606e+06  24372158058545.9
1.27606e+06  20037260717761.8
1.27606e+06  23592011378687.1
1.27606e+06  23732228819717.6
1.27606e+06  24372158058545.9
1.27606e+06  20037260717761.8
1.27606e+06  23592011378687.1
1.27606e+06  23732228819717.6
1.27606e+06  24372158058545.9
1.28792e+06  20206435917937.2
1.28792e+06  23592011377579.5
1.28792e+06  23732228812913.6
1.28792e+06  24391884788554.2
1.28792e+06  20206435917937.2
1.28792e+06  23592011377579.5
1.28792e+06  23732228812913.6
1.28792e+06  24391884788554.2
1.29978e+06  20373944161808.2
1.29978e+06  23592011376765.9
1.29978e+06  23732228805537.4
1.29978e+06  24413281026455
1.29978e+06  20373944161808.2
1.29978e+06  23592011376765.9
1.29978e+06  23732228805537.4
1.29978e+06  24413281026455
1.29978e+06  20373944161808.2
1.29978e+06  23592011376765.9
1.29978e+06  23732228805537.4
1.29978e+06  24413281026455
1.31164e+06  20539597752905.5
1.31164e+06  23592011376308.6
1.31164e+06  23732228797512.7
1.31164e+06  24436535006781.1
1.31164e+06  20539597752905.5
1.31164e+06  23592011376308.6
1.31164e+06  23732228797512.7
1.31164e+06  24436535006781.1
1.3235e+06  20703185717042.1
1.3235e+06  23592011375186.8
1.3235e+06  23732228789838
1.3235e+06  24461857015492
1.3235e+06  20703185717042.1
1.3235e+06  23592011375186.8
1.3235e+06  23732228789838
1.3235e+06  24461857015492
1.3235e+06  20703185717042.1
1.3235e+06  23592011375186.8
1.3235e+06  23732228789838
1.3235e+06  24461857015492
1.33536e+06  20864471480703.2
1.33536e+06  23592011374801.4
1.33536e+06  23732228781105.7
1.33536e+06  24489484017915.7
1.33536e+06  20864471480703.2
1.33536e+06  23592011374801.4
1.33536e+06  23732228781105.7
1.33536e+06  24489484017915.7
1.34722e+06  21023190883108.1
1.34722e+06  23592011373478.4
1.34722e+06  23732228772960.5
1.34722e+06  24519679828873
1.34722e+06  21023190883108.1
1.34722e+06  23592011373478.4
1.34722e+06  23732228772960.5
1.34722e+06  24519679828873
1.34722e+06  21023190883108.1
1.34722e+06  23592011373478.4
1.34722e+06  23732228772960.5
1.34722e+06  24519679828873
1.35908e+06  21179050379146.8
1.35908e+06  23592011373020.5
1.35908e+06  23732228763593.1
1.35908e+06  24552738149782
1.35908e+06  21179050379146.8
1.35908e+06  23592011373020.5
1.35908e+06  23732228763593.1
1.35908e+06  24552738149782
1.37094e+06  21331726372812
1.37094e+06  23592011372137.7
1.37094e+06  23732228754264.4
1.37094e+06  24588982818421.1
1.37094e+06  21331726372812
1.37094e+06  23592011372137.7
1.37094e+06  23732228754264.4
1.37094e+06  24588982818421.1
1.37094e+06  21331726372812
1.37094e+06  23592011372137.7
1.37094e+06  23732228754264.4
1.37094e+06  24588982818421.1
1.3828e+06  21480865351199.3
1.3828e+06  23592011371076.5
1.3828e+06  23732228744707.2
1.3828e+06  24628766654813.8
1.3828e+06  21480865351199.3
1.3828e+06  23592011371076.5
1.3828e+06  23732228744707.2
1.3828e+06  24628766654813.8
1.39466e+06  21626086261246.1
1.39466e+06  23592011370421.3
1.39466e+06  23732228734317.3
1.39466e+06  24672471362527.9
1.39466e+06  21626086261246.1
1.39466e+06  23592011370421.3
1.39466e+06  23732228734317.3
1.39466e+06  24672471362527.9
1.39466e+06  21626086261246.1
1.39466e+06  23592011370421.3
1.39466e+06  23732228734317.3
1.39466e+06  24672471362527.9
1.40652e+06  21766984886700.7
1.40652e+06  23592011369009.5
1.40652e+06  23732228724223.5
1.40652e+06  24720499999733.8
1.40652e+06  24720500000288.2
1.40652e+06  21766984886700.7
1.40652e+06  23592011369009.5
1.40652e+06  23732228724223.5
1.40652e+06  24720499999733.8
1.40652e+06  24720500000288.2
1.41838e+06  21903141477553.6
1.41838e+06  23592011368174.7
1.41838e+06  23732228713073.1
1.41838e+06  24773274352227.1
1.41838e+06  21903141477553.6
1.41838e+06  23592011368174.7
1.41838e+06  23732228713073.1
1.41838e+06  24773274352227.1
1.41838e+06  21903141477553.6
1.41838e+06  23592011368174.7
1.41838e+06  23732228713073.1
1.41838e+06  24773274352227.1
1.43024e+06  22034131725316.5
1.43024e+06  23592011366642.7
1.43024e+06  23732228702101.2
1.43024e+06  24831216892185.9
1.43024e+06  22034131725316.5
1.43024e+06  23592011366642.7
1.43024e+06  23732228702101.2
1.43024e+06  24831216892185.9
1.44209e+06  22159541534280.7
1.44209e+06  23592011365745.3
1.44209e+06  23732228689951.3
1.44209e+06  24894742205741.2
1.44209e+06  22159541534280.7
1.44209e+06  23592011365745.3
1.44209e+06  23732228689951.3
1.44209e+06  24894742205741.2
1.44209e+06  22159541534280.7
1.44209e+06  23592011365745.3
1.44209e+06  23732228689951.3
1.44209e+06  24894742205741.2
1.45395e+06  22278984953415.6
1.45395e+06  23592011364701.6
1.45395e+06  23732228677362.6
1.45395e+06  24964236289693.2
1.45395e+06  22278984953415.6
1.45395e+06  23592011364701.6
1.45395e+06  23732228677362.6
1.45395e+06  24964236289693.2
1.46581e+06  22392124222412.3
1.46581e+06  23592011362939.1
1.46581e+06  23732228664864.3
1.46581e+06  25040036921823.6
1.46581e+06  22392124222412.3
1.46581e+06  23592011362939.1
1.46581e+06  23732228664864.3
1.46581e+06  25040036921823.6
1.46581e+06  22392124222412.3
1.46581e+06  23592011362939.1
1.46581e+06  23732228664864.3
1.46581e+06  25040036921823.6
1.47767e+06  22498690097313.4
1.47767e+06  23592011361786
1.47767e+06  23732228651092.4
1.47767e+06  25122413165430.9
1.47767e+06  22498690097313.4
1.47767e+06  23592011361786
1.47767e+06  23732228651092.4
1.47767e+06  25122413165430.9
1.48953e+06  22598499998333.4
1.48953e+06  22598500001680.1
1.48953e+06  23592011359689.9
1.48953e+06  23732228637541.3
1.48953e+06  25211547703027.4
1.48953e+06  22598499998333.4
1.48953e+06  22598500001680.1
1.48953e+06  23592011359689.9
1.48953e+06  23732228637541.3
1.48953e+06  25211547703027.4
1.48953e+06  22598499998333.4
1.48953e+06  22598500001680.1
1.48953e+06  23592011359689.9
1.48953e+06  23732228637541.3
1.48953e+06  25211547703027.4
1.50139e+06  22691470945955.6
1.50139e+06  23592011358830.9
1.50139e+06  23732228621990.3
1.50139e+06  25307523229040.6
1.50139e+06  22691470945955.6
1.50139e+06  23592011358830.9
1.50139e+06  23732228621990.3
1.50139e+06  25307523229040.6
1.51325e+06  22777626690246.1
1.51325e+06  23592011356483.4
1.51325e+06  23732228607089.5
1.51325e+06  25410316294202.6
1.51325e+06  22777626690246.1
1.51325e+06  23592011356483.4
1.51325e+06  23732228607089.5
1.51325e+06  25410316294202.6
1.51325e+06  22777626690246.1
1.51325e+06  23592011356483.4
1.51325e+06  23732228607089.5
1.51325e+06  25410316294202.6
1.52511e+06  22857094795116.7
1.52511e+06  23592011354822.1
1.52511e+06  23732228590610.3
1.52511e+06  25519799163802.5
1.52511e+06  22857094795116.7
1.52511e+06  23592011354822.1
1.52511e+06  23732228590610.3
1.52511e+06  25519799163802.5
1.53697e+06  22930097884547.5
1.53697e+06  23592011352151.6
1.53697e+06  23732228574164.2
1.53697e+06  25635749214687.7
1.53697e+06  22930097884547.5
1.53697e+06  23592011352151.6
1.53697e+06  23732228574164.2
1.53697e+06  25635749214687.7
1.53697e+06  22930097884547.5
1.53697e+06  23592011352151.6
1.53697e+06  23732228574164.2
1.53697e+06  25635749214687.7
1.54883e+06  22996937626673.5
1.54883e+06  23592011350254.8
1.54883e+06  23732228555894.5
1.54883e+06  25757864754205
1.54883e+06  22996937626673.5
1.54883e+06  23592011350254.8
1.54883e+06  23732228555894.5
1.54883e+06  25757864754205
1.56069e+06  23057975474027
1.56069e+06  23592011347025.6
1.56069e+06  23732228537801.1
1.56069e+06  25885784271649.9
1.56069e+06  23057975474027
1.56069e+06  23592011347025.6
1.56069e+06  23732228537801.1
1.56069e+06  25885784271649.9
1.56069e+06  23057975474027
1.56069e+06  23592011347025.6
1.56069e+06  23732228537801.1
1.56069e+06  25885784271649.9
1.57255e+06  23113612143345.9
1.57255e+06  23592011344183
1.57255e+06  23732228518065.9
1.57255e+06  26019107120883.3
1.57255e+06  23113612143345.9
1.57255e+06  23592011344183
1.57255e+06  23732228518065.9
1.57255e+06  26019107120883.3
1.58441e+06  23164268281523.7
1.58441e+06  23592011340966
1.58441e+06  23732228497322
1.58441e+06  26157412678194.4
1.58441e+06  23164268281523.7
1.58441e+06  23592011340966
1.58441e+06  23732228497322
1.58441e+06  26157412678194.4
1.58441e+06  23164268281523.7
1.58441e+06  23592011340966
1.58441e+06  23732228497322
1.58441e+06  26157412678194.4
1.59627e+06  23210367314680.2
1.59627e+06  23592011337765.3
1.59627e+06  23732228475036.8
1.59627e+06  26300277056022.9
1.59627e+06  23210367314680.2
1.59627e+06  23592011337765.3
1.59627e+06  23732228475036.8
1.59627e+06  26300277056022.9
1.60813e+06  23252323830113.3
1.60813e+06  23592011333290.2
1.60813e+06  23732228452326.9
1.60813e+06  26447286185675.6
1.60813e+06  23252323830113.3
1.60813e+06  23592011333290.2
1.60813e+06  23732228452326.9
1.60813e+06  26447286185675.6
1.60813e+06  23252323830113.3
1.60813e+06  23592011333290.2
1.60813e+06  23732228452326.9
1.60813e+06  26447286185675.6
1.61999e+06  23290532158705.4
1.61999e+06  23592011329121.2
1.61999e+06  23732228427419.4
1.61999e+06  26598045259778.2
1.61999e+06  23290532158705.4
1.61999e+06  23592011329121.2
1.61999e+06  23732228427419.4
1.61999e+06  26598045259778.2
1.63184e+06  23325362138273.1
1.63184e+06  23592011324054.5
1.63184e+06  23732228401273.9
1.63184e+06  26752184907663.4
1.63184e+06  23325362138273.1
1.63184e+06  23592011324054.5
1.63184e+06  23732228401273.9
1.63184e+06  26752184907663.4
1.63184e+06  23325362138273.1
1.63184e+06  23592011324054.5
1.63184e+06  23732228401273.9
1.63184e+06  26752184907663.4
1.6437e+06  23357153925099.5
1.6437e+06  23592011318298.1
1.6437e+06  23732228373391
1.6437e+06  26909364622766.3
1.6437e+06  23357153925099.5
1.6437e+06  23592011318298.1
1.6437e+06  23732228373391
1.6437e+06  26909364622766.3
1.65556e+06  23386218105476.3
1.65556e+06  23592011310823.5
1.65556e+06  23732228344432.1
1.65556e+06  27069274023834.8
1.65556e+06  23386218105476.3
1.65556e+06  23592011310823.5
1.65556e+06  23732228344432.1
1.65556e+06  27069274023834.8
1.65556e+06  23386218105476.3
1.65556e+06  23592011310823.5
1.65556e+06  23732228344432.1
1.65556e+06  27069274023834.8
1.66742e+06  23412834614221.1
1.66742e+06  23592011303005.4
1.66742e+06  23732228312559.7
1.66742e+06  27231632634493.4
1.66742e+06  23412834614221.1
1.66742e+06  23592011303005.4
1.66742e+06  23732228312559.7
1.66742e+06  27231632634493.4
1.67928e+06  23437256114788.8
1.67928e+06  23592011292808.1
1.67928e+06  23732228279191
1.67928e+06  27396188626554.4
1.67928e+06  23437256114788.8
1.67928e+06  23592011292808.1
1.67928e+06  23732228279191
1.67928e+06  27396188626554.4
1.67928e+06  23437256114788.8
1.67928e+06  23592011292808.1
1.67928e+06  23732228279191
1.67928e+06  27396188626554.4
1.69114e+06  23459706641066.2
1.69114e+06  23592011280775.9
1.69114e+06  23732228242940.2
1.69114e+06  27562716949047.4
1.69114e+06  23459706641066.2
1.69114e+06  23592011280775.9
1.69114e+06  23732228242940.2
1.69114e+06  27562716949047.4
1.703e+06  23480386877195.6
1.703e+06  23592011264676.4
1.703e+06  23732228204829.5
1.703e+06  27731017133236.9
1.703e+06  23480386877195.6
1.703e+06  23592011264676.4
1.703e+06  23732228204829.5
1.703e+06  27731017133236.9
1.703e+06  23480386877195.6
1.703e+06  23592011264676.4
1.703e+06  23732228204829.5
1.703e+06  27731017133236.9
1.71486e+06  23499475375754.5
1.71486e+06  23592011244347
1.71486e+06  23732228163172.4
1.71486e+06  27900910994037.7
1.71486e+06  23499475375754.5
1.71486e+06  23592011244347
1.71486e+06  23732228163172.4
1.71486e+06  27900910994037.7
1.72672e+06  23592011216332.9
1.72672e+06  23732228118374.9
1.72672e+06  28072240333414.1
1.72672e+06  23592011216332.9
1.72672e+06  23732228118374.9
1.72672e+06  28072240333414.1
1.72672e+06  23592011216332.9
1.72672e+06  23732228118374.9
1.72672e+06  28072240333414.1
1.73858e+06  23533491728881.6
1.73858e+06  23592011175807.5
1.73858e+06  23732228069679.4
1.73858e+06  28244864760205.3
1.73858e+06  23533491728881.6
1.73858e+06  23592011175807.5
1.73858e+06  23732228069679.4
1.73858e+06  28244864760205.3
1.75044e+06  23592011110683.8
1.75044e+06  23732228017388.7
1.75044e+06  28418659694896.9
1.75044e+06  23592011110683.8
1.75044e+06  23732228017388.7
1.75044e+06  28418659694896.9
1.75044e+06  23592011110683.8
1.75044e+06  23732228017388.7
1.75044e+06  28418659694896.9
1.7623e+06  23562819464574.9
1.7623e+06  23592010991210.1
1.7623e+06  23732227960314.1
1.7623e+06  28593514501490.1
1.7623e+06  23562819464574.9
1.7623e+06  23592010991210.1
1.7623e+06  23732227960314.1
1.7623e+06  28593514501490.1
1.77416e+06  23575989713061.8
1.77416e+06  23592010698618.7
1.77416e+06  23732227897948.4
1.77416e+06  28769330858573.3
1.77416e+06  23575989713061.8
1.77416e+06  23592010698618.7
1.77416e+06  23732227897948.4
1.77416e+06  28769330858573.3
1.77416e+06  23575989713061.8
1.77416e+06  23592010698618.7
1.77416e+06  23732227897948.4
1.77416e+06  28769330858573.3
1.78602e+06  23588285788661.7
1.78602e+06  23592008862931.9
1.78602e+06  23732227829279.9
1.78602e+06  28946021261392.6
1.78602e+06  23588285788661.7
1.78602e+06  23592008862931.9
1.78602e+06  23732227829279.9
1.78602e+06  28946021261392.6
1.79788e+06  23592012927053.8
1.79788e+06  23732227754719.1
1.79788e+06  29123507747958.4
1.79788e+06  23592012927053.8
1.79788e+06  23732227754719.1
1.79788e+06  29123507747958.4
1.79788e+06  23592012927053.8
1.79788e+06  23732227754719.1
1.79788e+06  29123507747958.4
1.80973e+06  23592011982895.1
1.80973e+06  23610598493910.7
1.80973e+06  23732227670408.5
1.80973e+06  29301720734157.6
1.80973e+06  23592011982895.1
1.80973e+06  23610598493910.7
1.80973e+06  23732227670408.5
1.80973e+06  29301720734157.6
1.82159e+06  23592011757500.5
1.82159e+06  23620715247879
1.82159e+06  23732227577861.6
1.82159e+06  29480597999511.9
1.82159e+06  23592011757500.5
1.82159e+06  23620715247879
1.82159e+06  23732227577861.6
1.82159e+06  29480597999511.9
1.82159e+06  23592011757500.5
1.82159e+06  23620715247879
1.82159e+06  23732227577861.6
1.82159e+06  29480597999511.9
1.83345e+06  23592011656556
1.83345e+06  23630228563243
1.83345e+06  23732227473794.9
1.83345e+06  29660083841446.9
1.83345e+06  23592011656556
1.83345e+06  23630228563243
1.83345e+06  23732227473794.9
1.83345e+06  29660083841446.9
1.84531e+06  23592011599565.2
1.84531e+06  23639186086140.8
1.84531e+06  23732227356091.8
1.84531e+06  29840128272676.6
1.84531e+06  23592011599565.2
1.84531e+06  23639186086140.8
1.84531e+06  23732227356091.8
1.84531e+06  29840128272676.6
1.84531e+06  23592011599565.2
1.84531e+06  23639186086140.8
1.84531e+06  23732227356091.8
1.84531e+06  29840128272676.6
1.85717e+06  23592011562438.3
1.85717e+06  23647631493121.1
1.85717e+06  23732227222889.3
1.85717e+06  30020686363161.5
1.85717e+06  23592011562438.3
1.85717e+06  23647631493121.1
1.85717e+06  23732227222889.3
1.85717e+06  30020686363161.5
1.86903e+06  23592011536748.6
1.86903e+06  23655604951806.3
1.86903e+06  23732227069960.6
1.86903e+06  30201717650594.7
1.86903e+06  23592011536748.6
1.86903e+06  23655604951806.3
1.86903e+06  23732227069960.6
1.86903e+06  30201717650594.7
1.86903e+06  23592011536748.6
1.86903e+06  23655604951806.3
1.86903e+06  23732227069960.6
1.86903e+06  30201717650594.7
1.88089e+06  23592011517157.7
1.88089e+06  23663142876304.9
1.88089e+06  23732226893691.3
1.88089e+06  30383185628152.1
1.88089e+06  23592011517157.7
1.88089e+06  23663142876304.9
1.88089e+06  23732226893691.3
1.88089e+06  30383185628152.1
1.89275e+06  23592011503065.6
1.89275e+06  23732226686271.3
1.89275e+06  30565057299244.7
1.89275e+06  23592011503065.6
1.89275e+06  23732226686271.3
1.89275e+06  30565057299244.7
1.89275e+06  23592011503065.6
1.89275e+06  23732226686271.3
1.89275e+06  30565057299244.7
1.90461e+06  23592011490897.3
1.90461e+06  23677043492229.1
1.90461e+06  23732226441495.1
1.90461e+06  30747302789833.5
1.90461e+06  23592011490897.3
1.90461e+06  23677043492229.1
1.90461e+06  23732226441495.1
1.90461e+06  30747302789833.5
1.91647e+06  23592011481359.3
1.91647e+06  23683462313111.6
1.91647e+06  23732226146049.4
1.91647e+06  30929894979139.9
1.91647e+06  23592011481359.3
1.91647e+06  23683462313111.6
1.91647e+06  23732226146049.4
1.91647e+06  30929894979139.9
1.91647e+06  23592011481359.3
1.91647e+06  23683462313111.6
1.91647e+06  23732226146049.4
1.91647e+06  30929894979139.9
1.92833e+06  23592011473613.7
1.92833e+06  23689560561451.4
1.92833e+06  23732225783057.3
1.92833e+06  31112809239022.1
1.92833e+06  23592011473613.7
1.92833e+06  23689560561451.4
1.92833e+06  23732225783057.3
1.92833e+06  31112809239022.1
1.94019e+06  23592011466455.2
1.94019e+06  23732225327367.6
1.94019e+06  31296023127173.7
1.94019e+06  23592011466455.2
1.94019e+06  23732225327367.6
1.94019e+06  31296023127173.7
1.94019e+06  23592011466455.2
1.94019e+06  23732225327367.6
1.94019e+06  31296023127173.7
1.95205e+06  23592011460964.2
1.95205e+06  23732224736394.4
1.95205e+06  31479516193343
1.95205e+06  23592011460964.2
1.95205e+06  23732224736394.4
1.95205e+06  31479516193343
1.96391e+06  23592011456233.4
1.96391e+06  23706146453258.1
1.96391e+06  23732223941054
1.96391e+06  31663269748705.4
1.96391e+06  23592011456233.4
1.96391e+06  23706146453258.1
1.96391e+06  23732223941054
1.96391e+06  31663269748705.4
1.96391e+06  23592011456233.4
1.96391e+06  23706146453258.1
1.96391e+06  23732223941054
1.96391e+06  31663269748705.4
1.97577e+06  23592011451407.2
1.97577e+06  23711168040386.1
1.97577e+06  23732222813950.1
1.97577e+06  31847266680869.2
1.97577e+06  23592011451407.2
1.97577e+06  23711168040386.1
1.97577e+06  23732222813950.1
1.97577e+06  31847266680869.2
1.98762e+06  23592011447793.8
1.98762e+06  23732221090314.4
1.98762e+06  32031491313647.3
1.98762e+06  23592011447793.8
1.98762e+06  23732221090314.4
1.98762e+06  32031491313647.3
1.98762e+06  23592011447793.8
1.98762e+06  23732221090314.4
1.98762e+06  32031491313647.3
1.99948e+06  23592011444275.5
1.99948e+06  23720552298858.8
1.99948e+06  23732218129962.9
1.99948e+06  32215929267301.5
1.99948e+06  23592011444275.5
1.99948e+06  23720552298858.8
1.99948e+06  23732218129962.9
1.99948e+06  32215929267301.5
2.01134e+06  23592011440972.2
2.01134e+06  23732211858693.4
2.01134e+06  32400567306032.1
2.01134e+06  23592011440972.2
2.01134e+06  23732211858693.4
2.01134e+06  32400567306032.1
2.01134e+06  23592011440972.2
2.01134e+06  23732211858693.4
2.01134e+06  32400567306032.1
2.0232e+06  23592011438035.7
2.0232e+06  23729153470068.7
2.0232e+06  23732189761637.2
2.0232e+06  32585393249439.6
2.0232e+06  23592011438035.7
2.0232e+06  23729153470068.7
2.0232e+06  23732189761637.2
2.0232e+06  32585393249439.6
2.03506e+06  23592011435030.4
2.03506e+06  23732362953950.4
2.03506e+06  32770395863802.9
2.03506e+06  23592011435030.4
2.03506e+06  23732362953950.4
2.03506e+06  32770395863802.9
2.03506e+06  23592011435030.4
2.03506e+06  23732362953950.4
2.03506e+06  32770395863802.9
2.04692e+06  23592011433338.3
2.04692e+06  23732254946682.3
2.04692e+06  23736977860527.7
2.04692e+06  32955564777381.7
2.04692e+06  23592011433338.3
2.04692e+06  23732254946682.3
2.04692e+06  23736977860527.7
2.04692e+06  32955564777381.7
2.05878e+06  23592011431061.8
2.05878e+06  23732243420271.4
2.05878e+06  33140890401653.6
2.05878e+06  23592011431061.8
2.05878e+06  23732243420271.4
2.05878e+06  33140890401653.6
2.05878e+06  23592011431061.8
2.05878e+06  23732243420271.4
2.05878e+06  33140890401653.6
2.07064e+06  23592011429085
2.07064e+06  23732239047898.8
2.07064e+06  23744259367788.3
2.07064e+06  33326363855651.2
2.07064e+06  23592011429085
2.07064e+06  23732239047898.8
2.07064e+06  23744259367788.3
2.07064e+06  33326363855651.2
2.0825e+06  23592011426912.9
2.0825e+06  23732236748206.4
2.0825e+06  33511976905301.2
2.0825e+06  23592011426912.9
2.0825e+06  23732236748206.4
2.0825e+06  33511976905301.2
2.0825e+06  23592011426912.9
2.0825e+06  23732236748206.4
2.0825e+06  33511976905301.2
2.09436e+06  23592011425208.4
2.09436e+06  23732235329728.6
2.09436e+06  23750959610645.1
2.09436e+06  33697721917114
2.09436e+06  23592011425208.4
2.09436e+06  23732235329728.6
2.09436e+06  23750959610645.1
2.09436e+06  33697721917114
2.10622e+06  23592011423868.5
2.10622e+06  23732234367352.8
2.10622e+06  33883591775640.4
2.10622e+06  23592011423868.5
2.10622e+06  23732234367352.8
2.10622e+06  33883591775640.4
2.10622e+06  23592011423868.5
2.10622e+06  23732234367352.8
2.10622e+06  33883591775640.4
2.11808e+06  23592011422242.9
2.11808e+06  23732233672068.1
2.11808e+06  34069579883749.7
2.11808e+06  23592011422242.9
2.11808e+06  23732233672068.1
2.11808e+06  34069579883749.7
2.12994e+06  23592011420842.3
2.12994e+06  23732233146003.2
2.12994e+06  34255680084405.5
2.12994e+06  23592011420842.3
2.12994e+06  23732233146003.2
2.12994e+06  34255680084405.5
2.12994e+06  23592011420842.3
2.12994e+06  23732233146003.2
2.12994e+06  34255680084405.5
2.1418e+06  23592011419639.1
2.1418e+06  23732232734061.7
2.1418e+06  23762937414244
2.1418e+06  34441886629911.8
2.1418e+06  23592011419639.1
2.1418e+06  23732232734061.7
2.1418e+06  23762937414244
2.1418e+06  34441886629911.8
2.15366e+06  23592011418392.2
2.15366e+06  23732232402934.2
2.15366e+06  34628194167669.6
2.15366e+06  23592011418392.2
2.15366e+06  23732232402934.2
2.15366e+06  34628194167669.6
2.15366e+06  23592011418392.2
2.15366e+06  23732232402934.2
2.15366e+06  34628194167669.6
2.16551e+06  23592011416941.7
2.16551e+06  23732232131190.9
2.16551e+06  23768306242091
2.16551e+06  34814597679272.3
2.16551e+06  23592011416941.7
2.16551e+06  23732232131190.9
2.16551e+06  23768306242091
2.16551e+06  34814597679272.3
2.17737e+06  23592011416206.5
2.17737e+06  23732231903399.5
2.17737e+06  23770851276428.6
2.17737e+06  35001092484106.4
2.17737e+06  23592011416206.5
2.17737e+06  23732231903399.5
2.17737e+06  23770851276428.6
2.17737e+06  35001092484106.4
2.17737e+06  23592011416206.5
2.17737e+06  23732231903399.5
2.17737e+06  23770851276428.6
2.17737e+06  35001092484106.4
2.18923e+06  23592011415004.8
2.18923e+06  23732231710601.8
2.18923e+06  23773312153801.7
2.18923e+06  35187674191657.8
2.18923e+06  23592011415004.8
2.18923e+06  23732231710601.8
2.18923e+06  23773312153801.7
2.18923e+06  35187674191657.8
2.20109e+06  23592011413261.7
2.20109e+06  23732231545591.9
2.20109e+06  35374338682320
2.20109e+06  23592011413261.7
2.20109e+06  23732231545591.9
2.20109e+06  35374338682320
2.20109e+06  23592011413261.7
2.20109e+06  23732231545591.9
2.20109e+06  35374338682320
2.21295e+06  23592011412675.7
2.21295e+06  23732231401320.9
2.21295e+06  23777989753423.2
2.21295e+06  35561082094932.6
2.21295e+06  23592011412675.7
2.21295e+06  23732231401320.9
2.21295e+06  23777989753423.2
2.21295e+06  35561082094932.6
2.22481e+06  23592011411089.6
2.22481e+06  23732231275880.9
2.22481e+06  35747900805304
2.22481e+06  23592011411089.6
2.22481e+06  23732231275880.9
2.22481e+06  35747900805304
2.22481e+06  23592011411089.6
2.22481e+06  23732231275880.9
2.22481e+06  35747900805304
2.23667e+06  23592011410653.3
2.23667e+06  23732231164038.1
2.23667e+06  23782373164601.8
2.23667e+06  35934791404073.3
2.23667e+06  23592011410653.3
2.23667e+06  23732231164038.1
2.23667e+06  23782373164601.8
2.23667e+06  35934791404073.3
2.24853e+06  23592011409912.6
2.24853e+06  23732231064809.1
2.24853e+06  23784460877103.3
2.24853e+06  36121750678677.3
2.24853e+06  23592011409912.6
2.24853e+06  23732231064809.1
2.24853e+06  23784460877103.3
2.24853e+06  36121750678677.3
2.24853e+06  23592011409912.6
2.24853e+06  23732231064809.1
2.24853e+06  23784460877103.3
2.24853e+06  36121750678677.3
2.26039e+06  23592011408953
2.26039e+06  23732230976189.6
2.26039e+06  23786484699744.3
2.26039e+06  36308775606276.8
2.26039e+06  23592011408953
2.26039e+06  23732230976189.6
2.26039e+06  23786484699744.3
2.26039e+06  36308775606276.8
2.27225e+06  23592011408158
2.27225e+06  23732230896260.1
2.27225e+06  23788447008336
2.27225e+06  36495863339655.3
2.27225e+06  23592011408158
2.27225e+06  23732230896260.1
2.27225e+06  23788447008336
2.27225e+06  36495863339655.3
2.27225e+06  23592011408158
2.27225e+06  23732230896260.1
2.27225e+06  23788447008336
2.27225e+06  36495863339655.3
2.28411e+06  23592011406735.4
2.28411e+06  23732230824555.1
2.28411e+06  23790351083266
2.28411e+06  36683011194916.7
2.28411e+06  23592011406735.4
2.28411e+06  23732230824555.1
2.28411e+06  23790351083266
2.28411e+06  36683011194916.7
2.29597e+06  23592011406701.1
2.29597e+06  23732230758053.5
2.29597e+06  36870216640053.2
2.29597e+06  23592011406701.1
2.29597e+06  23732230758053.5
2.29597e+06  36870216640053.2
2.29597e+06  23592011406701.1
2.29597e+06  23732230758053.5
2.29597e+06  36870216640053.2
2.30783e+06  23592011405714.1
2.30783e+06  23732230698224.9
2.30783e+06  23793989353428.7
2.30783e+06  37057477265936.4
2.30783e+06  23592011405714.1
2.30783e+06  23732230698224.9
2.30783e+06  23793989353428.7
2.30783e+06  37057477265936.4
2.31969e+06  23592011404632.8
2.31969e+06  23732230643510.5
2.31969e+06  37244790821723.3
2.31969e+06  23592011404632.8
2.31969e+06  23732230643510.5
2.31969e+06  37244790821723.3
2.31969e+06  23592011404632.8
2.31969e+06  23732230643510.5
2.31969e+06  37244790821723.3
2.33155e+06  23592011404530.4
2.33155e+06  23732230592251.5
2.33155e+06  23797421419301.7
2.33155e+06  37432155151307.3
2.33155e+06  23592011404530.4
2.33155e+06  23732230592251.5
2.33155e+06  23797421419301.7
2.33155e+06  37432155151307.3
2.3434e+06  23592011403740.3
2.3434e+06  23732230545592.9
2.3434e+06  37619568229976.1
2.3434e+06  23592011403740.3
2.3434e+06  23732230545592.9
2.3434e+06  37619568229976.1
2.3434e+06  23592011403740.3
2.3434e+06  23732230545592.9
2.3434e+06  37619568229976.1
2.35526e+06  23592011403038.4
2.35526e+06  23732230502335.1
2.35526e+06  37807028135467.5
2.35526e+06  23592011403038.4
2.35526e+06  23732230502335.1
2.35526e+06  37807028135467.5
2.36712e+06  23592011401692.7
2.36712e+06  23732230462832.8
2.36712e+06  37994533043069
2.36712e+06  23592011401692.7
2.36712e+06  23732230462832.8
2.36712e+06  37994533043069
2.36712e+06  23592011401692.7
2.36712e+06  23732230462832.8
2.36712e+06  37994533043069
2.37898e+06  23592011401409.2
2.37898e+06  23732230425077
2.37898e+06  38182081222338.9
2.37898e+06  23592011401409.2
2.37898e+06  23732230425077
2.37898e+06  38182081222338.9
2.39084e+06  23592011400684.7
2.39084e+06  23732230390279.1
2.39084e+06  38369671031187.3
2.39084e+06  23592011400684.7
2.39084e+06  23732230390279.1
2.39084e+06  38369671031187.3
2.39084e+06  23592011400684.7
2.39084e+06  23732230390279.1
2.39084e+06  38369671031187.3
2.4027e+06  23592011400044.1
2.4027e+06  23732230357677.5
2.4027e+06  38557300906334.3
2.4027e+06  23592011400044.1
2.4027e+06  23732230357677.5
2.4027e+06  38557300906334.3
2.41456e+06  23592011399212
2.41456e+06  23732230327333
2.41456e+06  23808023757294.3
2.41456e+06  38744969360918.4
2.41456e+06  23592011399212
2.41456e+06  23732230327333
2.41456e+06  23808023757294.3
2.41456e+06  38744969360918.4
2.41456e+06  23592011399212
2.41456e+06  23732230327333
2.41456e+06  23808023757294.3
2.41456e+06  38744969360918.4
2.42642e+06  23592011398982.6
2.42642e+06  23732230298272.9
2.42642e+06  23809382338712.8
2.42642e+06  38932674992439.4
2.42642e+06  23592011398982.6
2.42642e+06  23732230298272.9
2.42642e+06  23809382338712.8
2.42642e+06  38932674992439.4
2.43828e+06  23592011398630
2.43828e+06  23732230271051.2
2.43828e+06  39120416447854.6
2.43828e+06  23592011398630
2.43828e+06  23732230271051.2
2.43828e+06  39120416447854.6
2.43828e+06  23592011398630
2.43828e+06  23732230271051.2
2.43828e+06  39120416447854.6
2.45014e+06  23592011397581.5
2.45014e+06  23732230246089.3
2.45014e+06  23811994392162.9
2.45014e+06  39308192455805.8
2.45014e+06  23592011397581.5
2.45014e+06  23732230246089.3
2.45014e+06  23811994392162.9
2.45014e+06  39308192455805.8
2.462e+06  23592011397250.2
2.462e+06  23732230221858.1
2.462e+06  23813254483381.7
2.462e+06  39495999984820.2
2.462e+06  39496000015456.3
2.462e+06  23592011397250.2
2.462e+06  23732230221858.1
2.462e+06  23813254483381.7
2.462e+06  39495999984820.2
2.462e+06  39496000015456.3
2.462e+06  23592011397250.2
2.462e+06  23732230221858.1
2.462e+06  23813254483381.7
2.462e+06  39495999984820.2
2.462e+06  39496000015456.3
2.47386e+06  23592011397063.2
2.47386e+06  23732230198808.7
2.47386e+06  23814477613595.1
2.47386e+06  39683843290614.2
2.47386e+06  23592011397063.2
2.47386e+06  23732230198808.7
2.47386e+06  23814477613595.1
2.47386e+06  39683843290614.2
2.48572e+06  23592011396043.8
2.48572e+06  23732230177804.7
2.48572e+06  39871715850697.3
2.48572e+06  23592011396043.8
2.48572e+06  23732230177804.7
2.48572e+06  39871715850697.3
2.48572e+06  23592011396043.8
2.48572e+06  23732230177804.7
2.48572e+06  39871715850697.3
2.49758e+06  23592011395740
2.49758e+06  23732230157219.9
2.49758e+06  23816841539935.1
2.49758e+06  40059618405458
2.49758e+06  23592011395740
2.49758e+06  23732230157219.9
2.49758e+06  23816841539935.1
2.49758e+06  40059618405458
2.50944e+06  23592011395193.2
2.50944e+06  23732230137919.5
2.50944e+06  23817979133522.2
2.50944e+06  40247549949616.4
2.50944e+06  23592011395193.2
2.50944e+06  23732230137919.5
2.50944e+06  23817979133522.2
2.50944e+06  40247549949616.4
2.50944e+06  23592011395193.2
2.50944e+06  23732230137919.5
2.50944e+06  23817979133522.2
2.50944e+06  40247549949616.4
2.52129e+06  23592011394905.3
2.52129e+06  23732230119330.9
2.52129e+06  40435509516333.6
2.52129e+06  23592011394905.3
2.52129e+06  23732230119330.9
2.52129e+06  40435509516333.6
2.53315e+06  23592011393783.3
2.53315e+06  23732230102467.6
2.53315e+06  40623496181763.9
2.53315e+06  23592011393783.3
2.53315e+06  23732230102467.6
2.53315e+06  40623496181763.9
2.53315e+06  23592011393783.3
2.53315e+06  23732230102467.6
2.53315e+06  40623496181763.9
2.54501e+06  23592011393509.7
2.54501e+06  23732230085601.1
2.54501e+06  40811509062550.3
2.54501e+06  23592011393509.7
2.54501e+06  23732230085601.1
2.54501e+06  40811509062550.3
2.55687e+06  23592011392535.9
2.55687e+06  23732230070208.5
2.55687e+06  23822274858462
2.55687e+06  40999547313812.2
2.55687e+06  23592011392535.9
2.55687e+06  23732230070208.5
2.55687e+06  23822274858462
2.55687e+06  40999547313812.2
2.55687e+06  23592011392535.9
2.55687e+06  23732230070208.5
2.55687e+06  23822274858462
2.55687e+06  40999547313812.2
2.56873e+06  23592011392275.1
2.56873e+06  23732230054838.3
2.56873e+06  23823286693353.6
2.56873e+06  41187610126995.8
2.56873e+06  23592011392275.1
2.56873e+06  23732230054838.3
2.56873e+06  23823286693353.6
2.56873e+06  41187610126995.8
2.58059e+06  23592011391769.1
2.58059e+06  23732230040392.4
2.58059e+06  23824276138499.5
2.58059e+06  41375696727862.6
2.58059e+06  23592011391769.1
2.58059e+06  23732230040392.4
2.58059e+06  23824276138499.5
2.58059e+06  41375696727862.6
2.58059e+06  23592011391769.1
2.58059e+06  23732230040392.4
2.58059e+06  23824276138499.5
2.58059e+06  41375696727862.6
2.59245e+06  23592011391134.2
2.59245e+06  23732230026712.3
2.59245e+06  41563806370786.9
2.59245e+06  23592011391134.2
2.59245e+06  23732230026712.3
2.59245e+06  41563806370786.9
2.60431e+06  23592011390890.3
2.60431e+06  23732230013243.6
2.60431e+06  41751938343722.8
2.60431e+06  23592011390890.3
2.60431e+06  23732230013243.6
2.60431e+06  41751938343722.8
2.60431e+06  23592011390890.3
2.60431e+06  23732230013243.6
2.60431e+06  41751938343722.8
2.61617e+06  23592011390265.9
2.61617e+06  23732230000713.9
2.61617e+06  41940091969121.9
2.61617e+06  23592011390265.9
2.61617e+06  23732230000713.9
2.61617e+06  41940091969121.9
2.62803e+06  23592011390622.1
2.62803e+06  23732229987741.5
2.62803e+06  23828015580286
2.62803e+06  42128266592229
2.62803e+06  23592011390622.1
2.62803e+06  23732229987741.5
2.62803e+06  23828015580286
2.62803e+06  42128266592229
2.62803e+06  23592011390622.1
2.62803e+06  23732229987741.5
2.62803e+06  23828015580286
2.62803e+06  42128266592229
2.63989e+06  23592011389872.4
2.63989e+06  23732229976362
2.63989e+06  23828901200521.2
2.63989e+06  42316461574545.8
2.63989e+06  23592011389872.4
2.63989e+06  23732229976362
2.63989e+06  23828901200521.2
2.63989e+06  42316461574545.8
2.65175e+06  23592011389396.3
2.65175e+06  23732229965180.7
2.65175e+06  23829769776086.1
2.65175e+06  42504676325227.3
2.65175e+06  23592011389396.3
2.65175e+06  23732229965180.7
2.65175e+06  23829769776086.1
2.65175e+06  42504676325227.3
2.65175e+06  23592011389396.3
2.65175e+06  23732229965180.7
2.65175e+06  23829769776086.1
2.65175e+06  42504676325227.3
2.66361e+06  23592011388789.8
2.66361e+06  23732229954571.2
2.66361e+06  42692910254850.2
2.66361e+06  23592011388789.8
2.66361e+06  23732229954571.2
2.66361e+06  42692910254850.2
2.67547e+06  23592011388187.3
2.67547e+06  23732229944376
2.67547e+06  23831444986812.1
2.67547e+06  42881162812748.1
2.67547e+06  23592011388187.3
2.67547e+06  23732229944376
2.67547e+06  23831444986812.1
2.67547e+06  42881162812748.1
2.67547e+06  23592011388187.3
2.67547e+06  23732229944376
2.67547e+06  23831444986812.1
2.67547e+06  42881162812748.1
2.68733e+06  23592011387132.8
2.68733e+06  23732229935024
2.68733e+06  23832260821829.1
2.68733e+06  43069433457357.8
2.68733e+06  23592011387132.8
2.68733e+06  23732229935024
2.68733e+06  23832260821829.1
2.68733e+06  43069433457357.8
2.69918e+06  23592011387513.4
2.69918e+06  23732229924625
2.69918e+06  43257721680879.1
2.69918e+06  23592011387513.4
2.69918e+06  23732229924625
2.69918e+06  43257721680879.1
2.69918e+06  23592011387513.4
2.69918e+06  23732229924625
2.69918e+06  43257721680879.1
2.71104e+06  23592011386787
2.71104e+06  23732229915677.2
2.71104e+06  23833834971188.7
2.71104e+06  43446026976561.3
2.71104e+06  23592011386787
2.71104e+06  23732229915677.2
2.71104e+06  23833834971188.7
2.71104e+06  43446026976561.3
2.7229e+06  23592011386333.1
2.7229e+06  23732229906796.1
2.7229e+06  43634348878462.5
2.7229e+06  23592011386333.1
2.7229e+06  23732229906796.1
2.7229e+06  43634348878462.5
2.7229e+06  23592011386333.1
2.7229e+06  23732229906796.1
2.7229e+06  43634348878462.5
2.73476e+06  23592011385613
2.73476e+06  23732229898498.1
2.73476e+06  23835347367065.7
2.73476e+06  43822686921608.5
2.73476e+06  23592011385613
2.73476e+06  23732229898498.1
2.73476e+06  23835347367065.7
2.73476e+06  43822686921608.5
2.74662e+06  23592011385235.1
2.74662e+06  23732229890164.8
2.74662e+06  44011040661110.8
2.74662e+06  23592011385235.1
2.74662e+06  23732229890164.8
2.74662e+06  44011040661110.8
2.74662e+06  23592011385235.1
2.74662e+06  23732229890164.8
2.74662e+06  44011040661110.8
2.75848e+06  23592011384520.9
2.75848e+06  23732229882453.3
2.75848e+06  23836801289778.3
2.75848e+06  44199409676394.8
2.75848e+06  23592011384520.9
2.75848e+06  23732229882453.3
2.75848e+06  23836801289778.3
2.75848e+06  44199409676394.8
2.77034e+06  23592011384919.6
2.77034e+06  23732229873914.2
2.77034e+06  23837504120011.9
2.77034e+06  44387793555818.6
2.77034e+06  23592011384919.6
2.77034e+06  23732229873914.2
2.77034e+06  23837504120011.9
2.77034e+06  44387793555818.6
2.77034e+06  23592011384919.6
2.77034e+06  23732229873914.2
2.77034e+06  23837504120011.9
2.77034e+06  44387793555818.6
2.7822e+06  23592011384210.6
2.7822e+06  23732229866734.1
2.7822e+06  44576191898476.2
2.7822e+06  23592011384210.6
2.7822e+06  23732229866734.1
2.7822e+06  44576191898476.2
2.79406e+06  23592011383638.5
2.79406e+06  23732229859667.8
2.79406e+06  23838874604013.1
2.79406e+06  44764604323620.1
2.79406e+06  23592011383638.5
2.79406e+06  23732229859667.8
2.79406e+06  23838874604013.1
2.79406e+06  44764604323620.1
2.79406e+06  23592011383638.5
2.79406e+06  23732229859667.8
2.79406e+06  23838874604013.1
2.79406e+06  44764604323620.1
2.80592e+06  23592011383138.8
2.80592e+06  23732229852767.9
2.80592e+06  44953030465148.7
2.80592e+06  23592011383138.8
2.80592e+06  23732229852767.9
2.80592e+06  44953030465148.7
2.81778e+06  23592011382571.4
2.81778e+06  23732229846162.4
2.81778e+06  45141469966668.3
2.81778e+06  23592011382571.4
2.81778e+06  23732229846162.4
2.81778e+06  45141469966668.3
2.81778e+06  23592011382571.4
2.81778e+06  23732229846162.4
2.81778e+06  45141469966668.3
2.82964e+06  23592011382006
2.82964e+06  23732229839771.9
2.82964e+06  23840833369603.4
2.82964e+06  45329922484552.9
2.82964e+06  23592011382006
2.82964e+06  23732229839771.9
2.82964e+06  23840833369603.4
2.82964e+06  45329922484552.9
2.8415e+06  23592011381763.6
2.8415e+06  23732229833269.1
2.8415e+06  23841460090154.6
2.8415e+06  45518387686821.7
2.84268e+06  23592011381352.8
2.84268e+06  23732229833012.9
2.84268e+06  23841522227622.4
2.84268e+06  45537234895077.9
2.84743e+06  23592011381554.6
2.84743e+06  23732229830179.7
2.84743e+06  23841773025870.7
2.84743e+06  45612624944017.3
2.85217e+06  23592011381301.2
2.85217e+06  23732229827828.5
2.85217e+06  23842015567183.5
2.85217e+06  45688016947673.9
2.85691e+06  23592011381252.6
2.85691e+06  23732229825305
2.85691e+06  23842263052099.4
2.85691e+06  45763410886384.8
2.86166e+06  23592011381321
2.86166e+06  23732229822695.6
2.86166e+06  23842501636546.4
2.86166e+06  45838806740493.7
2.8664e+06  23592011380682.9
2.8664e+06  23732229820815.6
2.8664e+06  45914204487816.2
2.87114e+06  23592011380500.6
2.87114e+06  23732229818513
2.87114e+06  23842980624547.6
2.87114e+06  45989604108884.8
2.87589e+06  23592011380704.1
2.87589e+06  23732229815856.7
2.87589e+06  46065005588646.1
2.88063e+06  23592011380907.9
2.88063e+06  23732229813228.3
2.88063e+06  23843452736663.9
2.88063e+06  46140408908557.6
2.88538e+06  23592011380136.5
2.88538e+06  23732229811593.4
2.88538e+06  46215814050550.3
2.89012e+06  23592011379955.3
2.89012e+06  23732229809400.9
2.89012e+06  23843918191897.1
2.89012e+06  46291220994501.4
2.89486e+06  23592011379774.3
2.89486e+06  23732229807234.9
2.89486e+06  46366629720925.1
2.89961e+06  23592011379523.6
2.89961e+06  23732229805164.2
2.89961e+06  23844377223012.5
2.89961e+06  46442040216127.6
2.90435e+06  23592011379728.8
2.90435e+06  23732229802667.7
2.90435e+06  46517452463038.3
2.90909e+06  23592011379548.5
2.90909e+06  23732229800578.4
2.90909e+06  23844830074938.5
2.90909e+06  46592866444488.7
2.91384e+06  23592011379368.5
2.91384e+06  23732229798513.7
2.91384e+06  46668282143774.6
2.91858e+06  23592011379118.6
2.91858e+06  23732229796542.9
2.91858e+06  23845277004310.4
2.91858e+06  46743699540908.1
2.92451e+06  23592011378929.4
2.92451e+06  23732229793991.5
2.92451e+06  46837973651747.3
2.92926e+06  23592011379001
2.92926e+06  23732229791755.9
2.92926e+06  23845770905356
2.92926e+06  46913394816410
2.934e+06  23592011379207.4
2.934e+06  23732229789410.2
2.934e+06  23845984312103.6
2.934e+06  46988817629899.9
2.93874e+06  23592011378187.5
2.93874e+06  23732229788302.3
2.93874e+06  47064242075915.6
2.94349e+06  23592011378394.5
2.94349e+06  23732229786001.5
2.94349e+06  23846414037310.8
2.94349e+06  47139668135364.3
2.94823e+06  23592011378081.5
2.94823e+06  23732229784238.1
2.94823e+06  47215095797116.9
2.95297e+06  23592011378288.7
2.95297e+06  23732229781981.2
2.95297e+06  23846838600968.1
2.95297e+06  47290525046202.4
2.95772e+06  23592011377655.1
2.95772e+06  23732229780578.8
2.95772e+06  47365955867642.8
2.96246e+06  23592011377021.8
2.96246e+06  23732229779197.3
2.96246e+06  23847258308955.4
2.96246e+06  47441388246734.6
2.96721e+06  23592011377229.6
2.96721e+06  23732229777003.6
2.96721e+06  23847460944742.5
2.96721e+06  47516822168803.1
2.97195e+06  23592011377303
2.97195e+06  23732229774963.5
2.97195e+06  47592257619659.6
2.97669e+06  23592011376284.6
2.97669e+06  23732229774025.3
2.97669e+06  23847870851490.3
2.97669e+06  47667694581594.8
2.98144e+06  23592011376492.9
2.98144e+06  23732229771891.8
2.98144e+06  47743133043559.1
2.98618e+06  23592011376701.4
2.98618e+06  23732229769777.7
2.98618e+06  23848276508436.8
2.98618e+06  47818572992442.2
2.99092e+06  23592011376390
2.99092e+06  23732229768198.2
2.99092e+06  23848472661262.2
2.99092e+06  47894014414490.8
2.99567e+06  23592011376347.8
2.99567e+06  23732229766371
2.99567e+06  47969457296168.6
3.00041e+06  23592011375715.7
3.00041e+06  23732229765147
3.00041e+06  23848868937777.2
3.00041e+06  48044901624219.2
3.00516e+06  23592011375924.9
3.00516e+06  23732229763108
3.00516e+06  48120347385438.5
3.0099e+06  23592011375999.6
3.0099e+06  23732229761220.6
3.0099e+06  23849261630455.8
3.0099e+06  48195794566891.6
3.01464e+06  23592011375437.9
3.01464e+06  23732229759981.6
3.01464e+06  23849450696260.2
3.01464e+06  48271243155284.2
3.01939e+06  23592011375647.4
3.01939e+06  23732229757996.4
3.01939e+06  48346693135651.8
3.02532e+06  23592011375849
3.02532e+06  23732229755599.4
3.02532e+06  23849880973990.6
3.02532e+06  48441007552402.1
3.03006e+06  23592011374832.3
3.03006e+06  23732229754867.8
3.03006e+06  48516460626224.2
3.0348e+06  23592011374907.8
3.0348e+06  23732229753071.3
3.0348e+06  23850260506904.4
3.0348e+06  48591915054651
3.03955e+06  23592011374732.3
3.03955e+06  23732229751539.9
3.03955e+06  23850442878402.7
3.03955e+06  48667370825642.7
3.04429e+06  23592011374557.3
3.04429e+06  23732229750024.7
3.04429e+06  48742827927332.4
3.04903e+06  23592011374767.6
3.04903e+06  23732229748143.9
3.04903e+06  23850814120455.3
3.04903e+06  48818286347986.9
3.05378e+06  23592011374458
3.05378e+06  23732229746794.1
3.05378e+06  23850994283214.7
3.05378e+06  48893746075589.9
3.05852e+06  23592011374283.1
3.05852e+06  23732229745326.7
3.05852e+06  48969207096900.1
3.06327e+06  23592011374038.5
3.06327e+06  23732229743943.8
3.06327e+06  23851357505938.4
3.06327e+06  49044669402856.3
3.06801e+06  23592011373863.8
3.06801e+06  23732229742507
3.06801e+06  49120132982203.9
3.07275e+06  23592011373805.5
3.07275e+06  23732229740970
3.07275e+06  49195597823868.1
3.0775e+06  23592011373245.6
3.0775e+06  23732229739944.9
3.0775e+06  23851890767278.7
3.0775e+06  49271063916877.5
3.08224e+06  23592011373456.7
3.08224e+06  23732229738170.8
3.08224e+06  49346531250429.8
3.08698e+06  23592011373668
3.08698e+06  23732229736410.8
3.08698e+06  49421999965777.8
3.08698e+06  49422000034161.7
3.09173e+06  23592011372518.4
3.09173e+06  23732229736013.4
3.09173e+06  23852414043649.4
3.09173e+06  49497469596647.5
3.09647e+06  23592011372729.8
3.09647e+06  23732229734281.9
3.09647e+06  49572940588329.2
3.10122e+06  23592011372170.4
3.10122e+06  23732229733327.9
3.10122e+06  23852761356711.3
3.10122e+06  49648412778564.5
3.10596e+06  23592011371926.7
3.10596e+06  23732229732074.9
3.10596e+06  23852927507444.9
3.10596e+06  49723886157108.9
3.1107e+06  23592011372138.3
3.1107e+06  23732229730384.4
3.1107e+06  49799360713938.2
3.11545e+06  23592011371444.6
3.11545e+06  23732229729604.1
3.11545e+06  23853268253570.6
3.11545e+06  49874836439092.6
3.12019e+06  23592011371656.4
3.12019e+06  23732229727940
3.12019e+06  23853431366801.4
3.12019e+06  49950313322727.1
3.12612e+06  23592011371861.5
3.12612e+06  23732229725937.5
3.13086e+06  23592011371302.6
3.13086e+06  23732229725066
3.13086e+06  23853805636122
3.13561e+06  23592011371380.1
3.13561e+06  23732229723576.7
3.13561e+06  23853966320986.9
3.14035e+06  23592011371206.8
3.14035e+06  23732229722348.3
3.1451e+06  23592011371033.8
3.1451e+06  23732229721132.1
3.1451e+06  23854293550595.1
3.14984e+06  23592011371246.1
3.14984e+06  23732229719546.2
3.14984e+06  23854450875707.9
3.15458e+06  23592011370553
3.15458e+06  23732229718869.4
3.15933e+06  23592011370630.9
3.15933e+06  23732229717440.6
3.15933e+06  23854772778306.5
3.16407e+06  23592011370458.2
3.16407e+06  23732229716271.8
3.16407e+06  23854926609450
3.16881e+06  23592011370285.3
3.16881e+06  23732229715114.8
3.17356e+06  23592011370363.3
3.17356e+06  23732229713720.5
3.1783e+06  23592011369805.1
3.1783e+06  23732229712968
3.1783e+06  23855393858187.3
3.18305e+06  23592011370017.8
3.18305e+06  23732229711462.8
3.18779e+06  23592011369845.4
3.18779e+06  23732229710350.1
3.19253e+06  23592011369538.2
3.19253e+06  23732229709381.9
3.19253e+06  23855852985896.8
3.19728e+06  23592011369751.1
3.19728e+06  23732229707909.2
3.19728e+06  23856002187947.4
3.20202e+06  23592011369193.1
3.20202e+06  23732229707210.7
3.20676e+06  23592011369271.7
3.20676e+06  23732229705892
3.20676e+06  23856304380771.8
3.21151e+06  23592011368579.3
3.21151e+06  23732229705347.6
3.21151e+06  23856449653625.8
3.21625e+06  23592011368792.3
3.21625e+06  23732229703916.4
3.221e+06  23592011368550
3.221e+06  23732229702946.3
3.22692e+06  23592011367986.5
3.22692e+06  23732229702006.3
3.22692e+06  23856925426721.1
3.23167e+06  23592011368065.1
3.23167e+06  23732229700740.6
3.23641e+06  23592011367507.5
3.23641e+06  23732229700115
3.24116e+06  23592011367720.7
3.24116e+06  23732229698735.2
3.24116e+06  23857357487699.8
3.2459e+06  23592011367414.2
3.2459e+06  23732229697879.8
3.2459e+06  23857497743106.9
3.25064e+06  23592011367107.6
3.25064e+06  23732229697034
3.25539e+06  23592011366935.5
3.25539e+06  23732229696064.1
3.25539e+06  23857783038603.6
3.26013e+06  23592011366763.5
3.26013e+06  23732229695103.4
3.26013e+06  23857919006012.1
3.26487e+06  23592011366591.7
3.26487e+06  23732229694151.4
3.26962e+06  23592011366670.5
3.26962e+06  23732229692960.1
3.27436e+06  23592011366113.1
3.27436e+06  23732229692408
3.27436e+06  23858334198650.5
3.27911e+06  23592011366192
3.27911e+06  23732229691234.2
3.27911e+06  23858468150979.9
3.28385e+06  23592011365634.6
3.28385e+06  23732229690699.4
3.28859e+06  23592011365713.8
3.28859e+06  23732229689542.5
3.29334e+06  23592011365541.9
3.29334e+06  23732229688642.8
3.29334e+06  23858873302180.6
3.29808e+06  23592011365825.4
3.29808e+06  23732229687300.3
3.29808e+06  23859005038334.8
3.30282e+06  23592011365653.5
3.30282e+06  23732229686417.2
3.30757e+06  23592011365212.8
3.30757e+06  23732229685808.6
3.30757e+06  23859273397456.8
3.31231e+06  23592011365040.9
3.31231e+06  23732229684941.7
3.31231e+06  23859400517896.2
3.31706e+06  23592011365254.5
3.31706e+06  23732229683700.9
3.3218e+06  23592011364697.2
3.3218e+06  23732229683231.7
3.32773e+06  23592011364771.2
3.32773e+06  23732229681892.9
3.32773e+06  23859822429807.9
3.33247e+06  23592011364079.5
3.33247e+06  23732229681574.4
3.33247e+06  23859947551131.4
3.33722e+06  23592011364293.1
3.33722e+06  23732229680366.6
3.34196e+06  23592011363735.9
3.34196e+06  23732229679929.9
3.3467e+06  23592011363815.2
3.3467e+06  23732229678870
3.3467e+06  23860328632159.3
3.35145e+06  23592011363643.3
3.35145e+06  23732229678066.4
3.35145e+06  23860451036327.3
3.35619e+06  23592011363337
3.35619e+06  23732229677403.2
3.36094e+06  23592011363165.2
3.36094e+06  23732229676614
3.36568e+06  23592011362859
3.36568e+06  23732229675965
3.36568e+06  23860823907323.1
3.37042e+06  23592011362687.3
3.37042e+06  23732229675190
3.37042e+06  23860943434981
3.37517e+06  23592011362836.3
3.37517e+06  23732229674104.1
3.37991e+06  23592011362664.5
3.37991e+06  23732229673342.9
3.38465e+06  23592011362358.1
3.38465e+06  23732229672721.9
3.38465e+06  23861308635208.8
3.3894e+06  23592011362186.4
3.3894e+06  23732229671974.2
3.3894e+06  23861425138974.4
3.39414e+06  23592011362014.6
3.39414e+06  23732229671233.4
3.39889e+06  23592011361708.2
3.39889e+06  23732229670632.5
3.40363e+06  23592011361857.1
3.40363e+06  23732229669587
3.40363e+06  23861783245130
3.40837e+06  23592011361685.5
3.40837e+06  23732229668865.6
3.40837e+06  23861896590829.9
3.41312e+06  23592011361513.5
3.41312e+06  23732229668150.9
3.41312e+06  23862011804803.3
3.41786e+06  23592011361207.1
3.41786e+06  23732229667575.8
3.4226e+06  23592011360900.6
3.4226e+06  23732229667007.1
3.42853e+06  23592011361179.7
3.42853e+06  23732229665649
3.42853e+06  23862386074286.3
3.43328e+06  23592011361007.7
3.43328e+06  23732229664960.8
3.43328e+06  23862498387209
3.43802e+06  23592011360566.7
3.43802e+06  23732229664545.3
3.44276e+06  23592011360394.7
3.44276e+06  23732229663869.3
3.44751e+06  23592011360678.3
3.44751e+06  23732229662747.8
3.44751e+06  23862837676597.7
3.45225e+06  23592011360371.7
3.45225e+06  23732229662216.9
3.45225e+06  23862946505226.2
3.457e+06  23592011359224.3
3.457e+06  23732229662524.9
3.46174e+06  23592011359437.6
3.46174e+06  23732229661490.6
3.46648e+06  23592011359335.7
3.46648e+06  23732229660774.2
3.46648e+06  23863280600466.7
3.47123e+06  23592011359414.4
3.47123e+06  23732229659884.6
3.47123e+06  23863385853217.8
3.47597e+06  23592011359107.7
3.47597e+06  23732229659382.4
3.47597e+06  23863492785514.4
3.48071e+06  23592011358550
3.48071e+06  23732229659134.4
3.48546e+06  23592011359084.1
3.48546e+06  23732229657810.3
3.4902e+06  23592011358526.6
3.4902e+06  23732229657573
3.4902e+06  23863817061193.8
3.49495e+06  23592011358219.8
3.49495e+06  23732229657092.8
3.49495e+06  23863920258263
3.49969e+06  23592011358047.4
3.49969e+06  23732229656484.6
3.50443e+06  23592011358195.9
3.50443e+06  23732229655563.9
3.50918e+06  23592011357889.2
3.50918e+06  23732229655099.4
3.51392e+06  23592011357716.8
3.51392e+06  23732229654507
3.51392e+06  23864340191524.8
3.51866e+06  23592011357865.1
3.51866e+06  23732229653602
3.51866e+06  23864441139778.4
3.52341e+06  23592011357307.2
3.52341e+06  23732229653401.7
3.52934e+06  23592011357381.8
3.52934e+06  23732229652393.9
3.53408e+06  23592011356689.3
3.53408e+06  23732229652338.2
3.53408e+06  23864777405876.8
3.53883e+06  23592011356972.1
3.53883e+06  23732229651321.1
3.53883e+06  23864874799863
3.54357e+06  23592011357184.8
3.54357e+06  23732229650378.4
3.54357e+06  23864973697453.9
3.54831e+06  23592011356358
3.54831e+06  23732229650470.5
3.55306e+06  23592011356640.5
3.55306e+06  23732229649468.1
3.5578e+06  23592011356467.7
3.5578e+06  23732229648921.6
3.5578e+06  23865276831978.6
3.56254e+06  23592011356160.4
3.56254e+06  23732229648513.1
3.56254e+06  23865371668079.3
3.56729e+06  23592011355923.2
3.56729e+06  23732229648039.8
3.56729e+06  23865467951881.2
3.57203e+06  23592011355680.4
3.57203e+06  23732229647576.7
3.57678e+06  23592011354987.5
3.57678e+06  23732229647564
3.58152e+06  23592011355135.4
3.58152e+06  23732229646722.8
3.58152e+06  23865764244522.1
3.58626e+06  23592011354827.8
3.58626e+06  23732229646337.4
3.58626e+06  23865856370451.5
3.59101e+06  23592011355110.3
3.59101e+06  23732229645371.8
3.59101e+06  23865949884359.6
3.59575e+06  23592011354937.2
3.59575e+06  23732229644861.9
3.60049e+06  23592011354109.5
3.60049e+06  23732229645004.9
3.60524e+06  23592011354391.6
3.60524e+06  23732229644052.7
3.60998e+06  23592011354218.6
3.60998e+06  23732229643555.7
3.60998e+06  23866329465494.4
3.61472e+06  23592011353776.2
3.61472e+06  23732229643329.9
3.61472e+06  23866420069208.9
3.61947e+06  23592011353672.8
3.61947e+06  23732229642772.3
3.62421e+06  23592011353750.2
3.62421e+06  23732229642039.8
3.63014e+06  23592011354028.7
3.63014e+06  23732229640950.1
3.63489e+06  23592011353335.3
3.63489e+06  23732229640990.4
3.63489e+06  23866813355721.1
3.63963e+06  23592011353027.2
3.63963e+06  23732229640653.1
3.63963e+06  23866901245788.1
3.64437e+06  23592011352923.6
3.64437e+06  23732229640117.2
3.64437e+06  23866990434108.3
3.64912e+06  23592011353001
3.64912e+06  23732229639405.9
3.65386e+06  23592011352762.7
3.65386e+06  23732229639011.3
3.6586e+06  23592011352588.9
3.6586e+06  23732229638556.7
3.6586e+06  23867264409486.7
3.66335e+06  23592011352350.5
3.66335e+06  23732229638170
3.66335e+06  23867349141749.3
3.66809e+06  23592011352427.7
3.66809e+06  23732229637474.3
3.66809e+06  23867435106719.8
3.67284e+06  23592011351733.8
3.67284e+06  23732229637546.5
3.67758e+06  23592011351559.7
3.67758e+06  23732229637107.4
3.68232e+06  23592011351251.1
3.68232e+06  23732229636805.3
3.68707e+06  23592011351012.3
3.68707e+06  23732229636437.7
3.68707e+06  23867787394457.9
3.69181e+06  23592011351223.8
3.69181e+06  23732229635627.7
3.69181e+06  23867870045987.8
3.69655e+06  23592011350984.9
3.69655e+06  23732229635267.5
3.69655e+06  23867953887531.1
3.7013e+06  23592011350676.1
3.7013e+06  23732229634980.2
3.70604e+06  23592011350437.1
3.70604e+06  23732229634627.2
3.71079e+06  23592011350262.9
3.71079e+06  23732229634213.7
3.71553e+06  23592011350409.2
3.71553e+06  23732229633486
3.71553e+06  23868296096294.8
3.72027e+06  23592011350100.1
3.72027e+06  23732229633213.1
3.72027e+06  23868376484364.8
3.72502e+06  23592011349860.9
3.72502e+06  23732229632874.3
3.72502e+06  23868458016459.6
3.73095e+06  23592011349683.3
3.73095e+06  23732229632335.8
3.73569e+06  23592011349444
3.73569e+06  23732229632004.8
3.74043e+06  23592011349134.6
3.74043e+06  23732229631746.5
3.74518e+06  23592011349800.4
3.74518e+06  23732229630525.4
3.74518e+06  23868810416054.3
3.74992e+06  23592011349105.8
3.74992e+06  23732229630655.5
3.74992e+06  23868888643854.8
3.75467e+06  23592011349251.6
3.75467e+06  23732229629956.2
3.75467e+06  23868967972656.8
3.75941e+06  23592011348556.5
3.75941e+06  23732229630093.2
3.76415e+06  23592011348836.7
3.76415e+06  23732229629267.2
3.7689e+06  23592011348007.3
3.7689e+06  23732229629543.7
3.77364e+06  23592011348672.7
3.77364e+06  23732229628342.4
3.77364e+06  23869291555468
3.77838e+06  23592011347977.5
3.77838e+06  23732229628492.3
3.77838e+06  23869367186952.4
3.78313e+06  23592011348257.3
3.78313e+06  23732229627679.2
3.78313e+06  23869443867968.5
3.78787e+06  23592011346972.1
3.78787e+06  23732229628419.9
3.79261e+06  23592011347252.1
3.79261e+06  23732229627612.8
3.79736e+06  23592011346556.5
3.79736e+06  23732229627775.3
3.8021e+06  23592011346701.6
3.8021e+06  23732229627107.8
3.8021e+06  23869760230650.2
3.80685e+06  23592011346461.2
3.80685e+06  23732229626825.4
3.80685e+06  23869833130686
3.81159e+06  23592011346671
3.81159e+06  23732229626099.8
3.81159e+06  23869907026213
3.81633e+06  23592011346430.5
3.81633e+06  23732229625823.3
3.81633e+06  23869981938661.4
3.82108e+06  23592011346119.9
3.82108e+06  23732229625619.1
3.82582e+06  23592011346264.6
3.82582e+06  23732229624966.7
3.83175e+06  23592011345700.5
3.83175e+06  23732229624893.8
3.83649e+06  23592011345710.6
3.83649e+06  23732229624381.2
3.83649e+06  23870304969611.2
3.84124e+06  23592011345604.2
3.84124e+06  23732229623986.8
3.84124e+06  23870376201673.4
3.84598e+06  23592011345293.3
3.84598e+06  23732229623797.8
3.84598e+06  23870448398053.8
3.85073e+06  23592011345052.5
3.85073e+06  23732229623542.2
3.85547e+06  23592011345196.8
3.85547e+06  23732229622907.8
3.86021e+06  23592011344500.3
3.86021e+06  23732229623109.1
3.86496e+06  23592011345164.3
3.86496e+06  23732229621965.2
3.8697e+06  23592011344333.4
3.8697e+06  23732229622305.1
3.8697e+06  23870815779369.8
3.87444e+06  23592011344611.9
3.87444e+06  23732229621548.5
3.87444e+06  23870884904533.8
3.87919e+06  23592011344370.4
3.87919e+06  23732229621309.7
3.87919e+06  23870954954593.6
3.88393e+06  23592011344058.8
3.88393e+06  23732229621142.9
3.88868e+06  23592011343361.8
3.88868e+06  23732229621360.7
3.89342e+06  23592011343640.2
3.89342e+06  23732229620614.6
3.89816e+06  23592011342943.1
3.89816e+06  23732229620837.6
3.90291e+06  23592011342952
3.90291e+06  23732229620363.5
3.90291e+06  23871311391156.4
3.90765e+06  23592011342844.6
3.90765e+06  23732229620007.2
3.90765e+06  23871378234158.5
3.91239e+06  23592011342532.8
3.91239e+06  23732229619856
3.91239e+06  23871445959813.3
3.91714e+06  23592011342290.7
3.91714e+06  23732229619638.2
3.92188e+06  23592011342433.9
3.92188e+06  23732229619041.1
3.92663e+06  23592011341736.2
3.92663e+06  23732229619279.6
3.93256e+06  23592011341877
3.93256e+06  23732229618577.8
3.9373e+06  23592011341634.5
3.9373e+06  23732229618370.7
3.9373e+06  23871808566950.2
3.94204e+06  23592011341456.6
3.94204e+06  23732229618102
3.94204e+06  23871873179418.5
3.94679e+06  23592011341079.4
3.94679e+06  23732229618033.1
3.94679e+06  23871938631947
3.95153e+06  23592011341356.9
3.95153e+06  23732229617317.9
3.95153e+06  23872004942538
3.95627e+06  23592011340658.8
3.95627e+06  23732229617571.6
3.96102e+06  23592011340801.2
3.96102e+06  23732229616994.8
3.96576e+06  23592011340943.6
3.96576e+06  23732229616420.3
3.9705e+06  23592011340700.8
3.9705e+06  23732229616229.8
3.9705e+06  23872275493461.2
3.97525e+06  23592011340387.7
3.97525e+06  23732229616111.2
3.97525e+06  23872337516883.7
3.97999e+06  23592011340144.6
3.97999e+06  23732229615925.6
3.97999e+06  23872400333921.2
3.98474e+06  23592011340286.6
3.98474e+06  23732229615360.5
3.98474e+06  23872463960065.2
3.98948e+06  23592011339267.1
3.98948e+06  23732229615948.5
3.99422e+06  23592011339274.7
3.99422e+06  23732229615521
3.99897e+06  23592011339031.2
3.99897e+06  23732229615344.5
4.00371e+06  23592011339307.4
4.00371e+06  23732229614655.2
4.00845e+06  23592011338608.3
4.00845e+06  23732229614934.4
4.00845e+06  23872789117400.3
4.0132e+06  23592011338615.6
4.0132e+06  23732229614515.8
4.0132e+06  23872849181141.4
4.01794e+06  23592011338506.2
4.01794e+06  23732229614214.9
4.01794e+06  23872910003727.1
4.02269e+06  23592011338647.5
4.02269e+06  23732229613667.8
4.02269e+06  23872971599419.8
4.02743e+06  23592011338269
4.02743e+06  23732229613637.8
4.03336e+06  23592011338087.3
4.03336e+06  23732229613314.7
4.0381e+06  23592011337843
4.0381e+06  23732229613156.2
4.04285e+06  23592011337849.6
4.04285e+06  23732229612751.3
4.04759e+06  23592011337739.6
4.04759e+06  23732229612463.9
4.04759e+06  23873300741616.3
4.05233e+06  23592011337425.4
4.05233e+06  23732229612380.8
4.05233e+06  23873358845739.6
4.05708e+06  23592011336660.9
4.05708e+06  23732229612745.9
4.05708e+06  23873417673433.3
4.06182e+06  23592011336936.1
4.06182e+06  23732229612082.8
4.06182e+06  23873477240081.8
4.06657e+06  23592011336691.3
4.06657e+06  23732229611936.9
4.07131e+06  23592011336832
4.07131e+06  23732229611411
4.07605e+06  23592011336131.7
4.07605e+06  23732229611720.2
4.0808e+06  23592011336272
4.0808e+06  23732229611198.6
4.08554e+06  23592011335571.5
4.08554e+06  23732229611511.9
4.08554e+06  23873781821770.6
4.09028e+06  23592011335711.5
4.09028e+06  23732229610994.2
4.09028e+06  23873837615964.6
4.09503e+06  23592011335466.5
4.09503e+06  23732229610860.1
4.09503e+06  23873894094376.2
4.09977e+06  23592011335221
4.09977e+06  23732229610728.1
4.09977e+06  23873951270152.4
4.10452e+06  23592011335226.3
4.10452e+06  23732229610349.6
4.10926e+06  23592011334274.6
4.10926e+06  23732229610921.2
4.114e+06  23592011334414.4
4.114e+06  23732229610413
4.11875e+06  23592011334034.1
4.11875e+06  23732229610422.1
4.12349e+06  23592011334308.1
4.12349e+06  23732229609784.6
4.12823e+06  23592011334062
4.12823e+06  23732229609664.1
4.12823e+06  23874301676710.9
4.13416e+06  23592011334065
4.13416e+06  23732229609208.8
4.13416e+06  23874369264634.1
4.13891e+06  23592011333818.8
4.13891e+06  23732229609092.4
4.13891e+06  23874424072435.7
4.14365e+06  23592011333251.7
4.14365e+06  23732229609295.9
4.14365e+06  23874479549135.7
4.14839e+06  23592011332870.8
4.14839e+06  23732229609316.5
4.15314e+06  23592011333010
4.15314e+06  23732229608823.6
4.15788e+06  23592011332897.9
4.15788e+06  23732229608581.3
4.16263e+06  23592011333036.5
4.16263e+06  23732229608092.3
4.16737e+06  23592011332655.2
4.16737e+06  23732229608120.2
4.16737e+06  23874765022312.2
4.17211e+06  23592011332794
4.17211e+06  23732229607634.4
4.17211e+06  23874816556959.6
4.17686e+06  23592011332296.2
4.17686e+06  23732229607781.1
4.17686e+06  23874868703525.4
4.1816e+06  23592011331844.7
4.1816e+06  23732229607883.5
4.1816e+06  23874921473789.6
4.18634e+06  23592011331597.5
4.18634e+06  23732229607785.1
4.18634e+06  23874974877637.9
4.19109e+06  23592011331280.3
4.19109e+06  23732229607757.8
4.19583e+06  23592011330898.7
4.19583e+06  23732229607795.8
4.20058e+06  23592011331171.1
4.20058e+06  23732229607187.5
4.20532e+06  23592011330538.3
4.20532e+06  23732229607477.7
4.21006e+06  23592011330541.4
4.21006e+06  23732229607139.3
4.21006e+06  23875251573817.4
4.21481e+06  23592011330293.9
4.21481e+06  23732229607050.9
4.21481e+06  23875300969375.3
4.21955e+06  23592011330566
4.21955e+06  23732229606449.2
4.21955e+06  23875350940988.4
4.22429e+06  23592011330183.4
4.22429e+06  23732229606497.7
4.22429e+06  23875401499728.6
4.22904e+06  23592011329935.4
4.22904e+06  23732229606414.5
4.22904e+06  23875452655454.3
4.23497e+06  23592011329685.8
4.23497e+06  23732229606253.1
4.23971e+06  23592011329302.9
4.23971e+06  23732229606306.9
4.24446e+06  23592011329574.5
4.24446e+06  23732229605713.8
4.2492e+06  23592011329326
4.2492e+06  23732229605637.4
4.25394e+06  23592011328943.2
4.25394e+06  23732229605695.7
4.25869e+06  23592011328694.6
4.25869e+06  23732229605622.4
4.25869e+06  23875781357075.6
4.26343e+06  23592011328831.2
4.26343e+06  23732229605169
4.26343e+06  23875829143519.3
4.26817e+06  23592011328582.4
4.26817e+06  23732229605098.9
4.26817e+06  23875877481406.2
4.27292e+06  23592011328333.8
4.27292e+06  23732229605030.1
4.27292e+06  23875926379586.1
4.27766e+06  23592011327629.4
4.27766e+06  23732229605414.3
4.27766e+06  23875975848886.4
