0  23592541483886.9
0  23732236443461.4
4743.73  23592541483588.8
4743.73  23732236442871.8
9487.47  23592541483091.9
9487.47  23732236441889
14231.2  23592541482396.2
14231.2  23732236440513.1
18974.9  23592541481501.7
18974.9  23732236438743.8
23718.7  23592541480408.3
23718.7  23732236436581.2
28462.4  23592541479115.8
28462.4  23732236434025.1
33206.1  23592541477624.1
33206.1  23732236431075.2
37949.9  23592541475933.2
37949.9  23732236427731.5
42693.6  23592541474042.9
42693.6  23732236423993.6
47437.3  827656292540.62
47437.3  23592541471953.1
47437.3  23732236419861.4
52181.1  902894795300
52181.1  23592541469663.5
52181.1  23732236415334.6
56924.8  978133741726.063
56924.8  23592541467174
56924.8  23732236410412.8
61668.5  1053372944026.37
61668.5  23592541464484.3
61668.5  23732236405095.8
66412.3  1128612256276.56
66412.3  23592541461594.3
66412.3  23732236399383.2
71156  1203851561553.81
71156  23592541458503.6
71156  23732236393274.6
75899.7  1279090763530.63
75899.7  23592541455212.1
75899.7  23732236386769.7
80643.5  1354329780821.71
80643.5  23592541451719.5
80643.5  23732236379868.1
85387.2  1429568543086.54
85387.2  23592541448025.4
85387.2  23732236372569.1
90130.9  1504806988283.01
90130.9  23592541444129.5
90130.9  23732236364872.4
94874.7  1580045060691.39
94874.7  23592541440485.3
94874.7  23732236356326.2
99618.4  1655282709469.43
99618.4  23592541436184.9
99618.4  23732236347832.7
104362  1730519887577.81
104362  23592541431681.8
104362  23732236338939.8
109106  1805756550969.37
109106  23592541426591.5
109106  23732236330029.2
113850  1880992657969.14
113850  23592541421547.6
113850  23732236320469.3
118593  1956228168794.64
118593  23592541416433.7
118593  23732236310375
123337  2031463045180.08
123337  23592541411115.4
123337  23732236299878.9
128081  2106697250079.07
128081  23592541405592.2
128081  23732236288980.3
132825  2181930747426.95
132825  23592541399863.7
132825  23732236277678.6
137568  2257163501948.84
137568  23592541394383.1
137568  23732236265521.4
142312  2332395479003.44
142312  23592541388242.4
142312  23732236253411
147056  2407625091331.77
147056  23592541381894.8
147056  23732236240895.1
151799  2482852688043.38
151799  23592541375339.9
151799  23732236227972.9
156543  2558079573371.28
156543  23592541368193
156543  23732236215025.5
156543  24040050028368.9
161287  2633305700411.94
161287  23592541361221.5
161287  23732236201288
161287  24040149270954.4
166031  2708531023926.39
166031  23592541353906.9
166031  23732236187274.9
166031  24040251140969.1
170774  2783755500088.87
170774  23592541346970.2
170774  23732236172267.1
170774  24040355618003.2
175518  2858979086272.29
175518  23592541339369.4
175518  23732236157299.9
175518  24040462681200.3
180262  2934201740864.91
180262  23592541331557.6
180262  23732236141920.7
180262  24040572309049.2
185006  3009423423114.56
185006  23592541323534
185006  23732236126128.7
185006  24040684480267.9
189749  3084644092991.23
189749  23592541315298
189749  23732236109922.7
189749  24040799172500.5
194493  3159863711070.96
194493  23592541306464.9
194493  23732236093683.8
194493  24040916363204
199237  3235082238433.03
199237  23592541298255.6
199237  23732236076195.3
199237  24041036029439
203981  3310299636570.42
203981  23592541289244
203981  23732236058874.2
203981  24041158147880.3
208724  3385515867310.86
208724  23592541279767
208724  23732236041383.4
208724  24041282694827.5
213468  3460730892747.06
213468  23592541270457.7
213468  23732236023091
213468  24041409646215.4
218212  3535944675174.69
218212  23592541260931.5
218212  23732236004377.6
218212  24041538977624.9
222955  3611157177036.96
222955  23592541251257.2
222955  23732235985172.8
222955  24041670664293.6
227699  3686368360874.17
227699  23592541241294.3
227699  23732235965613.7
227699  24041804680742.7
232443  3761578189280.79
232443  23592541230977.9
232443  23732235945763.3
232443  24041941001841
237187  3836786624864.27
237187  23592541219987.4
237187  23732235925938.2
237187  24042079602346.8
241930  3911993630205.52
241930  23592541209816.9
241930  23732235904649.6
241930  24042220455952.4
246674  3987199167826.61
246674  23592541198970.3
246674  23732235883383.5
246674  24042363536036.7
251418  4062403200161.51
251418  23592541187516.4
251418  23732235862069.1
256162  4137604930477.93
256162  23592541176222.3
256162  23732235839940.8
260905  4212804424452.55
260905  23592541164702.9
260905  23732235817379.3
265649  4288002359677.63
265649  23592541153276.8
265649  23732235794064.8
270393  4363198695160.34
270393  23592541141303.7
270393  23732235770632
275137  4438393389878.98
275137  23592541128718.1
275137  23732235747143.2
279880  4513586402746.84
279880  23592541116287
279880  23732235722832.7
284624  4588777692577.19
284624  23592541104078.9
284624  23732235697629.3
289368  4663967218054.1
289368  23592541091051.3
289368  23732235672567.7
294111  4739154937698.7
294111  23592541077540.8
294111  23732235647310
298855  4814340809845.21
298855  23592541064633.7
298855  23732235620772.3
303599  4889524792610.32
303599  23592541051037.6
303599  23732235594237.7
308343  4964706843870.38
308343  23592541037204.8
308343  23732235567252.8
313086  5039886921236.05
313086  23592541023000.1
313086  23732235539949.2
313086  24045006888354.7
317830  5115064982029.04
317830  23592541008759.9
317830  23732235511988.8
317830  24045214550976.7
322574  5190240983259.8
322574  23592540994209.5
322574  23732235483641.7
322574  24045424261071.6
327318  5265414881607.2
327318  23592540979417.2
327318  23732235454836.7
327318  24045635981141.9
332061  5340586633395.65
332061  23592540964835.4
332061  23732235425120.5
332061  24045849673387.6
336805  5415756194574
336805  23592540949037.3
336805  23732235395908.9
336805  24046065299588.4
341549  5490923520697.94
341549  23592540933511
341549  23732235365717.9
341549  24046282821794.9
346293  5566088566908.72
346293  23592540917807.1
346293  23732235334991.2
346293  24046502201923.4
351036  5641251287914.68
351036  23592540901784.3
351036  23732235303865.4
351036  24046723401902.7
355780  5716411637970.59
355780  23592540884993.1
355780  23732235272784.2
355780  24046946383302.6
360524  5791569570864.2
360524  23592540868921.5
360524  23732235240263.5
360524  24047171108754.2
365267  5866725039889.58
365267  23592540852142.7
365267  23732235207718.9
365267  24047397539644.1
370011  5941877997835.6
370011  23592540834724.6
370011  23732235175078.9
374755  6017028396962.76
374755  23592540817887.4
374755  23732235141125.5
379499  6092176188989.17
379499  23592540800204
379499  23732235107274.5
384242  6167321325068.04
384242  23592540782394.4
384242  23732235072805.5
388986  6242463755770.65
388986  23592540764392.7
388986  23732235037779.7
393730  6317602941915.23
393730  23592540745923.6
393730  23732235002466.9
398474  6392739173892.42
398474  23592540727323.1
398474  23732234966528.4
403217  6467872576350.76
403217  23592540708525.1
403217  23732234930025.5
407961  6543003096645.54
407961  23592540689388.3
407961  23732234893094.3
412705  6618130681489.03
412705  23592540670300.3
412705  23732234855344.7
412705  24050184520673.4
417449  6693255276934.25
417449  23592540650235.7
417449  23732234817792
417449  24050473688882.2
422192  6768376828350.51
422192  23592540630146.3
422192  23732234779484.8
422192  24050764205458.8
426936  6843495280403.68
426936  23592540610367.8
426936  23732234740084
426936  24051056024490
431680  6918610577034.21
431680  23592540589338.8
431680  23732234701138.3
431680  24051349100349.6
436423  6993722661434.41
436423  23592540569000.7
436423  23732234660711.2
436423  24051643387501
441167  7068831476030.37
441167  23592540547541.9
441167  23732234620599.9
441167  24051938841350
445911  7143936962450.25
445911  23592540525664
445911  23732234580101.1
445911  24052235416301.2
450655  7219039061518.25
450655  23592540504470.6
450655  23732234538112
455398  7294137713214.89
455398  23592540482534.1
455398  23732234496047.5
460142  7369232856660.97
460142  23592540460375.6
460142  23732234453383.7
464886  7444324430092.9
464886  23592540437719.4
464886  23732234410389.2
469630  7519412370842.84
469630  23592540415354.7
469630  23732234366273.6
474373  7594496615306.25
474373  23592540391853.7
474373  23732234322451.3
479117  7669577098925.84
479117  23592540368301.6
479117  23732234277837.2
483861  7744653756158.2
483861  23592540345033.8
483861  23732234232091.7
483861  24055045359987.5
488605  7819726520452.82
488605  23592540320622.4
488605  23732234186629.3
488605  24055406413552.3
493348  7894795324222.9
493348  23592540296606.1
493348  23732234139913.2
493348  24055768076874.4
498092  7969860098821.34
498092  23592540271959.1
498092  23732234092957.6
498092  24056130300767
502836  8044920774511.3
502836  23592540247068.2
502836  23732234045371.7
502836  24056493036647.4
507579  8119977280439.75
507579  23592540221657.1
507579  23732233997423.8
507579  24056856236751.4
512323  8195029544603.21
512323  23592540196130.9
512323  23732233948704.7
512323  24057219853301.7
517067  8270077493824.53
517067  23592540170213.1
517067  23732233899482.7
521811  8345121053716.8
521811  23592540143906.4
521811  23732233849748.3
526554  8420160148661.41
526554  23592540116952.5
526554  23732233799751.8
531298  8495194701767.27
531298  23592540090506
531298  23732233748337.7
536042  8570224634843.91
536042  23592540062754.5
536042  23732233697302.1
540786  8645249868363.5
540786  23592540035638.4
540786  23732233644707.4
545529  8720270321427.03
545529  23592540007729.3
545529  23732233591967.2
545529  24060184386368.2
550273  8795285911742.95
550273  23592539979279.3
550273  23732233538823.7
550273  24060614804604
555017  8870296555567.09
555017  23592539950682.1
555017  23732233484877.6
555017  24061044960794.3
559761  8945302167686.52
559761  23592539921805.8
559761  23732233430252.6
559761  24061474807262.6
564504  9020302661370.21
564504  23592539892373.5
564504  23732233375216.2
564504  24061904296574.9
569248  9095297948334.86
569248  23592539863173.6
569248  23732233318976.6
569248  24062333382405.9
573992  9170287938702.86
573992  23592539832643.1
573992  23732233263080.3
578735  9245272540965.22
578735  23592539802722.1
578735  23732233205589.5
583479  9320251661936.62
583479  23592539771597.6
583479  23732233148299.5
588223  9395225206705.95
588223  23592539740807.3
588223  23732233089671.8
592967  9470193078609.95
592967  23592539708556.4
592967  23732233031483.9
597710  9545155179165.51
597710  23592539677016.5
597710  23732232971566.8
597710  24065315881830.2
602454  9620111408037.46
602454  23592539644846.2
602454  23732232911246
602454  24065814028542.4
607198  9695061662985.51
607198  23592539612221.9
607198  23732232850337.2
607198  24066310950159.6
611942  9770005839811.76
611942  23592539579145.1
611942  23732232788829.6
611942  24066806603597.2
616685  9844943832312.92
616685  23592539545740.4
616685  23732232726590.2
616685  24067300946895.3
621429  9919875532230.96
621429  23592539512259.3
621429  23732232663359.6
626173  9994800829187.41
626173  23592539477674.2
626173  23732232600150
630917  10069719610645
630917  23592539443522.4
630917  23732232535423.1
635660  10144631761833.6
635660  23592539408443.9
635660  23732232470521.6
640404  10219537165695.7
640404  23592539373016.6
640404  23732232404860.6
640404  24070132623086.2
645148  10294435702831.8
645148  23592539337107.6
645148  23732232338562.2
645148  24070699250243.1
649891  10369327251430.5
649891  23592539300840.9
649891  23732232271492.7
649891  24071263611656.9
654635  10444211687212.4
654635  23592539263699.5
654635  23732232204156.1
654635  24071825673786.2
659379  10519088883344
659379  23592539226894.9
659379  23732232135336.3
659379  24072385402728.3
664123  10593958710392.1
664123  23592539188950.7
664123  23732232066491.1
668866  10668821036241.2
668866  23592539151269.5
668866  23732231996214.4
673610  10743675726023.4
673610  23592539112439.1
673610  23732231925899.8
678354  10818522642036.3
678354  23592539073861.8
678354  23732231854141.1
683098  10893361643670.6
683098  23592539034578.8
683098  23732231781880
683098  24075580929699.6
687841  10968192587333.6
687841  23592538994631.2
687841  23732231709064.1
687841  24076213669793.6
692585  11043015326361.7
692585  23592538954421.2
692585  23732231635281.4
692585  24076842966855.5
697329  11117829710931.8
697329  23592538914123.7
697329  23732231560345.8
697329  24077468800723.7
702073  11192635587972.9
702073  23592538872377.5
702073  23732231485598.4
706816  11267432618392.9
706816  23592538831120.5
706816  23732231409099.6
711560  11342220439592.5
711560  23592538788473.3
711560  23732231332705.8
716304  11416999256776.5
716304  23592538745396.4
716304  23732231255448.6
716304  24080323768756.9
721047  11491768902809.4
721047  23592538702523.3
721047  23732231176684.6
721047  24081027037998.1
725791  11566529206822.7
725791  23592538658894.4
725791  23732231097354.9
725791  24081725605327.4
730535  11641279994100.9
730535  23592538614549.8
730535  23732231017405.8
730535  24082419468382.7
735279  11716021085961.8
735279  23592538569890.7
735279  23732230936424.2
740022  11790752299664.7
740022  23592538524957
740022  23732230854356.6
744766  11865473448270.2
744766  23592538478654.6
744766  23732230772276.4
749510  11940184340529.8
749510  23592538432652.4
749510  23732230688509.5
749510  24085554902866.5
754254  12014884780746.5
754254  23592538385855.8
754254  23732230604129.1
754254  24086326619551.5
758997  12089574568664.4
758997  23592538337920.4
758997  23732230519462.9
758997  24087092260514.1
763741  12164253499316.3
763741  23592538290014.6
763741  23732230433333.5
768485  12238921362881.1
768485  23592538241409.6
768485  23732230346449.7
773229  12313577944562.1
773229  23592538192750.1
773229  23732230258154.7
777972  12388223024403.3
777972  23592538142539.1
777972  23732230169920.8
777972  24090481793646.6
782716  12462856377162
782716  23592538092712.4
782716  23732230079806.3
782716  24091325458828.7
787460  12537477717030.6
787460  23592538041772.7
787460  23732229989283.6
787460  24092161555654.3
792203  12612085965382.5
792203  23592537990364.2
792203  23732229897694.6
796947  12686681757719.8
796947  23592537938141
796947  23732229805365.8
801691  12761264845613.2
801691  23592537885502.5
801691  23732229711882.5
806435  12835834974457.4
806435  23592537832486.9
806435  23732229617188.9
806435  24095855711444.9
811178  12910391883266.4
811178  23592537778201.5
811178  23732229522153.8
811178  24096768422577.6
815922  12984935304498.9
815922  23592537723067.9
815922  23732229426339.3
820666  13059464963841.4
820666  23592537668252.9
820666  23732229328566.4
825410  13133980579986.2
825410  23592537612123.8
825410  23732229230439.1
830153  13208481864410
830153  23592537555975.2
830153  23732229130649.8
830153  24100727109524.6
834897  13282968521173.8
834897  23592537498174.3
834897  23732229030802.6
834897  24101715151892
839641  13357440107642.9
839641  23592537440136.9
839641  23732228929469
844385  13431895337811.2
844385  23592537381917.5
844385  23732228826573.9
849128  13506334982009.4
849128  23592537322470
849128  23732228723135.8
853872  13580758711548.4
853872  23592537261982.9
853872  23732228618946.4
853872  24105978701391.7
858616  13655166188962.9
858616  23592537201085
858616  23732228513357.7
858616  24107039347160.9
863360  13729557067778.4
863360  23592537139580.2
863360  23732228406542.7
868103  13803930992174.2
868103  23592537077189.5
868103  23732228298755.7
872847  13878287596681.4
872847  23592537014554
872847  23732228189335.9
872847  24110499180146.9
877591  13952626505860
877591  23592536950626.4
877591  23732228079300.8
877591  24111643007590.8
882334  14026946105007.4
882334  23592536885459.4
882334  23732227968573.6
887078  14101246917498.3
887078  23592536820466.8
887078  23732227855724.2
891822  14175528817230.5
891822  23592536754146.8
891822  23732227742220.3
891822  24115310670933.4
896566  14249791384699.9
896566  23592536687005.2
896566  23732227627533.7
896566  24116536182814.3
901309  14324034188583.5
901309  23592536619029.5
901309  23732227511650.6
906053  14398256785332.1
906053  23592536549753.2
906053  23732227395008
910797  14472458628791.3
910797  23592536480204.5
910797  23732227276556.3
910797  24120443808353.3
915541  14546637661356.5
915541  23592536410032.5
915541  23732227156617.2
915541  24121748279131.5
920284  14620795046682.7
920284  23592536338269.7
920284  23732227036123.7
925028  14694930287046.1
925028  23592536265925.6
925028  23732226914043.7
929772  14769042870163
929772  23592536193050.2
929772  23732226790297.9
929772  24125924873223.5
934516  14843132268694
934516  23592536118995
934516  23732226665501.3
934516  24127304359355.4
939259  14917197299144.3
939259  23592536043407.1
939259  23732226539973.5
944003  14991236662366.4
944003  23592535967447
944003  23732226412530.4
944003  24130301589066.1
948747  15065251125943.9
948747  23592535890377.1
948747  23732226283873.1
948747  24131775033726.2
953490  15139240095469.7
953490  23592535812315.6
953490  23732226153851.5
958234  15213202958516.7
958234  23592535733380
958234  23732226022315.6
962978  15287138331744.7
962978  23592535653535.6
962978  23732225889266
962978  24136470367561.3
967722  15361044806548.9
967722  23592535572399.3
967722  23732225755049.1
972465  15434923179945.2
972465  23592535490337.7
972465  23732225619265.1
977209  15508772759031.5
977209  23592535407064.7
977209  23732225482162.7
977209  24141413170511.3
981953  15582592829175.7
981953  23592535322830.2
981953  23732225343456.5
986697  15656380361117.7
986697  23592535236893.3
986697  23732225203845.2
991440  15730136647985.6
991440  23592535150276.6
991440  23732225062274.5
991440  24146623877715.1
996184  15803861093944.1
996184  23592535062640.4
996184  23732224919042.4
1.00093e+06  15877552887352.2
1.00093e+06  23592534974080.6
1.00093e+06  23732224774014.1
1.00093e+06  24150292351410.8
1.00567e+06  15951208574656.2
1.00567e+06  23592534883942.5
1.00567e+06  23732224627799.1
1.00567e+06  24152120124945.8
1.01042e+06  16024829744812.7
1.01042e+06  23592534792723
1.01042e+06  23732224479861.7
1.01516e+06  16098415609722.4
1.01516e+06  23592534700132.3
1.01516e+06  23732224330447.4
1.01516e+06  24156010346961.6
1.0199e+06  16171964166465.8
1.0199e+06  23592534606666.2
1.0199e+06  23732224179020.1
1.02465e+06  16245473628059.2
1.02465e+06  23592534511149.9
1.02465e+06  23732224026702.6
1.02465e+06  24160024697881.8
1.02939e+06  16318944854834.1
1.02939e+06  23592534414712.1
1.02939e+06  23732223872327.8
1.02939e+06  24162045365068.2
1.03413e+06  16392376577089
1.03413e+06  23592534316944.7
1.03413e+06  23732223716254.4
1.03888e+06  16465765017453.8
1.03888e+06  23592534218341.1
1.03888e+06  23732223557944.2
1.03888e+06  24166316608887
1.04362e+06  16539111981532.3
1.04362e+06  23592534117840.2
1.04362e+06  23732223398403.6
1.04837e+06  16612416169561
1.04837e+06  23592534015934.2
1.04837e+06  23732223237093.7
1.04837e+06  24170746863092.1
1.05311e+06  16685673283601
1.05311e+06  23592533912730.5
1.05311e+06  23732223073856.5
1.05785e+06  16758885328162.4
1.05785e+06  23592533807549.9
1.05785e+06  23732222909315.1
1.05785e+06  24175352053199.4
1.0626e+06  16832050154693.4
1.0626e+06  23592533701650.4
1.0626e+06  23732222742165.7
1.06734e+06  16905164516334.4
1.06734e+06  23592533593985.4
1.06734e+06  23732222573394.2
1.06734e+06  24180147078868.2
1.07208e+06  16978229818232.3
1.07208e+06  23592533484641.6
1.07208e+06  23732222402858.7
1.07683e+06  17051242177562.5
1.07683e+06  23592533373722.5
1.07683e+06  23732222230398.6
1.07683e+06  24185145615549.4
1.08157e+06  17124201093356.3
1.08157e+06  23592533261197.3
1.08157e+06  23732222055986.5
1.08631e+06  17197105731655.8
1.08631e+06  23592533147418.1
1.08631e+06  23732221879212.8
1.08631e+06  24190359932247.8
1.09106e+06  17269951845650.6
1.09106e+06  23592533031584.2
1.09106e+06  23732221700811.6
1.0958e+06  17342741188208.7
1.0958e+06  23592532913661.9
1.0958e+06  23732221520753.6
1.0958e+06  24195800738750.4
1.10055e+06  17415468075634.5
1.10055e+06  23592532794518.7
1.10055e+06  23732221338112.5
1.10529e+06  17488134191074
1.10529e+06  23592532673467
1.10529e+06  23732221153505.4
1.10529e+06  24201477056979.1
1.11003e+06  17560734722531.7
1.11003e+06  23592532550604.3
1.11003e+06  23732220966768.3
1.11478e+06  17633269907289
1.11478e+06  23592532426277
1.11478e+06  23732220777487.3
1.11478e+06  24207396131124.2
1.11952e+06  17705735568074
1.11952e+06  23592532299812.7
1.11952e+06  23732220586260.3
1.11952e+06  24210518828299.4
1.12426e+06  17778131518346.3
1.12426e+06  23592532171287.5
1.12426e+06  23732220392938.5
1.12901e+06  17850453131291.6
1.12901e+06  23592532040410.5
1.12901e+06  23732220197736.2
1.12901e+06  24216863457665.5
1.13375e+06  17922700889692.8
1.13375e+06  23592531907907.8
1.13375e+06  23732219999856.3
1.13375e+06  24220188666199.5
1.1385e+06  17994868554090.3
1.1385e+06  23592531773486.1
1.1385e+06  23732219799511.1
1.14324e+06  18066957369098.7
1.14324e+06  23592531637082.8
1.14324e+06  23732219596682.7
1.14324e+06  24226992550700.1
1.14798e+06  18138961476952.7
1.14798e+06  23592531498286
1.14798e+06  23732219391697.5
1.14798e+06  24230562428890.2
1.15273e+06  18210879824212.3
1.15273e+06  23592531357298.6
1.15273e+06  23732219184269.7
1.15747e+06  18282709905103.6
1.15747e+06  23592531214205.8
1.15747e+06  23732218974227.7
1.16221e+06  18354445757232.6
1.16221e+06  23592531068305.5
1.16221e+06  23732218762179.4
1.16221e+06  24241700946394
1.16696e+06  18426087203502.9
1.16696e+06  23592530920448.1
1.16696e+06  23732218547188.8
1.16696e+06  24245626299708
1.1717e+06  18497630410519.1
1.1717e+06  23592530770650.1
1.1717e+06  23732218329145.3
1.17645e+06  18569069246552.6
1.17645e+06  23592530618083
1.17645e+06  23732218108775
1.18119e+06  18640402707012.5
1.18119e+06  23592530463260.1
1.18119e+06  23732217885469.5
1.18119e+06  18640402707012.5
1.18119e+06  23592530463260.1
1.18119e+06  23732217885469.5
1.19305e+06  18818246923543.3
1.19305e+06  23592530063993.4
1.19305e+06  23732217316009.8
1.19305e+06  18818246923543.3
1.19305e+06  23592530063993.4
1.19305e+06  23732217316009.8
1.20491e+06  18995336217183.4
1.20491e+06  23592529647142.4
1.20491e+06  23732216729346.2
1.20491e+06  24280779797986.4
1.20491e+06  18995336217183.4
1.20491e+06  23592529647142.4
1.20491e+06  23732216729346.2
1.20491e+06  24280779797986.4
1.20491e+06  18995336217183.4
1.20491e+06  23592529647142.4
1.20491e+06  23732216729346.2
1.20491e+06  24280779797986.4
1.21677e+06  19171599808396.4
1.21677e+06  23592529213222
1.21677e+06  23732216123172
1.21677e+06  19171599808396.4
1.21677e+06  23592529213222
1.21677e+06  23732216123172
1.22863e+06  19346954306367.6
1.22863e+06  23592528759743.6
1.22863e+06  23732215498033
1.22863e+06  24306912420950.6
1.22863e+06  19346954306367.6
1.22863e+06  23592528759743.6
1.22863e+06  23732215498033
1.22863e+06  24306912420950.6
1.22863e+06  19346954306367.6
1.22863e+06  23592528759743.6
1.22863e+06  23732215498033
1.22863e+06  24306912420950.6
1.24049e+06  19521307114772.9
1.24049e+06  23592528285860.2
1.24049e+06  23732214852697.7
1.24049e+06  24321457414444.4
1.24049e+06  19521307114772.9
1.24049e+06  23592528285860.2
1.24049e+06  23732214852697.7
1.24049e+06  24321457414444.4
1.25235e+06  19694555547894.9
1.25235e+06  23592527790482.1
1.25235e+06  23732214186016.4
1.25235e+06  24337087924038.9
1.25235e+06  19694555547894.9
1.25235e+06  23592527790482.1
1.25235e+06  23732214186016.4
1.25235e+06  24337087924038.9
1.25235e+06  19694555547894.9
1.25235e+06  23592527790482.1
1.25235e+06  23732214186016.4
1.25235e+06  24337087924038.9
1.2642e+06  19866583840295.2
1.2642e+06  23592527271264.9
1.2642e+06  23732213497909.6
1.2642e+06  19866583840295.2
1.2642e+06  23592527271264.9
1.2642e+06  23732213497909.6
1.27606e+06  20037259917015.6
1.27606e+06  23592526728015
1.27606e+06  23732212785967.8
1.27606e+06  24372176093343.5
1.27606e+06  20037259917015.6
1.27606e+06  23592526728015
1.27606e+06  23732212785967.8
1.27606e+06  24372176093343.5
1.27606e+06  20037259917015.6
1.27606e+06  23592526728015
1.27606e+06  23732212785967.8
1.27606e+06  24372176093343.5
1.28792e+06  20206434297929.1
1.28792e+06  23592526157380.4
1.28792e+06  23732212050703.4
1.28792e+06  24391907198720.2
1.28792e+06  20206434297929.1
1.28792e+06  23592526157380.4
1.28792e+06  23732212050703.4
1.28792e+06  24391907198720.2
1.29978e+06  20373942200194.2
1.29978e+06  23592525558603.1
1.29978e+06  23732211289815
1.29978e+06  20373942200194.2
1.29978e+06  23592525558603.1
1.29978e+06  23732211289815
1.29978e+06  20373942200194.2
1.29978e+06  23592525558603.1
1.29978e+06  23732211289815
1.31164e+06  20539595399360.5
1.31164e+06  23592524929642
1.31164e+06  23732210502010.8
1.31164e+06  24436560186598.7
1.31164e+06  20539595399360.5
1.31164e+06  23592524929642
1.31164e+06  23732210502010.8
1.31164e+06  24436560186598.7
1.3235e+06  20703184173042.7
1.3235e+06  23592524267159.4
1.3235e+06  23732209686991.2
1.3235e+06  24461876361936.2
1.3235e+06  20703184173042.7
1.3235e+06  23592524267159.4
1.3235e+06  23732209686991.2
1.3235e+06  24461876361936.2
1.3235e+06  20703184173042.7
1.3235e+06  23592524267159.4
1.3235e+06  23732209686991.2
1.3235e+06  24461876361936.2
1.33536e+06  20864468837115.1
1.33536e+06  23592523569995.9
1.33536e+06  23732208841965.3
1.33536e+06  20864468837115.1
1.33536e+06  23592523569995.9
1.33536e+06  23732208841965.3
1.34722e+06  21023189088645.6
1.34722e+06  23592522833645.1
1.34722e+06  23732207967094.7
1.34722e+06  24519708792353.6
1.34722e+06  21023189088645.6
1.34722e+06  23592522833645.1
1.34722e+06  23732207967094.7
1.34722e+06  24519708792353.6
1.34722e+06  21023189088645.6
1.34722e+06  23592522833645.1
1.34722e+06  23732207967094.7
1.34722e+06  24519708792353.6
1.35908e+06  21179047515688.8
1.35908e+06  23592522056763.1
1.35908e+06  23732207058988
1.35908e+06  21179047515688.8
1.35908e+06  23592522056763.1
1.35908e+06  23732207058988
1.37094e+06  21331724098960.2
1.37094e+06  23592521234558.9
1.37094e+06  23732206117205.7
1.37094e+06  21331724098960.2
1.37094e+06  23592521234558.9
1.37094e+06  23732206117205.7
1.37094e+06  21331724098960.2
1.37094e+06  23592521234558.9
1.37094e+06  23732206117205.7
1.3828e+06  21480861802895.1
1.3828e+06  23592520363369.7
1.3828e+06  23732205139658.7
1.3828e+06  21480861802895.1
1.3828e+06  23592520363369.7
1.3828e+06  23732205139658.7
1.39466e+06  21626082544191.5
1.39466e+06  23592519439401.2
1.39466e+06  23732204123787
1.39466e+06  24672476758580.7
1.39466e+06  21626082544191.5
1.39466e+06  23592519439401.2
1.39466e+06  23732204123787
1.39466e+06  24672476758580.7
1.39466e+06  21626082544191.5
1.39466e+06  23592519439401.2
1.39466e+06  23732204123787
1.39466e+06  24672476758580.7
1.40652e+06  21766982347650.2
1.40652e+06  23592518456571.4
1.40652e+06  23732203068611.3
1.40652e+06  24720519135088.9
1.40652e+06  21766982347650.2
1.40652e+06  23592518456571.4
1.40652e+06  23732203068611.3
1.40652e+06  24720519135088.9
1.41838e+06  21903138284258.3
1.41838e+06  23592517410665.9
1.41838e+06  23732201970514.5
1.41838e+06  21903138284258.3
1.41838e+06  23592517410665.9
1.41838e+06  23732201970514.5
1.41838e+06  21903138284258.3
1.41838e+06  23592517410665.9
1.41838e+06  23732201970514.5
1.43024e+06  22034126070597.9
1.43024e+06  23592516294132.3
1.43024e+06  23732200828283.4
1.43024e+06  24831229536969.3
1.43024e+06  22034126070597.9
1.43024e+06  23592516294132.3
1.43024e+06  23732200828283.4
1.43024e+06  24831229536969.3
1.44209e+06  22159534636598.4
1.44209e+06  23592515101167.7
1.44209e+06  23732199637923
1.44209e+06  24894755769963.1
1.44209e+06  22159534636598.4
1.44209e+06  23592515101167.7
1.44209e+06  23732199637923
1.44209e+06  24894755769963.1
1.44209e+06  22159534636598.4
1.44209e+06  23592515101167.7
1.44209e+06  23732199637923
1.44209e+06  24894755769963.1
1.45395e+06  22278977873511.8
1.45395e+06  23592513822850.3
1.45395e+06  23732198397313.8
1.45395e+06  24964247450115.8
1.45395e+06  22278977873511.8
1.45395e+06  23592513822850.3
1.45395e+06  23732198397313.8
1.45395e+06  24964247450115.8
1.46581e+06  22392119990001.5
1.46581e+06  23592512449276.1
1.46581e+06  23732197103887.5
1.46581e+06  25040047288853.9
1.46581e+06  22392119990001.5
1.46581e+06  23592512449276.1
1.46581e+06  23732197103887.5
1.46581e+06  25040047288853.9
1.46581e+06  22392119990001.5
1.46581e+06  23592512449276.1
1.46581e+06  23732197103887.5
1.46581e+06  25040047288853.9
1.47767e+06  22498681626579.2
1.47767e+06  23592510971026.1
1.47767e+06  23732195752925
1.47767e+06  25122415791029.4
1.47767e+06  22498681626579.2
1.47767e+06  23592510971026.1
1.47767e+06  23732195752925
1.47767e+06  25122415791029.4
1.48953e+06  22598491004660.3
1.48953e+06  23592509374104
1.48953e+06  23732194342264.5
1.48953e+06  25211553113696.5
1.48953e+06  22598491004660.3
1.48953e+06  23592509374104
1.48953e+06  23732194342264.5
1.48953e+06  25211553113696.5
1.48953e+06  22598491004660.3
1.48953e+06  23592509374104
1.48953e+06  23732194342264.5
1.48953e+06  25211553113696.5
1.50139e+06  22691460590432.1
1.50139e+06  23592507646204.3
1.50139e+06  23732192865715.2
1.50139e+06  25307524886729.6
1.50139e+06  22691460590432.1
1.50139e+06  23592507646204.3
1.50139e+06  23732192865715.2
1.50139e+06  25307524886729.6
1.51325e+06  22777621613677.6
1.51325e+06  23592505767632.2
1.51325e+06  23732191321581.8
1.51325e+06  25410321641195.8
1.51325e+06  22777621613677.6
1.51325e+06  23592505767632.2
1.51325e+06  23732191321581.8
1.51325e+06  25410321641195.8
1.51325e+06  22777621613677.6
1.51325e+06  23592505767632.2
1.51325e+06  23732191321581.8
1.51325e+06  25410321641195.8
1.52511e+06  23592503720560.9
1.52511e+06  23732189702900.9
1.52511e+06  25519803627213.9
1.52511e+06  23592503720560.9
1.52511e+06  23732189702900.9
1.52511e+06  25519803627213.9
1.53697e+06  22930077086627.1
1.53697e+06  23592501479543.7
1.53697e+06  23732188006084.7
1.53697e+06  25635752653111.8
1.53697e+06  22930077086627.1
1.53697e+06  23592501479543.7
1.53697e+06  23732188006084.7
1.53697e+06  25635752653111.8
1.53697e+06  22930077086627.1
1.53697e+06  23592501479543.7
1.53697e+06  23732188006084.7
1.53697e+06  25635752653111.8
1.54883e+06  23592499017949.9
1.54883e+06  23732186223582.8
1.54883e+06  25757866086222.4
1.54883e+06  23592499017949.9
1.54883e+06  23732186223582.8
1.54883e+06  25757866086222.4
1.56069e+06  23057962172257.3
1.56069e+06  23592496299384.7
1.56069e+06  23732184351117.8
1.56069e+06  25885786480860.3
1.56069e+06  23057962172257.3
1.56069e+06  23592496299384.7
1.56069e+06  23732184351117.8
1.56069e+06  25885786480860.3
1.56069e+06  23057962172257.3
1.56069e+06  23592496299384.7
1.56069e+06  23732184351117.8
1.56069e+06  25885786480860.3
1.57255e+06  23113589203806.4
1.57255e+06  23592493283813.4
1.57255e+06  23732182379965
1.57255e+06  26019108809850.4
1.57255e+06  23113589203806.4
1.57255e+06  23592493283813.4
1.57255e+06  23732182379965
1.57255e+06  26019108809850.4
1.58441e+06  23164236615480.2
1.58441e+06  23592489919097.5
1.58441e+06  23732180303113.4
1.58441e+06  26157413104774.8
1.58441e+06  23164236615480.2
1.58441e+06  23592489919097.5
1.58441e+06  23732180303113.4
1.58441e+06  26157413104774.8
1.58441e+06  23164236615480.2
1.58441e+06  23592489919097.5
1.58441e+06  23732180303113.4
1.58441e+06  26157413104774.8
1.59627e+06  23210329994518.9
1.59627e+06  23592486141692.7
1.59627e+06  23732178111566
1.59627e+06  26300278140563
1.59627e+06  23210329994518.9
1.59627e+06  23592486141692.7
1.59627e+06  23732178111566
1.59627e+06  26300278140563
1.60813e+06  23592481869722.8
1.60813e+06  23732175797026.8
1.60813e+06  26447286479685.7
1.60813e+06  23592481869722.8
1.60813e+06  23732175797026.8
1.60813e+06  26447286479685.7
1.60813e+06  23592481869722.8
1.60813e+06  23732175797026.8
1.60813e+06  26447286479685.7
1.61999e+06  23592477001749.4
1.61999e+06  23732173347248.7
1.61999e+06  26598045548953.9
1.61999e+06  23592477001749.4
1.61999e+06  23732173347248.7
1.61999e+06  26598045548953.9
1.63184e+06  23592471402709.3
1.63184e+06  23732170751471.2
1.63184e+06  26752185049050.9
1.63184e+06  23592471402709.3
1.63184e+06  23732170751471.2
1.63184e+06  26752185049050.9
1.63184e+06  23592471402709.3
1.63184e+06  23732170751471.2
1.63184e+06  26752185049050.9
1.6437e+06  23592464895656.9
1.6437e+06  23732167996063
1.6437e+06  26909364772183.3
1.6437e+06  23592464895656.9
1.6437e+06  23732167996063
1.6437e+06  26909364772183.3
1.65556e+06  23592457240068.1
1.65556e+06  23732165066906.6
1.65556e+06  27069274034403.8
1.65556e+06  23592457240068.1
1.65556e+06  23732165066906.6
1.65556e+06  27069274034403.8
1.65556e+06  23592457240068.1
1.65556e+06  23732165066906.6
1.65556e+06  27069274034403.8
1.66742e+06  23412802458253.1
1.66742e+06  23592448105442.8
1.66742e+06  23732161945494.4
1.66742e+06  27231632560088.2
1.66742e+06  23412802458253.1
1.66742e+06  23592448105442.8
1.66742e+06  23732161945494.4
1.66742e+06  27231632560088.2
1.67928e+06  23592437016187.7
1.67928e+06  23732158614332.8
1.67928e+06  27396188450167.3
1.67928e+06  23592437016187.7
1.67928e+06  23732158614332.8
1.67928e+06  27396188450167.3
1.67928e+06  23592437016187.7
1.67928e+06  23732158614332.8
1.67928e+06  27396188450167.3
1.69114e+06  23459607928924.5
1.69114e+06  23592423273067.5
1.69114e+06  23732155050537
1.69114e+06  27562716837703.9
1.69114e+06  23459607928924.5
1.69114e+06  23592423273067.5
1.69114e+06  23732155050537
1.69114e+06  27562716837703.9
1.703e+06  23592405794527.1
1.703e+06  23732151230545.6
1.703e+06  27731016810275.8
1.703e+06  23592405794527.1
1.703e+06  23732151230545.6
1.703e+06  27731016810275.8
1.703e+06  23592405794527.1
1.703e+06  23732151230545.6
1.703e+06  27731016810275.8
1.71486e+06  23499343137365.8
1.71486e+06  23592382824256.1
1.71486e+06  23732147124470.8
1.71486e+06  27900910607123.8
1.71486e+06  23499343137365.8
1.71486e+06  23592382824256.1
1.71486e+06  23732147124470.8
1.71486e+06  27900910607123.8
1.72672e+06  23592351297622.7
1.72672e+06  23732142700168.1
1.72672e+06  28072240141773.5
1.72672e+06  23592351297622.7
1.72672e+06  23732142700168.1
1.72672e+06  28072240141773.5
1.72672e+06  23592351297622.7
1.72672e+06  23732142700168.1
1.72672e+06  28072240141773.5
1.73858e+06  23533343536234.8
1.73858e+06  23592305358511.9
1.73858e+06  23732137919139.1
1.73858e+06  28244864236601.5
1.73858e+06  23533343536234.8
1.73858e+06  23592305358511.9
1.73858e+06  23732137919139.1
1.73858e+06  28244864236601.5
1.75044e+06  23548468945812.5
1.75044e+06  23592232253804.8
1.75044e+06  23732132737657
1.75044e+06  28418659255254.9
1.75044e+06  23548468945812.5
1.75044e+06  23592232253804.8
1.75044e+06  23732132737657
1.75044e+06  28418659255254.9
1.75044e+06  23548468945812.5
1.75044e+06  23592232253804.8
1.75044e+06  23732132737657
1.75044e+06  28418659255254.9
1.7623e+06  23562666449794.1
1.7623e+06  23592098075983.9
1.7623e+06  23732127102874.4
1.7623e+06  28593514069075.8
1.7623e+06  23562666449794.1
1.7623e+06  23592098075983.9
1.7623e+06  23732127102874.4
1.7623e+06  28593514069075.8
1.77416e+06  23591774774817.7
1.77416e+06  23732120953247.3
1.77416e+06  28769330273826.6
1.77416e+06  23591774774817.7
1.77416e+06  23732120953247.3
1.77416e+06  28769330273826.6
1.77416e+06  23591774774817.7
1.77416e+06  23732120953247.3
1.77416e+06  28769330273826.6
1.78602e+06  23590306198161.6
1.78602e+06  23732114215135.6
1.78602e+06  28946020704168
1.78602e+06  23590306198161.6
1.78602e+06  23732114215135.6
1.78602e+06  28946020704168
1.79788e+06  23594041442269.7
1.79788e+06  23601561681417.4
1.79788e+06  23732106801819.9
1.79788e+06  29123507269030.6
1.79788e+06  23594041442269.7
1.79788e+06  23601561681417.4
1.79788e+06  23732106801819.9
1.79788e+06  29123507269030.6
1.79788e+06  23594041442269.7
1.79788e+06  23601561681417.4
1.79788e+06  23732106801819.9
1.79788e+06  29123507269030.6
1.80973e+06  23593193165041.6
1.80973e+06  23611245339482.4
1.80973e+06  23732098604082.3
1.80973e+06  29301720299631.4
1.80973e+06  23593193165041.6
1.80973e+06  23611245339482.4
1.80973e+06  23732098604082.3
1.80973e+06  29301720299631.4