0  21570445612701.4
0  23757945613666.4
0  46317370690944.4
3260.92  121465417954.351
3260.92  21570445612701.3
3260.92  23757945613666.3
3260.92  46317407726241.2
6521.83  182200192764.737
6521.83  21570445612701.2
6521.83  23757945613666.2
6521.83  46317469450398.5
9782.75  242933103924.745
9782.75  21570445612700.9
9782.75  23757945613666
9782.75  46317555861410.2
13043.7  303666312839.226
13043.7  21570445612700.6
13043.7  23757945613665.7
13043.7  46317666956468.1
16304.6  364398562129.93
16304.6  21570445612700.2
16304.6  23757945613665.4
16304.6  46317802750323.3
19565.5  425130413547.252
19565.5  21570445612699.7
19565.5  23757945613665.1
19565.5  46317963257710.9
22826.4  485861524006.607
22826.4  21570445612699.1
22826.4  23757945613664.7
22826.4  46318148444461.5
26087.3  546591770490.166
26087.3  21570445612698.5
26087.3  23757945613664.2
26087.3  46318358342306.5
29348.2  607321315120.969
29348.2  21570445612697.8
29348.2  23757945613663.7
29348.2  46318592950623.2
32609.2  668049621619.566
32609.2  21570445612697.1
32609.2  23757945613663.1
32609.2  46318852261912.4
35870.1  728777193272.257
35870.1  21570445612129.7
35870.1  23757945614176.8
35870.1  46319136295633.1
39131  789503196161.466
39131  21570445612128.8
39131  23757945614176.1
39131  46319445055438
42391.9  850228320255.728
42391.9  21570445611808.1
42391.9  23757945614465.6
42391.9  46319778521805.4
45652.8  910951720319.726
45652.8  21570445611807.1
45652.8  23757945614464.8
45652.8  46320136749056.1
48913.7  971673921813.805
48913.7  21570445611805.9
48913.7  23757945614463.9
48913.7  46320519713024.2
52174.6  1032394418920.37
52174.6  21570445611804.7
52174.6  23757945614463
52174.6  46320927417288.3
55435.6  1093113325139.59
55435.6  21570445611803.4
55435.6  23757945614462
55435.6  46321359874449.3
58696.5  1153830515998.38
58696.5  21570445611802.1
58696.5  23757945614461
58696.5  46321817096062.3
61957.4  1214545748428.46
61957.4  21570445611800.6
61957.4  23757945614459.9
61957.4  46322299093217.1
65218.3  1275259235030.77
65218.3  21570445611799.1
65218.3  23757945614458.8
65218.3  46322805875961.4
68479.2  1335970411391.2
68479.2  21570445610989
68479.2  23757945615191.6
68479.2  46323337453376.5
71740.1  1396679647864.06
71740.1  21570445610987.4
71740.1  23757945615190.4
71740.1  46323893834343.1
75001.1  1457386534471.03
75001.1  21570445610985.6
75001.1  23757945615189.1
75001.1  46324475026221
78262  1518091116515.01
78262  21570445610664.1
78262  23757945615478
78262  46325081035881.9
81522.9  1578793338406.97
81522.9  21570445610662.2
81522.9  23757945615476.6
81522.9  46325711869646.4
84783.8  1639492881192.85
84783.8  21570445610413.5
84783.8  23757945615699.1
84783.8  46326367573354.8
88044.7  1700189937871.03
88044.7  21570445610411.5
88044.7  23757945615697.6
88044.7  46327048132690.5
91305.6  1760884160962.72
91305.6  21570445610409.4
91305.6  23757945615696
91305.6  46327753538995.5
94566.6  1821575584273.61
94566.6  21570445610407.2
94566.6  23757945615694.3
94566.6  46328483873015.1
97827.5  1882264175128.07
97827.5  21570445609281.4
97827.5  23757945616712.7
97827.5  46329239066339.3
101088  1942949577975.24
101088  21570445609279.1
101088  23757945616710.9
101088  46330019213474.5
104349  2003631965936.71
104349  21570445608637.2
104349  23757945617289.6
104349  46330824259749.8
107610  2064311137061.72
107610  21570445608634.7
107610  23757945617287.8
107610  46331654263814.5
110871  2124986911602.42
110871  21570445608632.2
110871  23757945617285.8
110871  46332509233938
114132  2185659354949.27
114132  21570445608382.8
114132  23757945617507.9
114132  46333389168593.5
117393  2246328251785.26
117393  21570445608133.3
117393  23757945617729.9
117393  46334294090782.4
120654  2306993489401.83
120654  21570445607568.7
120654  23757945618237.8
120654  46335224031664.3
123915  2367655082936.81
123915  21570445607246.1
123915  23757945618525.9
123915  46336179010028.9
127176  2428312845698.34
127176  21570445607243.2
127176  23757945618523.6
127176  46337159031470.4
130437  2488966641277.77
130437  21570445607240.2
130437  23757945618521.4
130437  46338164115490.3
133698  2549616482213.17
133698  21570445607237.1
133698  23757945618519
133698  46339194281200.4
136958  2610262246939.95
136958  21570445606987.1
136958  23757945618740.6
136958  46340249546546.6
140219  2670903697429.66
140219  21570445606983.9
140219  23757945618738.2
140219  46341329956571.5
143480  2731540884363.58
143480  21570445606099
143480  23757945619536
143480  46342435508970.3
146741  2792173701264.12
146741  21570445605775.9
146741  23757945619823.6
146741  46343566218987.3
150002  2852801987121.58
150002  21570445605772.4
150002  23757945619821
150002  46344722101717.1
153263  2913425619293.16
153263  21570445605522
153263  23757945620042.3
153263  46345903223672.4
156524  2974044574396.89
156524  21570445605198.6
156524  23757945620329.9
156524  46347109563722.9
159785  3034658747030.69
159785  21570445604386.4
159785  23757945621061.1
159785  46348341155755.8
163046  3095268014544.11
163046  21570445603820.8
163046  23757945621568.2
163046  46349598036904.5
166307  3155872207840.55
166307  21570445603816.9
166307  23757945621565.3
166307  46350880214648.6
169568  3216471312710.64
169568  21570445603812.9
169568  23757945621562.3
169568  46352187714317.1
172829  3277065224484.33
172829  21570445603489.1
172829  23757945621849.5
172829  46353520586147.8
176089  3337653838706.53
176089  21570445602356.7
176089  23757945622870.7
176089  46354878819384.9
179350  3398237051125.92
179350  21570445602352.4
179350  23757945622867.5
179350  46356262447725.7
182611  3458814701058.33
182611  21570445602101.4
182611  23757945623088.3
182611  46357671530369.7
185872  3519386736776.85
185872  21570445601777.2
185872  23757945623375.3
185872  46359106067704.4
189133  3579953065764.07
189133  21570445601211
189133  23757945623882
189133  46360566086600.8
192394  3640513584107.23
192394  21570445600959.6
192394  23757945624102.6
192394  46362051616961.7
195655  3701068188018
195655  21570445600955
195655  23757945624099.1
195655  46363562687856.2
198916  3761616773823.02
198916  21570445600630.5
198916  23757945624385.8
198916  46365099327967.8
202177  3822159237937.56
202177  21570445599744.2
202177  23757945625182.4
202177  46366661564710.1
205438  3882695476858.5
205438  21570445599739.3
205438  23757945625178.8
205438  46368249424819
208699  3943225387152.06
208699  21570445598359.2
208699  23757945626423.4
208699  46369862972736.5
211960  4003748865445.86
211960  21570445598354.1
211960  23757945626419.6
211960  46371499990383.2
211960  46371500009831.9
215220  4064265796619.27
215220  21570445597787.2
215220  23757945626925.7
215220  46373167141734.9
218481  4124776093564.78
218481  21570445597462.2
218481  23757945627212
218481  46374857846674.6
221742  4185279653755.74
221742  21570445597210.1
221742  23757945627432.1
221742  46376574341436.1
225003  4245776373829.44
225003  21570445596884.9
225003  23757945627718.3
225003  46378316641992.4
228264  4306266150449.29
228264  21570445596070.8
228264  23757945628448.2
228264  46380084814833
231525  4366748879518.84
231525  21570445595745.5
231525  23757945628734.3
231525  46381878863931.3
234786  4427224442534.73
234786  21570445595493
234786  23757945628954
234786  46383698829256.4
238047  4487692747708.83
238047  21570445594925.4
238047  23757945629459.7
238047  46385544773067.4
241308  4548153691859.97
241308  21570445594599.8
241308  23757945629745.6
241308  46387416695099.8
244569  4608607171796.32
244569  21570445594032
244569  23757945630251.1
244569  46389314638173.5
247830  4669053084308.89
247830  21570445593459.5
247830  23757945630760.9
247830  46391238648163.7
251091  4729491326174.59
251091  21570445592325
251091  23757945631780.7
251091  46393188775177.5
254351  4789921794164.6
254351  21570445592318.7
254351  23757945631776
254351  46395165037863.3
257612  4850344385007.89
257612  21570445591745.9
257612  23757945632285.5
257612  46397167475216.8
260873  4910758995401.96
260873  21570445591177.6
260873  23757945632790.8
260873  46399196125267.8
264134  4971165470149.16
264134  21570445591171.1
264134  23757945632785.9
264134  46401251026704.7
267395  5031563748568.86
267395  21570445590278.2
267395  23757945633585.5
267395  46403332242564.2
270656  5091953732920.72
270656  21570445589462.9
270656  23757945634314.6
270656  46405439790374.3
273917  5152335319846.49
273917  21570445589456
273917  23757945634309.5
273917  46407573705005.3
277178  5212708381521.06
277178  21570445588567.6
277178  23757945635104.6
277178  46409734020515.4
280439  5273072784934.89
280439  21570445587752
280439  23757945635833.4
280439  46411920827546.6
283700  5333428477299.71
283700  21570445587105.4
283700  23757945636408.7
283700  46414134115373.8
286961  5393775355108.96
286961  21570445586851.4
286961  23757945636627.3
286961  46416373951199
290221  5454113237991.25
290221  21570445586282.2
290221  23757945637131.9
290221  46418640371945.8
293482  5514442081681.19
293482  21570445585708.3
293482  23757945637640.7
293482  46420933429569.8
296743  5574761796971.83
296743  21570445585138.9
296743  23757945638145.1
296743  46423253137813.5
300004  5635072183354.69
300004  21570445584811.5
300004  23757945638429.7
300004  46425599601932.7
303265  5695373224535.51
303265  21570445583990.5
303265  23757945639162.3
303265  46427972817245
306526  5755664777749.71
306526  21570445582859.1
306526  23757945640176.6
306526  46430372835222.4
309787  5815946715377.55
309787  21570445582531.4
309787  23757945640461
309787  46432799707468.6
313048  5876218983830.28
313048  21570445582276.5
313048  23757945640679
313048  46435253485413.2
316309  5936481388666.03
316309  21570445581140
316309  23757945641697.3
316309  46437734223859
319570  5996733921724.41
319570  21570445580812
319570  23757945641981.5
319570  46440241958939.9
322831  6056976364608.93
322831  21570445579675.3
322831  23757945642999.6
322831  46442776747001.7
326092  6117208712462.44
326092  21570445579666.8
326092  23757945642993.3
326092  46445338637352.4
329352  6177430764220.45
329352  21570445579091.6
329352  23757945643501.3
329352  46447927674050.8
332613  6237642477724.18
332613  21570445577392.8
332613  23757945645029.2
332613  46450543902229.3
335874  6297843709138.17
335874  21570445577064.2
335874  23757945645313
335874  46453187366289.2
339135  6358034339695.28
339135  21570445576246.7
339135  23757945646040.5
339135  46455858145920.5
342396  6418214304258.4
342396  21570445576237.6
342396  23757945646033.8
342396  46458556277536.7
345657  6478383420932.19
345657  21570445575661.8
345657  23757945646541.3
345657  46461281792276.2
348918  6538541624892.91
348918  21570445574524.2
348918  23757945647558.8
348918  46464034794244.7
352179  6598688815446.43
352179  21570445574195
352179  23757945647842.2
352179  46466815279523.3
355440  6658824840067.08
355440  21570445573376.9
355440  23757945648569.2
355440  46469623346440.1
358701  6718949593565.74
358701  21570445572485.7
358701  23757945649362.5
358701  46472459030274.6
361962  6779062987205.75
361962  21570445571347.6
361962  23757945650379.6
361962  46475322373590.2
365223  6839164903643.41
365223  21570445570771.2
365223  23757945650886.7
365223  46478213451790.2
368483  6899255223313.2
368483  21570445570199.3
368483  23757945651389.4
368483  46481132329671.3
371744  6959333798718.96
371744  21570445569622.6
371744  23757945651896.3
371744  46484079044665.8
375005  7019400551477.36
375005  21570445568803.7
375005  23757945652622.8
375005  46487053657284.5
378266  7079455364654.46
378266  21570445568153.8
378266  23757945653195.8
378266  46490056226888.1
381527  7139498121413.24
381527  21570445567015
381527  23757945654212.4
381527  46493086811691.1
384788  7199528705013.45
384788  21570445566442.5
384788  23757945654714.7
384788  46496145469096.9
388049  7259546998816.81
388049  21570445565618.4
388049  23757945655445.2
388049  46499232255643.6
391310  7319552886265.8
391310  21570445564725.9
391310  23757945656237.5
391310  46502347258747
394571  7379546250875.13
394571  21570445564395
394571  23757945656519.7
394571  46505490515812.1
397832  7439526976225.14
397832  21570445563328.4
397832  23757945657469.7
397832  46508662074168.4
401093  7499494945990.79
401093  21570445562115.8
401093  23757945658552.1
401093  46511862023362.6
404354  7559450043897.69
404354  21570445561295.7
404354  23757945659277.8
404354  46515090416242.5
407614  7619392153719.21
407614  21570445560964.3
407614  23757945659559.7
407614  46518347306028.9
410875  7679321159276.85
410875  21570445559577.5
410875  23757945660799.5
410875  46521632771688
414136  7739236939171.92
414136  21570445559245.8
414136  23757945661081.2
414136  46524946874021
417397  7799139348581.89
417397  21570445558105.4
417397  23757945662096.9
417397  46528289655880.1
420658  7859028300666.33
420658  21570445558093.2
420658  23757945662088
420658  46531661221091.9
423919  7918903679483.22
423919  21570445556390.7
423919  23757945663613.5
423919  46535061617370.4
427180  7978765369143.34
427180  21570445555811.7
427180  23757945664118.9
427180  46538490904174
430441  8038613200024.01
430441  21570445554917.5
430441  23757945664910.1
430441  46541949152493.4
433702  8098447099299.35
433702  21570445553529.6
433702  23757945666149.3
433702  46545436432612.9
436963  8158266957288.25
436963  21570445553196.9
436963  23757945666430.2
436963  46548952813775.2
440224  8218072589904.07
440224  21570445552055.4
440224  23757945667445.2
440224  46552499985871
440224  46552500013985.5
443485  8277863938656.39
443485  21570445551233.6
443485  23757945668169.8
443485  46556073150520.5
446745  8337640852958.08
446745  21570445550091.8
446745  23757945669184.5
446745  46559677238770.4
450006  8397403210640.7
450006  21570445549438.7
450006  23757945669755.3
450006  46563310713702.9
453267  8457150902516.57
453267  21570445548616.4
453267  23757945670479.6
453267  46566973652520.5
456528  8516883787961.05
456528  21570445548035.9
456528  23757945670984
456528  46570666094331.7
459789  8576601754371.56
459789  21570445546012
459789  23757945672798.6
459789  46574388145343.9
463050  8636304687041.13
463050  21570445545997.7
463050  23757945672788.5
463050  46578139858363.3
466311  8695992425982.6
466311  21570445544608.1
466311  23757945674026.6
466311  46581921320789.3
469572  8755664894835.68
469572  21570445543712
469572  23757945674816.6
469572  46585732580741.5
472833  8815321936278.73
472833  21570445543130.7
472833  23757945675320.4
472833  46589573763953.5
476094  8874963420615.07
476094  21570445541987.4
476094  23757945676334.2
476094  46593444900723.8
479355  8934589247994.37
479355  21570445540843.9
479355  23757945677347.8
479355  46597346074459.4
482616  8994199287741.81
482616  21570445539947.1
482616  23757945678137.3
482616  46601277368327.5
485876  9053793393875
485876  21570445538556.5
485876  23757945679374.8
485876  46605238866788.5
489137  9113371439414.45
489137  21570445538221
489137  23757945679654
489137  46609230646305.1
492398  9172933312182.05
492398  21570445537076.8
492398  23757945680667.2
492398  46613252778334.6
495659  9232478882093.28
495659  21570445535932.4
495659  23757945681680.3
495659  46617305355740.8
498920  9292008019219.24
498920  21570445534787.8
498920  23757945682693.2
498920  46621388449596.3
502181  9351520593793.43
502181  21570445533889.8
502181  23757945683482
502181  46625499989260.6
502181  46625500010964.1
505442  9411016476184.78
505442  21570445533059.9
505442  23757945684208.7
505442  46629646489480.4
508703  9470495536889.83
508703  21570445531914.7
508703  23757945685221.3
508703  46633821606241.7
511964  9529957646586.89
511964  21570445530454.3
511964  23757945686519.7
511964  46638027578743.3
515225  9589402676086.71
515225  21570445529623.7
515225  23757945687246.1
515225  46642264450246.6
518486  9648830496303.29
518486  21570445528724.7
518486  23757945688034.2
518486  46646532366092.3
521746  9708240975294.1
521746  21570445527820.8
521746  23757945688826.5
521746  46650831350535.1
525007  9767633954617.63
525007  21570445526994.3
525007  23757945689548.2
525007  46655161524186.1
528268  9827009332774.56
528268  21570445525286.1
528268  23757945691070
528268  46659522970741.8
531529  9886366981296.87
531529  21570445524381.5
531529  23757945691861.9
531529  46663915759624.5
534790  9945706757539.63
534790  21570445523234.6
534790  23757945692873.5
534790  46668339984091.2
538051  10005028503455.1
538051  21570445522407.2
538051  23757945693594.6
538051  46672795736794.4
541312  10064332129652.8
541312  21570445521748.7
541312  23757945694162.1
541312  46677283109083
544573  10123617465109.4
544573  21570445519792.6
544573  23757945695907.3
544573  46681802190360.5
547834  10182884392970.5
547834  21570445518891.6
547834  23757945696694.2
547834  46686353069710.9
551095  10242132774636.1
551095  21570445518058.6
551095  23757945697419
551095  46690935834646.5
554356  10301362471590.5
554356  21570445516910.3
554356  23757945698429.7
554356  46695550571464.2
557617  10360573343559.3
557617  21570445516008.5
557617  23757945699216.2
557617  46700197365335.3
560877  10419765278404
560877  21570445514293.3
560877  23757945700741
560877  46704876339276
564138  10478938086387
564138  21570445513710.7
564138  23757945701236.9
564138  46709587562436.7
567399  10538091679371.1
567399  21570445512241.7
567399  23757945702537.3
567399  46714331125421.6
570660  10597225913063.2
570660  21570445510845.4
570660  23757945703771.3
570660  46719107142997
573921  10656340615136.8
573921  21570445509942.4
573921  23757945704557
573921  46723915695329.8
577182  10715435668985.8
577182  21570445508225.8
577182  23757945706081
577182  46728756864729.2
580443  10774510938562.9
580443  21570445507395.2
580443  23757945706800.2
580443  46733630793925.2
583704  10833566280584.3
583704  21570445507053.2
583704  23757945707075.4
583704  46738537543483.9
586965  10892601551974.4
586965  21570445505335.8
586965  23757945708598.9
586965  46743477214956.9
590226  10951616609875.8
590226  21570445503869.6
590226  23757945709893.9
590226  46748449910516.8
593487  11010611311734
593487  21570445502151.6
593487  23757945711417.1
593487  46753455731801.8
596748  11069585515190.3
596748  21570445501561.7
596748  23757945711915.7
596748  46758494778326.7
600008  11128539078140.9
600008  21570445500976.1
600008  23757945712409.9
600008  46763567148592.2
603269  11187471858711.1
603269  21570445498695.5
603269  23757945714442.6
603269  46768672939636.7
606530  11246383715289.4
606530  21570445497542.8
606530  23757945715450.7
606530  46773812266143.9
609791  11305274506528.3
609791  21570445496951.7
609791  23757945715948.6
609791  46778985237626.6
613052  11364144059604
613052  21570445495478.6
613052  23757945717246.7
613052  46784191923561
616313  11422992251872.6
616313  21570445494325
616313  23757945718254.3
616313  46789432470922.2
619574  11481818950119.9
619574  21570445492609.3
619574  23757945719771.8
619574  46794706942519.2
622835  11540623976663.3
622835  21570445492016.9
622835  23757945720269
622835  46800015490325.5
626096  11599407202221.2
626096  21570445490615.5
626096  23757945721500.1
626096  46805358177327.5
629357  11658168483477.9
629357  21570445489387.6
629357  23757945722573.2
629357  46810735124876.5
632618  11716907652498
632618  21570445487423.8
632618  23757945724314
632618  46816146467093.6
635879  11775624579740.8
635879  21570445486510.2
635879  23757945725100.7
635879  46821592285047
639139  11834319110644.7
639139  21570445485601
639139  23757945725883
639139  46827072691410
642400  11892991077596.7
642400  21570445483878.1
642400  23757945727403.4
642400  46832587798310.2
645661  11951640359547.9
645661  21570445482159.6
645661  23757945728919.4
645661  46838137715329.8
648922  12010266794277.3
648922  21570445481075.5
648922  23757945729858.8
648922  46843722550851.9
652183  12068870204664.1
652183  21570445480406.8
652183  23757945730420.5
652183  46849342440003.2
655444  12127450465868.5
655444  21570445479002.2
655444  23757945731649.8
655444  46854999992626.5
655444  46855000007261.1
658705  12186007421539.7
658705  21570445476962.4
658705  23757945733455.2
658705  46860687764884
661966  12244540915729.9
661966  21570445476050.5
661966  23757945734236
661966  46866413447727
665227  12303050792831
665227  21570445474644.6
665227  23757945735464.6
665227  46872174609655.6
668488  12361536897598.4
668488  21570445473727.2
668488  23757945736249.3
668488  46877971397205.4
671749  12419999999289.9
671749  12420000000694.4
671749  21570445471758.7
671749  23757945737987.5
671749  46883803892521.7
675010  12478437171204
675010  21570445470525.4
675010  23757945739057.7
675010  46889672246280.9
678270  12536851031427.1
678270  21570445469117.8
678270  23757945740285.5
678270  46895576567799.2
681531  12595240499517.8
681531  21570445467636.9
681531  23757945741579.3
681531  46901516966408.7
684792  12653605389488.9
684792  21570445465913.4
684792  23757945743092.6
684792  46907493565981
688053  12711945577072.2
688053  21570445464993.3
688053  23757945743875.8
688053  46913506488870.9
691314  12770260909802.1
691314  21570445463583.9
691314  23757945745102.6
691314  46919555855768
694575  12828551179955.7
694575  21570445462178.7
694575  23757945746324.9
694575  46925641785733.5
697836  12886816281713.6
697836  21570445460942.1
697836  23757945747393.4
697836  46931764400017.8
701097  12945056012951.7
701097  21570445459531.2
701097  23757945748619.5
701097  46937923853517.9
704358  13003270251707
704358  21570445458046.9
704358  23757945749911.5
704358  46944120228336.8
707619  13061458785430
707619  21570445456073.2
707619  23757945751647.1
707619  46950353668263.2
710880  13119621497111.3
710880  21570445455149.6
710880  23757945752428.6
710880  46956624301648.3
714141  13177758213950.2
714141  21570445453983.4
714141  23757945753429.5
714141  46962932253547.4
717401  13235868739852.5
717401  21570445452496.9
717401  23757945754720.5
717401  46969277634402
720662  13293952940901.5
720662  21570445450521
720662  23757945756455
720662  46975660608734.3
723923  13352010648001.4
723923  21570445449033.4
723923  23757945757745.4
723923  46982081284504.4
727184  13410041692552.3
727184  21570445447864.9
727184  23757945758745.2
727184  46988539789168.2
730445  13468045906501.2
730445  21570445445814.3
730445  23757945760545.1
730445  46995036256396.1
733706  13526023122315.8
733706  21570445444397.8
733706  23757945761768.4
733706  47001570818127.6
736967  13583973173051.2
736967  21570445443227.5
736967  23757945762767.3
736967  47008143604858.9
740228  13641895892218.3
740228  21570445441490.1
740228  23757945764280.3
740228  47014754746235.8
743489  13699791114038
743489  21570445440565.3
743489  23757945765054.6
743489  47021404409292.9
746750  13757658648211.4
746750  21570445438506.8
746750  23757945766857.2
746750  47028092688538.2
750011  13815498336349.7
750011  21570445437333.9
750011  23757945767854.9
750011  47034819727702.4
753272  13873310025643.9
753272  21570445435032
753272  23757945769876.7
753272  47041585683671
756532  13931093510024.2
756532  21570445433857.7
756532  23757945770873.7
756532  47048390671915.4
759793  13988848645439.3
759793  21570445432363
759793  23757945772160.7
759793  47055234827998.2
763054  14046575238625.3
763054  21570445431187.2
763054  23757945773157.1
763054  47062118325642.9
766315  14104273141298
766315  21570445428882.4
766315  23757945775177.5
766315  47069041272994.7
769576  14161942135898.7
769576  21570445427705.1
769576  23757945776173.2
769576  47076003816026.4
772837  14219582086606.3
772837  21570445425960.6
772837  23757945777682.9
772837  47083006098286.8
776098  14277192810663.6
776098  21570445424220
776098  23757945779187.9
776098  47090048262682.7
779359  14334774119302.7
779359  21570445422720.6
779359  23757945780472.8
779359  47097130449009.5
782620  14392325830152.1
782620  21570445421540.1
782620  23757945781467
782620  47104252796920.2
785881  14449847778030.9
785881  21570445419230.4
785881  23757945783485.2
785881  47111415486734.8
789142  14507339782968.7
789142  21570445418048.2
789142  23757945784478.6
789142  47118618619852.6
792402  14564801665709
792402  21570445415978.8
792402  23757945786276.3
792402  47125862360364.3
795663  14622233243241.5
795663  21570445414548
795663  23757945787493
795663  47133146855717.3
798924  14679634320106
798924  21570445412481.5
798924  23757945789285.6
798924  47140472259975.4
802185  14737004733539.9
802185  21570445411295.5
802185  23757945790277.4
802185  47147838703421.1
805446  14794344307510.4
805446  21570445409788.9
805446  23757945791559.1
805446  47155246345808.1
808707  14851652840463.3
808707  21570445407792.4
808707  23757945793284.2
808707  47162695356177.1
811968  14908930150453.2
811968  21570445406283.7
811968  23757945794565
811968  47170185865288.5
811968  14908930150453.2
811968  21570445406283.7
811968  23757945794565
811968  47170185865288.5
820120  15051985643660.3
820120  21570445402175.9
820120  23757945798065.9
820120  47189094726305.1
820120  15051985643660.3
820120  21570445402175.9
820120  23757945798065.9
820120  47189094726305.1
828273  15194841969623
828273  21570445397179.6
828273  23757945802364.2
828273  47208266330528.8
828273  15194841969623
828273  21570445397179.6
828273  23757945802364.2
828273  47208266330528.8
828273  15194841969623
828273  21570445397179.6
828273  23757945802364.2
828273  47208266330528.8
836425  15337496172242.3
836425  21570445393865.9
836425  23757945805125
836425  47227703153751.9
836425  15337496172242.3
836425  21570445393865.9
836425  23757945805125
836425  47227703153751.9
844577  15479945309389
844577  21570445389173.8
844577  23757945809126.8
844577  47247407659367.1
844577  15479945309389
844577  21570445389173.8
844577  23757945809126.8
844577  47247407659367.1
844577  15479945309389
844577  21570445389173.8
844577  23757945809126.8
844577  47247407659367.1
852729  15622186388712.4
852729  21570445384962
852729  23757945812681.4
852729  47267382340454.7
852729  15622186388712.4
852729  21570445384962
852729  23757945812681.4
852729  47267382340454.7
860882  15764216374735.6
860882  21570445380005.4
860882  23757945816900.4
860882  47287629750949.7
860882  15764216374735.6
860882  21570445380005.4
860882  23757945816900.4
860882  47287629750949.7
860882  15764216374735.6
860882  21570445380005.4
860882  23757945816900.4
860882  47287629750949.7
869034  15906032204718.2
869034  21570445375532.6
869034  23757945820667.6
869034  47308152465746.7
869034  15906032204718.2
869034  21570445375532.6
869034  23757945820667.6
869034  47308152465746.7
877186  16047630830497.1
877186  21570445371606.4
877186  23757945823925.1
877186  47328953104949.8
877186  16047630830497.1
877186  21570445371606.4
877186  23757945823925.1
877186  47328953104949.8
877186  16047630830497.1
877186  21570445371606.4
877186  23757945823925.1
877186  47328953104949.8
885339  16189009113537.4
885339  21570445366865
885339  23757945827908.3
885339  47350034302787.4
885339  16189009113537.4
885339  21570445366865
885339  23757945827908.3
885339  47350034302787.4
893491  16330163933512.6
893491  21570445361791.6
893491  23757945832177.6
893491  47371398742955.5
893491  16330163933512.6
893491  21570445361791.6
893491  23757945832177.6
893491  47371398742955.5
893491  16330163933512.6
893491  21570445361791.6
893491  23757945832177.6
893491  47371398742955.5
901643  16471092092297.3
901643  21570445357024.8
901643  23757945836152
901643  47393049149030.2
901643  16471092092297.3
901643  21570445357024.8
901643  23757945836152
901643  47393049149030.2
909795  16611790415170.3
909795  21570445352485.9
909795  23757945839901.9
909795  47414988266518.6
909795  16611790415170.3
909795  21570445352485.9
909795  23757945839901.9
909795  47414988266518.6
909795  16611790415170.3
909795  21570445352485.9
909795  23757945839901.9
909795  47414988266518.6
917948  16752255646679.9
917948  21570445347689.4
917948  23757945843866.5
917948  47437218871129.4
917948  16752255646679.9
917948  21570445347689.4
917948  23757945843866.5
917948  47437218871129.4
926100  16892484504706.7
926100  21570445342556.5
926100  23757945848116.1
926100  47459743806928.3
926100  16892484504706.7
926100  21570445342556.5
926100  23757945848116.1
926100  47459743806928.3
926100  16892484504706.7
926100  21570445342556.5
926100  23757945848116.1
926100  47459743806928.3
934252  17032473733287.2
934252  21570445337405.3
934252  23757945852360
934252  47482565938854
934252  17032473733287.2
934252  21570445337405.3
934252  23757945852360
934252  47482565938854
942405  17172220001626
942405  21570445332234.1
942405  23757945856597.9
942405  47505688121694.6
942405  17172220001626
942405  21570445332234.1
942405  23757945856597.9
942405  47505688121694.6
942405  17172220001626
942405  21570445332234.1
942405  23757945856597.9
942405  47505688121694.6
950557  17311719921581.9
950557  21570445327922.7
950557  23757945860029.1
950557  47529113319234.2
950557  17311719921581.9
950557  21570445327922.7
950557  23757945860029.1
950557  47529113319234.2
958709  17450970102006.7
958709  21570445322386
958709  23757945864544.2
958709  47552844473834.6
958709  17450970102006.7
958709  21570445322386
958709  23757945864544.2
958709  47552844473834.6
958709  17450970102006.7
958709  21570445322386
958709  23757945864544.2
958709  47552844473834.6
966861  17589967151168.9
966861  21570445317777.5
966861  23757945868185.5
966861  47576884599811.5
966861  17589967151168.9
966861  21570445317777.5
966861  23757945868185.5
966861  47576884599811.5
975014  17728707614309.1
975014  21570445312751.8
975014  23757945872171.5
975014  47601236714140.8
975014  17728707614309.1
975014  21570445312751.8
975014  23757945872171.5
975014  47601236714140.8
975014  17728707614309.1
975014  21570445312751.8
975014  23757945872171.5
975014  47601236714140.8
983166  17867187975654.7
983166  21570445307200.1
983166  23757945876597.4
983166  47625903922960.7
983166  17867187975654.7
983166  21570445307200.1
983166  23757945876597.4
983166  47625903922960.7
991318  18005404727865.2
991318  21570445301050.7
991318  23757945881524.6
991318  47650889299962.8
991318  18005404727865.2
991318  21570445301050.7
991318  23757945881524.6
991318  47650889299962.8
991318  18005404727865.2
991318  21570445301050.7
991318  23757945881524.6
991318  47650889299962.8
999471  18143354342033.3
999471  21570445295596.7
999471  23757945885774.7
999471  47676195994586
999471  18143354342033.3
999471  21570445295596.7
999471  23757945885774.7
999471  47676195994586
1.00762e+06  18281033212328.1
1.00762e+06  21570445290243.6
1.00762e+06  23757945889882.4
1.00762e+06  47701827198981.1
1.00762e+06  18281033212328.1
1.00762e+06  21570445290243.6
1.00762e+06  23757945889882.4
1.00762e+06  47701827198981.1
1.00762e+06  18281033212328.1
1.00762e+06  21570445290243.6
1.00762e+06  23757945889882.4
1.00762e+06  47701827198981.1
1.01578e+06  18418437746411.7
1.01578e+06  21570445284200.2
1.01578e+06  23757945894559.9
1.01578e+06  47727786113618.8
1.01578e+06  18418437746411.7
1.01578e+06  21570445284200.2
1.01578e+06  23757945894559.9
1.01578e+06  47727786113618.8
1.02393e+06  18555564290836.4
1.02393e+06  21570445278665.8
1.02393e+06  23757945898711.6
1.02393e+06  47754076006815.1
1.02393e+06  18555564290836.4
1.02393e+06  21570445278665.8
1.02393e+06  23757945898711.6
1.02393e+06  47754076006815.1
1.02393e+06  18555564290836.4
1.02393e+06  21570445278665.8
1.02393e+06  23757945898711.6
1.02393e+06  47754076006815.1
1.03208e+06  18692409172190.3
1.03208e+06  21570445273065.8
1.03208e+06  23757945902850.8
1.03208e+06  47780700133310.3
1.03208e+06  18692409172190.3
1.03208e+06  21570445273065.8
1.03208e+06  23757945902850.8
1.03208e+06  47780700133310.3
1.04023e+06  18828968676713.9
1.04023e+06  21570445267143.9
1.04023e+06  23757945907200.8
1.04023e+06  47807661842180.2
1.04023e+06  18828968676713.9
1.04023e+06  21570445267143.9
1.04023e+06  23757945907200.8
1.04023e+06  47807661842180.2
1.04023e+06  18828968676713.9
1.04023e+06  21570445267143.9
1.04023e+06  23757945907200.8
1.04023e+06  47807661842180.2
1.04838e+06  18965239098351.7
1.04838e+06  21570445260815.6
1.04838e+06  23757945911826.7
1.04838e+06  47834964480121.9
1.04838e+06  18965239098351.7
1.04838e+06  21570445260815.6
1.04838e+06  23757945911826.7
1.04838e+06  47834964480121.9
1.05654e+06  19101216609621.3
1.05654e+06  21570445254391.4
1.05654e+06  23757945916432.6
1.05654e+06  47862611427343.9
1.05654e+06  19101216609621.3
1.05654e+06  21570445254391.4
1.05654e+06  23757945916432.6
1.05654e+06  47862611427343.9
1.05654e+06  19101216609621.3
1.05654e+06  21570445254391.4
1.05654e+06  23757945916432.6
1.05654e+06  47862611427343.9
1.06469e+06  19236897424403.5
1.06469e+06  21570445248164.6
1.06469e+06  23757945920735.5
1.06469e+06  47890606120343
1.06469e+06  19236897424403.5
1.06469e+06  21570445248164.6
1.06469e+06  23757945920735.5
1.06469e+06  47890606120343
1.07284e+06  19372277760824.2
1.07284e+06  21570445241479
1.07284e+06  23757945925310.2
1.07284e+06  47918952018285.4
1.07284e+06  19372277760824.2
1.07284e+06  21570445241479
1.07284e+06  23757945925310.2
1.07284e+06  47918952018285.4
1.07284e+06  19372277760824.2
1.07284e+06  21570445241479
1.07284e+06  23757945925310.2
1.07284e+06  47918952018285.4
1.08099e+06  19507353682863.9
1.08099e+06  21570445234385.4
1.08099e+06  23757945930084.6
1.08099e+06  47947652607137.2
1.08099e+06  19507353682863.9
1.08099e+06  21570445234385.4
1.08099e+06  23757945930084.6
1.08099e+06  47947652607137.2
1.08915e+06  19642121341607.8
1.08915e+06  21570445227900.7
1.08915e+06  23757945934102.7
1.08915e+06  47976711422250.4
1.08915e+06  19642121341607.8
1.08915e+06  21570445227900.7
1.08915e+06  23757945934102.7
1.08915e+06  47976711422250.4
1.08915e+06  19642121341607.8
1.08915e+06  21570445227900.7
1.08915e+06  23757945934102.7
1.08915e+06  47976711422250.4
1.0973e+06  19776576799503.5
1.0973e+06  21570445220852.2
1.0973e+06  23757945938387
1.0973e+06  48006132036571.6
1.0973e+06  19776576799503.5
1.0973e+06  21570445220852.2
1.0973e+06  23757945938387
1.0973e+06  48006132036571.6
1.10545e+06  19910716137133.4
1.10545e+06  21570445212692.6
1.10545e+06  23757945943378.8
1.10545e+06  48035918032680.2
1.10545e+06  19910716137133.4
1.10545e+06  21570445212692.6
1.10545e+06  23757945943378.8
1.10545e+06  48035918032680.2
1.10545e+06  19910716137133.4
1.10545e+06  21570445212692.6
1.10545e+06  23757945943378.8
1.10545e+06  48035918032680.2
1.1136e+06  20044535275297.4
1.1136e+06  21570445205034.4
1.1136e+06  23757945947540.8
1.1136e+06  48066073041211
1.1136e+06  20044535275297.4
1.1136e+06  21570445205034.4
1.1136e+06  23757945947540.8
1.1136e+06  48066073041211
1.12175e+06  20178030291081
1.12175e+06  21570445196567.9
1.12175e+06  23757945951960.6
1.12175e+06  48096600725206.9
1.12175e+06  20178030291081
1.12175e+06  21570445196567.9
1.12175e+06  23757945951960.6
1.12175e+06  48096600725206.9
1.12175e+06  20178030291081
1.12175e+06  21570445196567.9
1.12175e+06  23757945951960.6
1.12175e+06  48096600725206.9
1.12991e+06  20311197144915.9
1.12991e+06  21570445186898.2
1.12991e+06  23757945956854.4
1.12991e+06  48127504783537.8
1.12991e+06  20311197144915.9
1.12991e+06  21570445186898.2
1.12991e+06  23757945956854.4
1.12991e+06  48127504783537.8
1.13806e+06  20444031656891.6
1.13806e+06  21570445176116.2
1.13806e+06  23757945961931.9
1.13806e+06  48158788928825.9
1.13806e+06  20444031656891.6
1.13806e+06  21570445176116.2
1.13806e+06  23757945961931.9
1.13806e+06  48158788928825.9
1.13806e+06  20444031656891.6
1.13806e+06  21570445176116.2
1.13806e+06  23757945961931.9
1.13806e+06  48158788928825.9
1.14621e+06  20576529831871.2
1.14621e+06  21570445164373.3
1.14621e+06  23757945966740.2
1.14621e+06  48190456948855.7
1.14621e+06  20576529831871.2
1.14621e+06  21570445164373.3
1.14621e+06  23757945966740.2
1.14621e+06  48190456948855.7
1.15436e+06  20708687553394.9
1.15436e+06  21570445151434.5
1.15436e+06  23757945970987.5
1.15436e+06  48222512606411.2
1.15436e+06  20708687553394.9
1.15436e+06  21570445151434.5
1.15436e+06  23757945970987.5
1.15436e+06  48222512606411.2
1.15436e+06  20708687553394.9
1.15436e+06  21570445151434.5
1.15436e+06  23757945970987.5
1.15436e+06  48222512606411.2
1.16252e+06  20840499994930.1
1.16252e+06  20840500005101.4
1.16252e+06  21570445135230.6
1.16252e+06  23757945975687.5
1.16252e+06  48254959729383.4
1.16252e+06  20840499994930.1
1.16252e+06  20840500005101.4
1.16252e+06  21570445135230.6
1.16252e+06  23757945975687.5
1.16252e+06  48254959729383.4
1.17067e+06  20971964678800.3
1.17067e+06  21570445114874.6
1.17067e+06  23757945980031.7
1.17067e+06  48287802161465.2
1.17067e+06  20971964678800.3
1.17067e+06  21570445114874.6
1.17067e+06  23757945980031.7
1.17067e+06  48287802161465.2
1.17067e+06  20971964678800.3
1.17067e+06  21570445114874.6
1.17067e+06  23757945980031.7
1.17067e+06  48287802161465.2
1.17882e+06  21103075786397.9
1.17882e+06  21570445086544.3
1.17882e+06  23757945984081.5
1.17882e+06  48321043804021.8
1.17882e+06  21103075786397.9
1.17882e+06  21570445086544.3
1.17882e+06  23757945984081.5
1.17882e+06  48321043804021.8
1.18697e+06  21233829653589.9
1.18697e+06  21570445040137.9
1.18697e+06  23757945988331.3
1.18697e+06  48354688537175
1.18697e+06  21233829653589.9
1.18697e+06  21570445040137.9
1.18697e+06  23757945988331.3
1.18697e+06  48354688537175
1.18697e+06  21233829653589.9
1.18697e+06  21570445040137.9
1.18697e+06  23757945988331.3
1.18697e+06  48354688537175
1.19513e+06  21364221965557.7
1.19513e+06  21570444941813
1.19513e+06  23757945992929.8
1.19513e+06  48388740313170.2
1.19513e+06  21364221965557.7
1.19513e+06  21570444941813
1.19513e+06  23757945992929.8
1.19513e+06  48388740313170.2
1.20328e+06  21570444527366.2
1.20328e+06  23757945997412
1.20328e+06  48423203101615.7
1.20328e+06  21570444527366.2
1.20328e+06  23757945997412
1.20328e+06  48423203101615.7
1.20328e+06  21570444527366.2
1.20328e+06  23757945997412
1.20328e+06  48423203101615.7
1.21143e+06  21570446070297.2
1.21143e+06  23757946001533.3
1.21143e+06  48458080888451.6
1.21143e+06  21570446070297.2
1.21143e+06  23757946001533.3
1.21143e+06  48458080888451.6
1.21958e+06  21570445427052.9
1.21958e+06  21753187368527.7
1.21958e+06  23757946005782.2
1.21958e+06  48493377679475.4
1.21958e+06  21570445427052.9
1.21958e+06  21753187368527.7
1.21958e+06  23757946005782.2
1.21958e+06  48493377679475.4
1.21958e+06  21570445427052.9
1.21958e+06  21753187368527.7
1.21958e+06  23757946005782.2
1.21958e+06  48493377679475.4
1.22773e+06  21570445311471.9
1.22773e+06  21882090421486.6
1.22773e+06  23757946009259.4
1.22773e+06  48529097526938.5
1.22773e+06  21570445311471.9
1.22773e+06  21882090421486.6
1.22773e+06  23757946009259.4
1.22773e+06  48529097526938.5
1.23589e+06  21570445259921.4
1.23589e+06  22010610173593.9
1.23589e+06  23757946012785.3
1.23589e+06  48565244484168.9
1.23589e+06  21570445259921.4
1.23589e+06  22010610173593.9
1.23589e+06  23757946012785.3
1.23589e+06  48565244484168.9
1.23589e+06  21570445259921.4
1.23589e+06  22010610173593.9
1.23589e+06  23757946012785.3
1.23589e+06  48565244484168.9
1.24404e+06  21570445229014.8
1.24404e+06  22138742240887.2
1.24404e+06  23757946016018.6
1.24404e+06  48601822665235.1
1.24404e+06  21570445229014.8
1.24404e+06  22138742240887.2
1.24404e+06  23757946016018.6
1.24404e+06  48601822665235.1
1.25219e+06  21570445206192.8
1.25219e+06  22266482669118.5
1.25219e+06  23757946019910.5
1.25219e+06  48638836163024.5
1.25219e+06  21570445206192.8
1.25219e+06  22266482669118.5
1.25219e+06  23757946019910.5
1.25219e+06  48638836163024.5
1.25219e+06  21570445206192.8
1.25219e+06  22266482669118.5
1.25219e+06  23757946019910.5
1.25219e+06  48638836163024.5
1.26034e+06  21570445189402.5
1.26034e+06  22393826386653.2
1.26034e+06  23757946022310.9
1.26034e+06  48676289111520.8
1.26034e+06  21570445189402.5
1.26034e+06  22393826386653.2
1.26034e+06  23757946022310.9
1.26034e+06  48676289111520.8
1.2685e+06  21570445175287
1.2685e+06  22520769241436.8
1.2685e+06  23757946024327.5
1.2685e+06  48714185673228.4
1.2685e+06  21570445175287
1.2685e+06  22520769241436.8
1.2685e+06  23757946024327.5
1.2685e+06  48714185673228.4
1.2685e+06  21570445175287
1.2685e+06  22520769241436.8
1.2685e+06  23757946024327.5
1.2685e+06  48714185673228.4
1.27665e+06  21570445163539.9
1.27665e+06  22647306836773.8
1.27665e+06  23757946025087.7
1.27665e+06  48752530020149.8
1.27665e+06  21570445163539.9
1.27665e+06  22647306836773.8
1.27665e+06  23757946025087.7
1.27665e+06  48752530020149.8
1.2848e+06  21570445152832
1.2848e+06  22773434628926.1
1.2848e+06  23757946024947.7
1.2848e+06  48791326328887.7
1.2848e+06  21570445152832
1.2848e+06  22773434628926.1
1.2848e+06  23757946024947.7
1.2848e+06  48791326328887.7
1.2848e+06  21570445152832
1.2848e+06  22773434628926.1
1.2848e+06  23757946024947.7
1.2848e+06  48791326328887.7
1.29295e+06  21570445141662.2
1.29295e+06  22899147945701
1.29295e+06  23757946024451.6
1.29295e+06  48830578827995.4
1.29295e+06  21570445141662.2
1.29295e+06  22899147945701
1.29295e+06  23757946024451.6
1.29295e+06  48830578827995.4
1.30111e+06  21570445132538.9
1.30111e+06  23024442505950.4
1.30111e+06  23757946020286.8
1.30111e+06  48870291721817.9
1.30111e+06  21570445132538.9
1.30111e+06  23024442505950.4
1.30111e+06  23757946020286.8
1.30111e+06  48870291721817.9
1.30111e+06  21570445132538.9
1.30111e+06  23024442505950.4
1.30111e+06  23757946020286.8
1.30111e+06  48870291721817.9
1.30926e+06  21570445123359.5
1.30926e+06  23149313539385.3
1.30926e+06  23757946012742.6
1.30926e+06  48910469273040
1.30926e+06  21570445123359.5
1.30926e+06  23149313539385.3
1.30926e+06  23757946012742.6
1.30926e+06  48910469273040
1.31741e+06  21570445114576
1.31741e+06  23273756661209.5
1.31741e+06  23757945998323.9
1.31741e+06  48951115711517.7
1.31741e+06  21570445114576
1.31741e+06  23273756661209.5
1.31741e+06  23757945998323.9
1.31741e+06  48951115711517.7
1.31741e+06  21570445114576
1.31741e+06  23273756661209.5
1.31741e+06  23757945998323.9
1.31741e+06  48951115711517.7
1.32556e+06  21570445105791.1
1.32556e+06  23397767431926.1
1.32556e+06  23757945970254.5
1.32556e+06  48992235305511.6
1.32556e+06  21570445105791.1
1.32556e+06  23397767431926.1
1.32556e+06  23757945970254.5
1.32556e+06  48992235305511.6
1.33371e+06  21570445096765.5
1.33371e+06  23521341398356.6
1.33371e+06  23757945906920.7
1.33371e+06  49033832345934.2
1.33371e+06  21570445096765.5
1.33371e+06  23521341398356.6
1.33371e+06  23757945906920.7
1.33371e+06  49033832345934.2
1.33371e+06  21570445096765.5
1.33371e+06  23521341398356.6
1.33371e+06  23757945906920.7
1.33371e+06  49033832345934.2
1.34187e+06  21570445089320.7
1.34187e+06  23644474259686.1
1.34187e+06  23757945690158.9
1.34187e+06  49075911103970.6
1.34187e+06  21570445089320.7
1.34187e+06  23644474259686.1
1.34187e+06  23757945690158.9
1.34187e+06  49075911103970.6
1.35002e+06  21570445080918.9
1.35002e+06  23757951023790.1
1.35002e+06  49118475870396.2
1.35002e+06  21570445080918.9
1.35002e+06  23757951023790.1
1.35002e+06  49118475870396.2
1.35002e+06  21570445080918.9
1.35002e+06  23757951023790.1
1.35002e+06  49118475870396.2
1.35817e+06  21570445073221.6
1.35817e+06  23757946492457.3
1.35817e+06  23889393594311.2
1.35817e+06  49161530943530.5
1.35817e+06  21570445073221.6
1.35817e+06  23757946492457.3
1.35817e+06  23889393594311.2
1.35817e+06  49161530943530.5
1.36632e+06  21570445065645.2
1.36632e+06  23757946323698.7
1.36632e+06  24011174086571
1.36632e+06  49205080625954.9
1.36632e+06  21570445065645.2
1.36632e+06  23757946323698.7
1.36632e+06  24011174086571
1.36632e+06  49205080625954.9
1.36632e+06  21570445065645.2
1.36632e+06  23757946323698.7
1.36632e+06  24011174086571
1.36632e+06  49205080625954.9
1.37448e+06  21570445057610.4
1.37448e+06  23757946268881.7
1.37448e+06  24132494222198.7
1.37448e+06  49249129222768.6
1.37448e+06  21570445057610.4
1.37448e+06  23757946268881.7
1.37448e+06  24132494222198.7
1.37448e+06  49249129222768.6
1.38263e+06  21570445049664.2
1.38263e+06  23757946244092.2
1.38263e+06  24253350084641.4
1.38263e+06  49293681039906.7
1.38263e+06  21570445049664.2
1.38263e+06  23757946244092.2
1.38263e+06  24253350084641.4
1.38263e+06  49293681039906.7
1.38263e+06  21570445049664.2
1.38263e+06  23757946244092.2
1.38263e+06  24253350084641.4
1.38263e+06  49293681039906.7
1.39078e+06  21570445042356.5
1.39078e+06  23757946231088.1
1.39078e+06  24373736925643.5
1.39078e+06  49338740382852.5
1.39078e+06  21570445042356.5
1.39078e+06  23757946231088.1
1.39078e+06  24373736925643.5
1.39078e+06  49338740382852.5
1.39893e+06  21570445034554.1
1.39893e+06  23757946224821.6
1.39893e+06  24493650064925.8
1.39893e+06  49384311563056.4
1.39893e+06  21570445034554.1
1.39893e+06  23757946224821.6
1.39893e+06  24493650064925.8
1.39893e+06  49384311563056.4
1.39893e+06  21570445034554.1
1.39893e+06  23757946224821.6
1.39893e+06  24493650064925.8
1.39893e+06  49384311563056.4
1.40709e+06  21570445027372
1.40709e+06  23757946221634.7
1.40709e+06  24613085139640.4
1.40709e+06  49430398873360.8
1.40709e+06  21570445027372
1.40709e+06  23757946221634.7
1.40709e+06  24613085139640.4
1.40709e+06  49430398873360.8
1.41524e+06  21570445019433.5
1.41524e+06  23757946221437.8
1.41524e+06  24732037574214.8
1.41524e+06  49477006604354.9
1.41524e+06  21570445019433.5
1.41524e+06  23757946221437.8
1.41524e+06  24732037574214.8
1.41524e+06  49477006604354.9
1.41524e+06  21570445019433.5
1.41524e+06  23757946221437.8
1.41524e+06  24732037574214.8
1.41524e+06  49477006604354.9
1.42339e+06  21570445011787.5
1.42339e+06  23757946222528
1.42339e+06  24850502820591.3
1.42339e+06  49524139040086.5
1.42339e+06  21570445011787.5
1.42339e+06  23757946222528
1.42339e+06  24850502820591.3
1.42339e+06  49524139040086.5
1.43154e+06  21570445004109.5
1.43154e+06  23757946224745.8
1.43154e+06  24968476349454.7
1.43154e+06  49571800459924.2
1.43154e+06  21570445004109.5
1.43154e+06  23757946224745.8
1.43154e+06  24968476349454.7
1.43154e+06  49571800459924.2
1.43154e+06  21570445004109.5
1.43154e+06  23757946224745.8
1.43154e+06  24968476349454.7
1.43154e+06  49571800459924.2
1.43969e+06  21570444996856
1.43969e+06  23757946227385.5
1.43969e+06  25085953648302.7
1.43969e+06  49619995136179.3
1.43969e+06  21570444996856
1.43969e+06  23757946227385.5
1.43969e+06  25085953648302.7
1.43969e+06  49619995136179.3
1.44785e+06  21570444989320.3
1.44785e+06  23757946230892.7
1.44785e+06  25202930221704.1
1.44785e+06  49668727298458.1
1.44785e+06  21570444989320.3
1.44785e+06  23757946230892.7
1.44785e+06  25202930221704.1
1.44785e+06  49668727298458.1
1.44785e+06  21570444989320.3
1.44785e+06  23757946230892.7
1.44785e+06  25202930221704.1
1.44785e+06  49668727298458.1
1.456e+06  21570444981247.9
1.456e+06  23757946235362.3
1.456e+06  25319401592679.6
1.456e+06  49717999975092.5
1.456e+06  49718000025134.4
1.456e+06  21570444981247.9
1.456e+06  23757946235362.3
1.456e+06  25319401592679.6
1.456e+06  49717999975092.5
1.456e+06  49718000025134.4
1.46415e+06  21570444973768.6
1.46415e+06  23757946239670.6
1.46415e+06  25435363305128.8
1.46415e+06  49767821052711.8
1.46415e+06  21570444973768.6
1.46415e+06  23757946239670.6
1.46415e+06  25435363305128.8
1.46415e+06  49767821052711.8
1.46415e+06  21570444973768.6
1.46415e+06  23757946239670.6
1.46415e+06  25435363305128.8
1.46415e+06  49767821052711.8
1.4723e+06  21570444966066.8
1.4723e+06  23757946244485.5
1.4723e+06  25550810925893.1
1.4723e+06  49818191046818.8
1.4723e+06  21570444966066.8
1.4723e+06  23757946244485.5
1.4723e+06  25550810925893.1
1.4723e+06  49818191046818.8
1.48046e+06  21570444958875.9
1.48046e+06  23757946249086.6
1.48046e+06  25665740041209.4
1.48046e+06  49869115362226.9
1.48046e+06  21570444958875.9
1.48046e+06  23757946249086.6
1.48046e+06  25665740041209.4
1.48046e+06  49869115362226.9
1.48046e+06  21570444958875.9
1.48046e+06  23757946249086.6
1.48046e+06  25665740041209.4
1.48046e+06  49869115362226.9
1.48861e+06  21570444950335.2
1.48861e+06  23757946255120.8
1.48861e+06  25780146230577.7
1.48861e+06  49920598142261.8
1.48861e+06  21570444950335.2
1.48861e+06  23757946255120.8
1.48861e+06  25780146230577.7
1.48861e+06  49920598142261.8
1.49676e+06  21570444943502.6
1.49676e+06  23757946259779.4
1.49676e+06  25894025184104.7
1.49676e+06  49972643509619
1.49676e+06  21570444943502.6
1.49676e+06  23757946259779.4
1.49676e+06  25894025184104.7
1.49676e+06  49972643509619
1.49676e+06  21570444943502.6
1.49676e+06  23757946259779.4
1.49676e+06  25894025184104.7
1.49676e+06  49972643509619
1.50491e+06  21570444934997.2
1.50491e+06  23757946266104.9
1.50491e+06  26007372586697
1.50491e+06  21570444934997.2
1.50491e+06  23757946266104.9
1.50491e+06  26007372586697
1.51306e+06  21570444927635.5
1.51306e+06  23757946271519.7
1.51306e+06  26120184127819.8
1.51306e+06  21570444927635.5
1.51306e+06  23757946271519.7
1.51306e+06  26120184127819.8
1.51306e+06  21570444927635.5
1.51306e+06  23757946271519.7
1.51306e+06  26120184127819.8
1.52122e+06  21570444919402.1
1.52122e+06  23757946277836
1.52122e+06  26232455527670.6
1.52122e+06  21570444919402.1
1.52122e+06  23757946277836
1.52122e+06  26232455527670.6
1.52937e+06  21570444912068
1.52937e+06  23757946283432
1.52937e+06  26344182623969.8
1.52937e+06  21570444912068
1.52937e+06  23757946283432
1.52937e+06  26344182623969.8
1.52937e+06  21570444912068
1.52937e+06  23757946283432
1.52937e+06  26344182623969.8
1.53752e+06  21570444903933.1
1.53752e+06  23757946289839.1
1.53752e+06  26455361188708.1
1.53752e+06  21570444903933.1
1.53752e+06  23757946289839.1
1.53752e+06  26455361188708.1
1.54567e+06  21570444896061
1.54567e+06  23757946296082
1.54567e+06  26565987107923.3
1.54567e+06  21570444896061
1.54567e+06  23757946296082
