0  75242911593.4609
0  23592461374478.2
0  23732228974142.4
0  24038247520338.9
4743.73  150485844307.261
4743.73  23592461374478
4743.73  23732228974142.5
4743.73  24038251743280.7
9487.47  225728713607.351
9487.47  23592461374477.6
9487.47  23732228974142.8
9487.47  24038258780544
14231.2  300971497490.906
14231.2  23592461374477.1
14231.2  23732228974143.1
14231.2  24038268630669.2
18974.9  376214172931.936
18974.9  23592461374476.5
18974.9  23732228974143.5
18974.9  24038281303799.2
23718.7  451456717261.723
23718.7  23592461374475.7
23718.7  23732228974143.9
23718.7  24038296802894.4
28462.4  526699103497.237
28462.4  23592461374474.8
28462.4  23732228974144.5
28462.4  24038315112406.5
33206.1  601941304868.213
33206.1  23592461374473.7
33206.1  23732228974145.2
33206.1  24038336249968.3
37949.9  677183294676.63
37949.9  23592461374472.5
37949.9  23732228974145.9
37949.9  24038360213987.8
42693.6  752425046238.484
42693.6  23592461374471.1
42693.6  23732228974146.8
42693.6  24038387003781.6
47437.3  827666529783.184
47437.3  23592461374469.6
47437.3  23732228974147.7
47437.3  24038416624623.1
52181.1  902907722046.219
52181.1  23592461374468
52181.1  23732228974148.7
52181.1  24038449087920.4
56924.8  978148596161.854
56924.8  23592461374466.2
56924.8  23732228974149.8
56924.8  24038484380256.4
61668.5  1053389125221.58
61668.5  23592461374464.3
61668.5  23732228974151
61668.5  24038522515437
66412.3  1128629282275.19
66412.3  23592461374462.2
66412.3  23732228974152.3
66412.3  24038563509357.2
71156  1203869038831.96
71156  23592461374460
71156  23732228974153.6
71156  24038607351931
75899.7  1279108368378.73
75899.7  23592461374457.6
75899.7  23732228974155.1
75899.7  24038654050508.6
80643.5  1354347244869.42
80643.5  23592461374455.1
80643.5  23732228974156.6
80643.5  24038703611577.4
85387.2  1429585641047.83
85387.2  23592461374452.5
85387.2  23732228974158.2
85387.2  24038756040966.7
90130.9  1504823529283.74
90130.9  23592461374449.7
90130.9  23732228974159.9
90130.9  24038811344591.1
94874.7  1580060880347.48
94874.7  23592461374900.5
94874.7  23732228973710.8
94874.7  24038869527142.1
99618.4  1655297668924.42
99618.4  23592461374897.4
99618.4  23732228973712.6
99618.4  24038930602955.3
104362  1730533867367.18
104362  23592461374894.2
104362  23732228973714.6
104362  24038994581415.2
109106  1805769446998.84
109106  23592461374506.8
109106  23732228974098.4
109106  24039061455072.8
113850  1881004379426.46
113850  23592461374369.3
113850  23732228974233.7
113850  24039131237693.8
118593  1956238638185.42
118593  23592461374365.6
118593  23732228974236
118593  24039203951048
123337  2031472194728.85
123337  23592461374361.8
123337  23732228974238.3
123337  24039279578675.1
128081  2106705019195.37
128081  23592461374357.9
128081  23732228974240.7
128081  24039358158427.7
132825  2181937085262.34
132825  23592461374353.8
132825  23732228974243.2
132825  24039439677590.8
137568  2257168363490.85
137568  23592461374803.3
137568  23732228973794.8
137568  24039524145357.9
142312  2332398824453.63
142312  23592461374799
142312  23732228973797.5
142312  24039611597487.4
147056  2407628440943.71
147056  23592461374794.5
147056  23732228973800.2
147056  24039702021218.6
151799  2482857181768.64
151799  23592461374789.8
151799  23732228973803.1
151799  24039795430311.5
156543  2558085019497.66
156543  23592461374401
156543  23732228974187.7
156543  24039891838449.2
161287  2633311923682.44
161287  23592461374396.1
161287  23732228974190.7
161287  24039991258856.5
166031  2708537865112.83
166031  23592461374257
166031  23732228974327
166031  24040093703337.6
170774  2783762813883.6
170774  23592461374705.5
170774  23732228973879.2
170774  24040199184032.6
175518  2858986739964.7
175518  23592461374700.1
175518  23732228973882.5
175518  24040307711204.3
180262  2934209613044.02
180262  23592461374694.6
180262  23732228973885.9
180262  24040419295540.8
185006  3009431403120.48
185006  23592461374688.9
185006  23732228973889.3
185006  24040533963685.1
189749  3084652078606.97
189749  23592461374683.1
189749  23732228973892.9
189749  24040651724084.4
194493  3159871609988.87
194493  23592461374293.2
194493  23732228974278.2
194493  24040772574308.5
199237  3235089964566.82
199237  23592461374740.8
199237  23732228973830.9
199237  24040896562396.1
203981  3310307112074.41
203981  23592461374600.5
203981  23732228973967.9
203981  24041023665150.1
208724  3385523021059.67
208724  23592461374210.2
208724  23732228974353.5
208724  24041153938667.7
213468  3460737658428.15
213468  23592461374203.6
213468  23732228974357.4
213468  24041287365293.4
218212  3535950992996.39
218212  23592461374197
218212  23732228974361.5
218212  24041423969809.7
222955  3611162992423.23
222955  23592461374259.9
222955  23732228974296.3
222955  24041563788923.3
227699  3686373623925.54
227699  23592461374252.9
227699  23732228974300.5
227699  24041706820517.5
232443  3761582853816.26
232443  23592461374111.8
232443  23732228974438
232443  24041853085377.7
237187  3836790649409.54
237187  23592461373516.8
237187  23732228975026.6
237187  24042002603759.2
241930  3911996977179.01
241930  23592461373963.2
241930  23732228974580.1
241930  24042155394336.4
246674  3987201803189.45
246674  23592461373955.6
246674  23732228974584.7
246674  24042311474934.7
251418  4062405093194.93
251418  23592461373563.9
251418  23732228974971
251418  24042470863898.2
256162  4137606812634.84
256162  23592461373556.1
256162  23732228974975.7
256162  24042633593503.1
260905  4212806926626.23
260905  23592461373548.2
260905  23732228974980.5
260905  24042799677727.8
265649  4288005399938.79
265649  23592461373859.7
265649  23732228974667.7
265649  24042969124321
270393  4363202197013.94
270393  23592461373851.5
270393  23732228974672.6
270393  24043141979093.2
275137  4438397281931.94
275137  23592461373459.1
275137  23732228975059.4
275137  24043318241282.8
279880  4513590618413.29
279880  23592461373450.5
279880  23732228975064.5
279880  24043497955606.9
284624  4588782169807.12
284624  23592461373895.6
284624  23732228974618.8
284624  24043681121559.6
289368  4663971898875.9
289368  23592461373752.7
289368  23732228974757.3
289368  24043867782592.1
294111  4739159767828.65
294111  23592461373359.7
294111  23732228975144.4
294111  24044057960238.2
298855  4814345739307.4
298855  23592461373804.3
298855  23732228974698.9
298855  24044251672035.1
303599  4889529775082.6
303599  23592461373795.1
303599  23732228974704.4
303599  24044448945531
308343  4964711835696.2
308343  23592461373785.6
308343  23732228974710.1
308343  24044649808262.7
313086  5039891882468.83
313086  23592461373642
313086  23732228974849
313086  24044854286182.4
317830  5115069875866.22
317830  23592461373702.1
317830  23732228974785.5
317830  24045062404875.3
322574  5190245775109.48
322574  23592461373692.2
322574  23732228974791.4
322574  24045274188647.9
327318  5265419540444.94
327318  23592461373682.2
327318  23732228974797.4
327318  24045489688464.4
332061  5340591129974.65
332061  23592461374125.8
332061  23732228974352.4
332061  24045708908478.9
336805  5415760502680.22
336805  23592461373597.5
336805  23732228974873.5
336805  24045931881326.3
341549  5490927616471.31
341549  23592461373587
341549  23732228974879.7
341549  24046158651596.9
346293  5566092428066.8
346293  23592461373646.2
346293  23732228974816.7
346293  24046389235704.1
351036  5641254894993.59
351036  23592461373635.4
351036  23732228974823
351036  24046623663074.2
355780  5716414973438.84
355780  23592461373106.5
355780  23732228975344.4
355780  24046861988921.3
360524  5791572619031.51
360524  23592461373549.2
360524  23732228974899.9
360524  24047104225720.9
365267  5866727786753.54
365267  23592461373538
365267  23732228974906.5
365267  24047350409999.5
370011  5941880431248.25
370011  23592461373142.7
370011  23732228975294.9
370011  24047600578098.4
374755  6017030506590.68
374755  23592461373585
374755  23732228974850.7
374755  24047854764559.9
379499  6092177966121.8
379499  23592461373439.3
379499  23732228974990.8
379499  24048113003706.3
384242  6167322762433.55
384242  23592461373427.6
384242  23732228974997.7
384242  24048375329145.4
388986  6242464847493.52
388986  23592461373485.4
388986  23732228974935.4
388986  24048641800170.7
393730  6317604172887.93
393730  23592461373339.3
393730  23732228975075.7
393730  24048912426847.6
398474  6392740689427.62
398474  23592461373327.1
398474  23732228975082.9
398474  24049187260488.5
403217  6467874347190.78
403217  23592461373384.5
403217  23732228975020.8
403217  24049466337195.7
407961  6543005094812.55
407961  23592461373372
407961  23732228975028.1
407961  24049749706332.7
412705  6618132881737.3
412705  23592461373679
412705  23732228974717.8
412705  24050037394721.7
417449  6693257655208.97
417449  23592461373282.2
417449  23732228975106.9
417449  24050329449834.1
422192  6768379362796.99
422192  23592461373135.3
422192  23732228975247.7
422192  24050625918962.9
426936  6843497950154.7
426936  23592461373575.9
426936  23732228974804.4
426936  24050926847314
431680  6918613363423.54
431680  23592461373044.6
431680  23732228975327
431680  24051232279255.5
436423  6993725547116.22
436423  23592461373485
436423  23732228974883.7
436423  24051542257543.7
441167  7068834444636.08
441167  23592461373087.4
441167  23732228975273.3
441167  24051856824535.9
445911  7143939999383.27
445911  23592461372555.7
445911  23732228975796.1
445911  24052176021568.3
450655  7219042153417.89
450655  23592461372995.6
450655  23732228975353.2
450655  24052499926931.7
455398  7294140847940.67
455398  23592461372981.6
455398  23732228975361.2
455398  24052828552846.2
460142  7369236023250.53
460142  23592461373037.2
460142  23732228975300.1
460142  24053161981032.9
464886  7444327618728.49
464886  23592461372888.9
464886  23732228975441.5
464886  24053500246275.1
469630  7519415572425.56
469630  23592461373328.2
469630  23732228974998.9
469630  24053843401271.8
474373  7594499992715.14
474373  7594500007198.78
474373  23592461372929.6
474373  23732228975388.9
474373  24054191502898.1
479117  7669580304099.66
479117  23592461372780.8
479117  23732228975530.6
479117  24054544607103.7
483861  7744656953475.4
483861  23592461373219.7
483861  23732228975088.1
483861  24054902768188.6
488605  7819729705022.25
488605  23592461372820.6
488605  23732228975478.4
488605  24055266038750.4
493348  7894798491330.67
493348  23592461373125.2
493348  23732228975169.3
493348  24055634486062.1
498092  7969863245047.57
498092  23592461373109.8
498092  23732228975178
498092  24056008167592
502836  8044923896920.43
502836  23592461373164.1
502836  23732228975117.6
502836  24056387136851.3
507579  8119980376506.69
507579  23592461373014.4
507579  23732228975259.7
507579  24056771457232
512323  8195032612589.21
512323  23592461373068.3
512323  23732228975199.3
512323  24057161205651.5
517067  8270080532583.53
517067  23592461373052.4
517067  23732228975208.3
517067  24057556431467.9
521811  8345124062530.63
521811  23592461372972
521811  23732228975281.3
521811  24057957202956.5
526554  8420163127039.84
526554  23592461372571.7
526554  23732228975672.2
526554  24058363586985.8
531298  8495197649882.4
531298  23592461373009.1
531298  23732228975230.4
531298  24058775649445.7
536042  8570227553366.08
536042  23592461372474.5
536042  23732228975754.6
536042  24059193481300.8
540786  8645252757657.92
540786  23592461372911.5
540786  23732228975313
540786  24059617124052.5
545529  8720273182851.15
545529  23592461372894.7
545529  23732228975322.5
545529  24060046672473.6
550273  8795288746116.23
550273  23592461372679.3
550273  23732228975529.1
550273  24060482183451.8
555017  8870299997303.8
555017  8870300002582.26
555017  23592461372662.2
555017  23732228975538.7
555017  24060923742784.2
559761  8945304952237.03
559761  23592461372714.6
559761  23732228975479
559761  24061371433536.4
564504  9020305423170.53
564504  23592461372563.1
564504  23732228975621.9
564504  24061825324530.9
569248  9095299998296.7
569248  9095300001821.26
569248  23592461372999.2
569248  23732228975180.7
569248  24062285509826.1
573992  9170290659228.45
573992  23592461372463.4
573992  23732228975705.5
573992  24062752059420.6
578735  9245275242951.52
578735  23592461372899.2
578735  23732228975264.4
578735  24063225047798.9
583479  9320254346066.84
583479  23592461372497.1
583479  23732228975656
583479  24063704594860.3
588223  9395227874173.88
588223  23592461372798.5
588223  23732228975348.3
588223  24064190756701.1
592967  9470195729654.59
592967  23592461372012.1
592967  23732228976121.8
592967  24064683633314.1
597710  9545157814134.11
597710  23592461372313.3
597710  23732228975814.1
597710  24065183320698.6
602454  9620114026744.6
602454  23592461372364.3
602454  23732228975755
602454  24065689912883.3
607198  9695064264723.63
607198  23592461372345.4
607198  23732228975765.3
607198  24066203501437.6
611942  9770008423322.13
611942  23592461372262.1
611942  23732228975839.6
611942  24066724174929.2
616685  9844946395741.31
616685  23592461372242.9
616685  23732228975850
616685  24067252061957.3
621429  9919878073283.18
621429  23592461372543.3
621429  23732228975542.7
621429  24067787235407.2
626173  9994803344313.13
626173  23592461372139.8
626173  23732228975934.9
626173  24068329808964.7
630917  10069722096065.1
630917  23592461372573.9
630917  23732228975494.5
630917  24068879895864.1
635660  10144634212433.9
635660  23592461372489.8
635660  23732228975569
635660  24069437604877.5
640404  10219539575603.8
640404  23592461372469.8
640404  23732228975579.7
640404  24070003041265
645148  10294438065118.8
645148  23592461372385.4
645148  23732228975654.4
645148  24070576310543.8
649891  10369329558110.6
649891  23592461372365.1
649891  23732228975665.2
649891  24071157556237.4
654635  10444213928812.9
654635  23592461371896.4
654635  23732228976121.7
654635  24071746874545.8
659379  10519091049328.5
659379  23592461372195.5
659379  23732228975814.8
659379  24072344392730.7
664123  10593960788813.1
664123  23592461371790.7
664123  23732228976207.5
664123  24072950237231.9
668866  10668823013737.9
668866  23592461372089.5
668866  23732228975900.8
668866  24073564531496.3
673610  10743677587383.2
673610  23592461371684.4
673610  23732228976293.6
673610  24074187413530.6
678354  10818524370564.8
678354  23592461371982.9
678354  23732228975986.9
678354  24074819008622.6
683098  10893363220656
683098  23592461372031.2
683098  23732228975928.8
683098  24075459464125.1
687841  10968193992420
687841  23592461371875.6
687841  23732228976073.3
687841  24076108908472.3
692585  11043016537136.9
692585  23592461371923.6
692585  23732228976015.3
692585  24076767485158.9
697329  11117830702752.2
697329  23592461372355.5
697329  23732228975575.6
697329  24077435348574.1
702073  11192636333835.5
702073  23592461371815.4
702073  23732228976101.9
702073  24078112642087.8
706816  11267433271769.5
706816  23592461372246.9
706816  23732228975662.4
706816  24078799521553.8
711560  11342221354198.2
711560  23592461371776.2
711560  23732228976119.5
711560  24079496140063.9
716304  11416999986079.7
716304  11417000014417
716304  23592461371369.7
716304  23732228976512.7
716304  24080202660461.5
721047  11491770284103.6
721047  23592461371666.7
721047  23732228976206.5
721047  24080919240793.4
725791  11566530788205.5
725791  23592461371713.6
725791  23732228976148.9
725791  24081646065500.5
730535  11641281749548.6
730535  23592461371556.5
730535  23732228976293.8
730535  24082383287351.6
735279  11716022986228.5
735279  23592461371603
735279  23732228976236.2
735279  24083131093966.8
740022  11790754312034.5
740022  23592461371899.4
740022  23732228975930.2
740022  24083889668334.5
744766  11865475537033.9
744766  23592461371357.8
744766  23732228976456.9
744766  24084659187714.8
749510  11940186465694.9
749510  23592461371653.8
749510  23732228976151
749510  24085439844148.7
754254  12014886898942.1
754254  23592461371699.7
754254  23732228976093.6
754254  24086231829201.6
758997  12089576632437.3
758997  23592461371157.6
758997  23732228976620.5
758997  24087035350340.6
763741  12164255456523.1
763741  23592461371203.2
763741  23732228976563.1
763741  24087850607923.6
768485  12238923157511.3
768485  23592461371114.5
768485  23732228976639.1
768485  24088677799193.7
773229  12313579515345.2
773229  23592461371543.7
773229  23732228976200.1
773229  24089517159432.8
777972  12388224305461.3
777972  23592461371000.9
777972  23732228976727.1
777972  24090368894138
782716  12462857297117.5
782716  23592461371429.8
782716  23732228976288.3
782716  24091233234794
787460  12537478254506.4
787460  23592461371340.4
787460  23732228976364.4
787460  24092110411770.6
792203  12612086935212.4
792203  23592461371385
792203  23732228976307.3
792203  24093000659909.7
796947  12686683091275.2
796947  23592461371225.6
796947  23732228976452.7
796947  24093904221304.1
801691  12761266468139.3
801691  23592461371269.7
801691  23732228976395.7
801691  24094821342412.2
806435  12835836804892.9
806435  23592461371563.7
806435  23732228976090.2
806435  24095752296888.1
811178  12910393833852.5
811178  23592461371223.5
811178  23732228976414.9
811178  24096697329097.5
815922  12984937280613.4
815922  23592461370679.4
815922  23732228976942.2
815922  24097656714772.8
820666  13059466863410.2
820666  23592461371106.8
820666  23732228976503.6
820666  24098630727669
825410  13133982293175.3
825410  23592461370882.1
825410  23732228976713.2
825410  24099619659606.7
830153  13208483273273.4
830153  23592461371309.2
830153  23732228976274.6
830153  24100623796176.8
834897  13282969499290
834897  23592461370764.4
834897  23732228976802
834897  24101643449338.1
839641  13357440658414.8
839641  23592461370673.1
839641  23732228976878.4
839641  24102678905761.1
844385  13431896429750.1
844385  23592461371099.7
844385  23732228976439.9
844385  24103730499802.8
849128  13506336483726.7
849128  23592461371008.1
849128  23732228976516.4
849128  24104798554437.9
853872  13580760481420.6
853872  23592461370596.6
853872  23732228976910.6
853872  24105883392315.1
858616  13655168075164.6
858616  23592461370504.6
858616  23732228976987.1
858616  24106985368771.2
863360  13729558907138.9
863360  23592461370546.5
863360  23732228976930.4
863360  24108104834757.1
868103  13803932610295.8
868103  23592461370454.1
868103  23732228977007
868103  24109242148911.5
872847  13878288806533.7
872847  23592461370879.6
872847  23732228976568.6
872847  24110397688562.6
877591  13952627107747.6
877591  23592461370786.9
877591  23732228976645.2
877591  24111571829906.3
882334  14026947114480.4
882334  23592461370240.3
882334  23732228977172.8
882334  24112764983341.6
887078  14101248416167.5
887078  23592461370665.2
887078  23732228976734.4
887078  24113977539978.4
891822  14175530590329.1
891822  23592461370572
891822  23732228976811
891822  24115209933388.3
896566  14249793202104.5
896566  23592461370478.5
896566  23732228976887.7
896566  24116462580113.1
901309  14324035804304.5
901309  23592461370384.9
901309  23732228976964.3
901309  24117735929319.3
906053  14398257936450
906053  23592461369837.3
906053  23732228977491.9
906053  24119030434905.3
910797  14472459124461.6
910797  23592461369877.4
910797  23732228977435.3
910797  24120346575243.5
915541  14546638880372
915541  23592461370167.1
915541  23732228977130.3
915541  24121684821638.4
920284  14620796701358.7
920284  23592461369753.1
920284  23732228977524.7
920284  24123045684068.4
925028  14694932069782.3
925028  23592461369658.5
925028  23732228977601.3
925028  24124429664131
929772  14769044451746.6
929772  23592461369947.7
929772  23732228977296.3
929772  24125837306729.5
934516  14843133297898.3
934516  23592461369986.7
934516  23732228977239.7
934516  24127269144776.9
939259  14917198041139.1
939259  23592461369437.8
939259  23732228977767.3
939259  24128725745116.6
944003  14991238097450.2
944003  23592461369476.5
944003  23732228977710.8
944003  24130207699024.6
948747  15065252864223.1
948747  23592461369380.9
948747  23732228977787.4
948747  24131715587540.9
953490  15139241720108.2
953490  23592461369285.1
953490  23732228977864
953490  24133249999878.2
953490  24133250000008.2
958234  15213204023907.6
958234  23592461369323.2
958234  23732228977807.4
958234  24134811686868.6
962978  15287139114357.6
962978  23592461369477
962978  23732228977635.5
962978  24136401191309.7
967722  15361046308545.5
967722  23592461369380.6
967722  23732228977712.1
967722  24138019224895.9
972465  15434924901918.1
972465  23592461369418.1
972465  23732228977655.5
972465  24139666498849.8
977209  15508774166486.1
977209  23592461369321.3
977209  23732228977732
977209  24141343734093.6
981953  15582593350675
981953  23592461369358.4
981953  23732228977675.3
981953  24143051674696.3
986697  15656381678438.1
986697  23592461368807.5
986697  23732228978202.9
986697  24144791094207.2
991440  15730138347162.2
991440  23592461368710.1
991440  23732228978279.3
991440  24146562792953.2
996184  15803862527988.4
996184  23592461368746.5
996184  23732228978222.6
996184  24148367595479.8
1.00093e+06  15877553363774.2
1.00093e+06  23592461369032.7
1.00093e+06  23732228977917.4
1.00093e+06  24150206361057.7
1.00567e+06  15951209968074.2
1.00567e+06  23592461368934.6
1.00567e+06  23732228977993.8
1.00567e+06  24152079960945.1
1.01042e+06  16024831424634.9
1.01042e+06  23592461368970.4
1.01042e+06  23732228977937
1.01042e+06  24153989321380.3
1.01516e+06  16098416784819.4
1.01516e+06  23592461368871.9
1.01516e+06  23732228978013.3
1.01516e+06  24155935377026.6
1.0199e+06  16171965067616.8
1.0199e+06  23592461369157.3
1.0199e+06  23732228977707.9
1.0199e+06  24157919109433.8
1.02465e+06  16245475257330.8
1.02465e+06  23592461368674.3
1.02465e+06  23732228978165.9
1.02465e+06  24159941535270.1
1.02939e+06  16318946302579.8
1.02939e+06  23592461368575.2
1.02939e+06  23732228978242.1
1.02939e+06  24162003696483.2
1.03413e+06  16392377114597.5
1.03413e+06  23592461368475.9
1.03413e+06  23732228978318.4
1.03413e+06  24164106679113.7
1.03888e+06  16465766565288.7
1.03888e+06  23592461368894.4
1.03888e+06  23732228977879.6
1.03888e+06  24166251609551.1
1.04362e+06  16539113486325.7
1.04362e+06  23592461368794.6
1.04362e+06  23732228977955.7
1.04362e+06  24168439651351.1
1.04837e+06  16612416666621.2
1.04837e+06  23592461368694.5
1.04837e+06  23732228978031.8
1.04837e+06  24170672011200.5
1.05311e+06  16685674850566.3
1.05311e+06  23592461368728.3
1.05311e+06  23732228977974.6
1.05311e+06  24172949999847.9
1.05311e+06  24172950000034.2
1.05785e+06  16758886736366.8
1.05785e+06  23592461368243.8
1.05785e+06  23732228978432.2
1.05785e+06  24175274753890.2
1.0626e+06  16832049983324.1
1.0626e+06  16832050018069.7
1.0626e+06  23592461368527.1
1.0626e+06  23732228978126.4
1.0626e+06  24177647785337.1
1.06734e+06  16905166162387.3
1.06734e+06  23592461368560.2
1.06734e+06  23732228978069.1
1.06734e+06  24180070423554.4
1.07208e+06  16978230847735.3
1.07208e+06  23592461368459
1.07208e+06  23732228978144.9
1.07208e+06  24182544136288.7
1.07683e+06  17051243520950.3
1.07683e+06  23592461368357.6
1.07683e+06  23732228978220.6
1.07683e+06  24185070414287.7
1.08157e+06  17124202614998.1
1.08157e+06  23592461368255.9
1.08157e+06  23732228978296.2
1.08157e+06  24187650836386.8
1.08631e+06  17197106502291.4
1.08631e+06  23592461368538
1.08631e+06  23732228977990.1
1.08631e+06  24190287014641.7
1.09106e+06  17269953491937.2
1.09106e+06  23592461368435.8
1.09106e+06  23732228978065.7
1.09106e+06  24192980642135.4
1.0958e+06  17342741826493.6
1.0958e+06  23592461367949.4
1.0958e+06  23732228978522.8
1.0958e+06  24195733476199.6
1.10055e+06  17415469679205.8
1.10055e+06  23592461367980.8
1.10055e+06  23732228978464.9
1.10055e+06  24198547339181.1
1.10529e+06  17488135150184.6
1.10529e+06  23592461367877.9
1.10529e+06  23732228978540.2
1.10529e+06  24201424118355
1.11003e+06  17560736263854.9
1.11003e+06  23592461367774.7
1.11003e+06  23732228978615.4
1.11003e+06  24204365803029.7
1.11478e+06  17633270964221.1
1.11478e+06  23592461368055.3
1.11478e+06  23732228978308.8
1.11478e+06  24207374431296.3
1.11952e+06  17705737111703
1.11952e+06  23592461368085.6
1.11952e+06  23732228978250.6
1.11952e+06  24210452154923.2
1.12426e+06  17778132478669.6
1.12426e+06  23592461367981.7
1.12426e+06  23732228978325.6
1.12426e+06  24213601184810.3
1.12901e+06  17850454745466.4
1.12901e+06  23592461367493.5
1.12901e+06  23732228978782.1
1.12901e+06  24216823838052.2
1.13375e+06  17922701495708.4
1.13375e+06  23592461367389
1.13375e+06  23732228978856.8
1.13375e+06  24220122538815.4
1.1385e+06  17994870211468.5
1.1385e+06  23592461367418.2
1.1385e+06  23732228978798.3
1.1385e+06  24223499799507.3
1.14324e+06  18066958268127.3
1.14324e+06  23592461367563.2
1.14324e+06  23732228978624.3
1.14324e+06  24226958234673.8
1.14798e+06  18138962929373.4
1.14798e+06  23592461367457.8
1.14798e+06  23732228978698.7
1.14798e+06  24230500582473.2
1.15273e+06  18210881341403.7
1.15273e+06  23592461367352.3
1.15273e+06  23732228978773
1.15273e+06  24234129690593
1.15747e+06  18282710526776.6
1.15747e+06  23592461367380.4
1.15747e+06  23732228978714
1.15747e+06  24237848543259.9
1.16221e+06  18354447378361.9
1.16221e+06  23592461366890.2
1.16221e+06  23732228979169.7
1.16221e+06  24241660233914
1.16696e+06  18426088652879.2
1.16696e+06  23592461366783.8
1.16696e+06  23732228979243.6
1.16696e+06  24245568007148.7
1.1717e+06  18497630963568.3
1.1717e+06  23592461367130.7
1.1717e+06  23732228978866.5
1.1717e+06  24249575246768.8
1.17645e+06  18569070772786.6
1.17645e+06  23592461367157.7
1.17645e+06  23732228978806.9
1.17645e+06  24253685493235.6
1.18119e+06  18640404384556.6
1.18119e+06  23592461367434.3
1.18119e+06  23732228978498.7
1.18119e+06  24257902434052
1.18119e+06  18640404384556.6
1.18119e+06  23592461367434.3
1.18119e+06  23732228978498.7
1.18119e+06  24257902434052
1.19305e+06  18818248018000
1.19305e+06  23592461367266.4
1.19305e+06  23732228978580.6
1.19305e+06  24268937338031.8
1.19305e+06  18818248018000
1.19305e+06  23592461367266.4
1.19305e+06  23732228978580.6
1.19305e+06  24268937338031.8
1.20491e+06  18995337954739.3
1.20491e+06  23592461366508.7
1.20491e+06  23732228979245.8
1.20491e+06  24280728993874.4
1.20491e+06  18995337954739.3
1.20491e+06  23592461366508.7
1.20491e+06  23732228979245.8
1.20491e+06  24280728993874.4
1.20491e+06  18995337954739.3
1.20491e+06  23592461366508.7
1.20491e+06  23732228979245.8
1.20491e+06  24280728993874.4
1.21677e+06  19171599979846.2
1.21677e+06  19171600021972.1
1.21677e+06  23592461366720.7
1.21677e+06  23732228978944
1.21677e+06  24293350508278.7
1.21677e+06  19171599979846.2
1.21677e+06  19171600021972.1
1.21677e+06  23592461366720.7
1.21677e+06  23732228978944
1.21677e+06  24293350508278.7
1.22863e+06  19346955300041.3
1.22863e+06  23592461366546.5
1.22863e+06  23732228979022.8
1.22863e+06  24306883844230.2
1.22863e+06  19346955300041.3
1.22863e+06  23592461366546.5
1.22863e+06  23732228979022.8
1.22863e+06  24306883844230.2
1.22863e+06  19346955300041.3
1.22863e+06  23592461366546.5
1.22863e+06  23732228979022.8
1.22863e+06  24306883844230.2
1.24049e+06  19521308610963.6
1.24049e+06  23592461366370.2
1.24049e+06  23732228979100.3
1.24049e+06  24321421055745.5
1.24049e+06  19521308610963.6
1.24049e+06  23592461366370.2
1.24049e+06  23732228979100.3
1.24049e+06  24321421055745.5
1.25235e+06  19694557441176.2
1.25235e+06  23592461366441.4
1.25235e+06  23732228978928.1
1.25235e+06  24337065650277.3
1.25235e+06  19694557441176.2
1.25235e+06  23592461366441.4
1.25235e+06  23732228978928.1
1.25235e+06  24337065650277.3
1.25235e+06  19694557441176.2
1.25235e+06  23592461366441.4
1.25235e+06  23732228978928.1
1.25235e+06  24337065650277.3
1.2642e+06  19866585242011.5
1.2642e+06  23592461365876.3
1.2642e+06  23732228979384.7
1.2642e+06  24353934136069.8
1.2642e+06  19866585242011.5
1.2642e+06  23592461365876.3
1.2642e+06  23732228979384.7
1.2642e+06  24353934136069.8
1.27606e+06  20037260724099.2
1.27606e+06  23592461366076.5
1.27606e+06  23732228979076.4
1.27606e+06  24372157767111.2
1.27606e+06  20037260724099.2
1.27606e+06  23592461366076.5
1.27606e+06  23732228979076.4
1.27606e+06  24372157767111.2
1.27606e+06  20037260724099.2
1.27606e+06  23592461366076.5
1.27606e+06  23732228979076.4
1.27606e+06  24372157767111.2
1.28792e+06  20206435938521
1.28792e+06  23592461365436.5
1.28792e+06  23732228979599.2
1.28792e+06  24391884454894
1.28792e+06  20206435938521
1.28792e+06  23592461365436.5
1.28792e+06  23732228979599.2
1.28792e+06  24391884454894
1.29978e+06  20373944183605.3
1.29978e+06  23592461365113.3
1.29978e+06  23732228979802.5
1.29978e+06  24413280867719.2
1.29978e+06  20373944183605.3
1.29978e+06  23592461365113.3
1.29978e+06  23732228979802.5
1.29978e+06  24413280867719.2
1.29978e+06  20373944183605.3
1.29978e+06  23592461365113.3
1.29978e+06  23732228979802.5
1.29978e+06  24413280867719.2
1.31164e+06  20539597774138.6
1.31164e+06  23592461365171.1
1.31164e+06  23732228979622.3
1.31164e+06  24436534656255.7
1.31164e+06  20539597774138.6
1.31164e+06  23592461365171.1
1.31164e+06  23732228979622.3
1.31164e+06  24436534656255.7
1.3235e+06  20703185731970.4
1.3235e+06  23592461364591.9
1.3235e+06  23732228980070.3
1.3235e+06  24461856764442.9
1.3235e+06  20703185731970.4
1.3235e+06  23592461364591.9
1.3235e+06  23732228980070.3
1.3235e+06  24461856764442.9
1.3235e+06  20703185731970.4
1.3235e+06  23592461364591.9
1.3235e+06  23732228980070.3
1.3235e+06  24461856764442.9
1.33536e+06  20864471507875.8
1.33536e+06  23592461364777.3
1.33536e+06  23732228979752.8
1.33536e+06  24489483705156.7
1.33536e+06  20864471507875.8
1.33536e+06  23592461364777.3
1.33536e+06  23732228979752.8
1.33536e+06  24489483705156.7
1.34722e+06  21023190899595.1
1.34722e+06  23592461364057.3
1.34722e+06  23732228980329.6
1.34722e+06  24519679649861.1
1.34722e+06  21023190899595.1
1.34722e+06  23592461364057.3
1.34722e+06  23732228980329.6
1.34722e+06  24519679649861.1
1.34722e+06  21023190899595.1
1.34722e+06  23592461364057.3
1.34722e+06  23732228980329.6
1.34722e+06  24519679649861.1
1.35908e+06  21179049964262.8
1.35908e+06  21179050036981.7
1.35908e+06  23592461364235.5
1.35908e+06  23732228980007.4
1.35908e+06  24552738064512.9
1.35908e+06  21179049964262.8
1.35908e+06  21179050036981.7
1.35908e+06  23592461364235.5
1.35908e+06  23732228980007.4
1.35908e+06  24552738064512.9
1.37094e+06  21331726386372.3
1.37094e+06  23592461364025.8
1.37094e+06  23732228980064.3
1.37094e+06  24588982568046.2
1.37094e+06  21331726386372.3
1.37094e+06  23592461364025.8
1.37094e+06  23732228980064.3
1.37094e+06  24588982568046.2
1.37094e+06  21331726386372.3
1.37094e+06  23592461364025.8
1.37094e+06  23732228980064.3
1.37094e+06  24588982568046.2
1.3828e+06  21480865381751.6
1.3828e+06  23592461363677.8
1.3828e+06  23732228980251.7
1.3828e+06  24628766575718.9
1.3828e+06  21480865381751.6
1.3828e+06  23592461363677.8
1.3828e+06  23732228980251.7
1.3828e+06  24628766575718.9
1.39466e+06  21626086300800.7
1.39466e+06  23592461363779
1.39466e+06  23732228979985.1
1.39466e+06  24672471153223.3
1.39466e+06  21626086300800.7
1.39466e+06  23592461363779
1.39466e+06  23732228979985.1
1.39466e+06  24672471153223.3
1.39466e+06  21626086300800.7
1.39466e+06  23592461363779
1.39466e+06  23732228979985.1
1.39466e+06  24672471153223.3
1.40652e+06  21766984935218.4
1.40652e+06  23592461363171.7
1.40652e+06  23732228980414.8
1.40652e+06  24720499997196.3
1.40652e+06  24720500002739.2
1.40652e+06  21766984935218.4
1.40652e+06  23592461363171.7
1.40652e+06  23732228980414.8
1.40652e+06  24720499997196.3
1.40652e+06  24720500002739.2
1.41838e+06  21903141519115.4
1.41838e+06  23592461363193
1.41838e+06  23732228980210.9
1.41838e+06  24773274285259
1.41838e+06  21903141519115.4
1.41838e+06  23592461363193
1.41838e+06  23732228980210.9
1.41838e+06  24773274285259
1.41838e+06  21903141519115.4
1.41838e+06  23592461363193
1.41838e+06  23732228980210.9
1.41838e+06  24773274285259
1.43024e+06  22034131774610.3
1.43024e+06  23592461362574.6
1.43024e+06  23732228980633.6
1.43024e+06  24831216825776.1
1.43024e+06  22034131774610.3
1.43024e+06  23592461362574.6
1.43024e+06  23732228980633.6
1.43024e+06  24831216825776.1
1.44209e+06  22159541603627
1.44209e+06  23592461362653.7
1.44209e+06  23732228980352.8
1.44209e+06  24894742166455.9
1.44209e+06  22159541603627
1.44209e+06  23592461362653.7
1.44209e+06  23732228980352.8
1.44209e+06  24894742166455.9
1.44209e+06  22159541603627
1.44209e+06  23592461362653.7
1.44209e+06  23732228980352.8
1.44209e+06  24894742166455.9
1.45395e+06  22278985034386.2
1.45395e+06  23592461362656.3
1.45395e+06  23732228980137.2
1.45395e+06  24964236250849.2
1.45395e+06  22278985034386.2
1.45395e+06  23592461362656.3
1.45395e+06  23732228980137.2
1.45395e+06  24964236250849.2
1.46581e+06  22392124298562
1.46581e+06  23592461362017.4
1.46581e+06  23732228980547.2
1.46581e+06  25040036819619.3
1.46581e+06  22392124298562
1.46581e+06  23592461362017.4
1.46581e+06  23732228980547.2
1.46581e+06  25040036819619.3
1.46581e+06  22392124298562
1.46581e+06  23592461362017.4
1.46581e+06  23732228980547.2
1.46581e+06  25040036819619.3
1.47767e+06  22498690157383.5
1.47767e+06  23592461362074
1.47767e+06  23732228980252.9
1.47767e+06  25122413084189.4
1.47767e+06  22498690157383.5
1.47767e+06  23592461362074
1.47767e+06  23732228980252.9
1.47767e+06  25122413084189.4
1.48953e+06  22598499983283
1.48953e+06  22598500016749.8
1.48953e+06  23592461361284
1.48953e+06  23732228980786.1
1.48953e+06  25211547628859.6
1.48953e+06  22598499983283
1.48953e+06  22598500016749.8
1.48953e+06  23592461361284
1.48953e+06  23732228980786.1
1.48953e+06  25211547628859.6
1.48953e+06  22598499983283
1.48953e+06  22598500016749.8
1.48953e+06  23592461361284
1.48953e+06  23732228980786.1
1.48953e+06  25211547628859.6
1.50139e+06  22691471085415.6
1.50139e+06  23592461361839.4
1.50139e+06  23732228979966
1.50139e+06  25307523164589.1
1.50139e+06  22691471085415.6
1.50139e+06  23592461361839.4
1.50139e+06  23732228979966
1.50139e+06  25307523164589.1
1.51325e+06  22777626820230.1
1.51325e+06  23592461361027.9
1.51325e+06  23732228980487.5
1.51325e+06  25410316262335.8
1.51325e+06  22777626820230.1
1.51325e+06  23592461361027.9
1.51325e+06  23732228980487.5
1.51325e+06  25410316262335.8
1.51325e+06  22777626820230.1
1.51325e+06  23592461361027.9
1.51325e+06  23732228980487.5
1.51325e+06  25410316262335.8
1.52511e+06  22857094958064.7
1.52511e+06  23592461361041.3
1.52511e+06  23732228980169.7
1.52511e+06  25519799978379.3
1.52511e+06  25519800019944.5
1.52511e+06  22857094958064.7
1.52511e+06  23592461361041.3
1.52511e+06  23732228980169.7
1.52511e+06  25519799978379.3
1.52511e+06  25519800019944.5
1.53697e+06  22930098068259.4
1.53697e+06  23592461360202.8
1.53697e+06  23732228980677.6
1.53697e+06  25635749971874.9
1.53697e+06  25635750026141.6
1.53697e+06  22930098068259.4
1.53697e+06  23592461360202.8
1.53697e+06  23732228980677.6
1.53697e+06  25635749971874.9
1.53697e+06  25635750026141.6
1.53697e+06  22930098068259.4
1.53697e+06  23592461360202.8
1.53697e+06  23732228980677.6
1.53697e+06  25635749971874.9
1.53697e+06  25635750026141.6
1.54883e+06  22996937851813.1
1.54883e+06  23592461360319.5
1.54883e+06  23732228980211.9
1.54883e+06  25757864730944.7
1.54883e+06  22996937851813.1
1.54883e+06  23592461360319.5
1.54883e+06  23732228980211.9
1.54883e+06  25757864730944.7
1.56069e+06  23057975740465.8
1.56069e+06  23592461359311.8
1.56069e+06  23732228980837.1
1.56069e+06  25885784261298.7
1.56069e+06  23057975740465.8
1.56069e+06  23592461359311.8
1.56069e+06  23732228980837.1
1.56069e+06  25885784261298.7
1.56069e+06  23057975740465.8
1.56069e+06  23592461359311.8
1.56069e+06  23732228980837.1
1.56069e+06  25885784261298.7
1.57255e+06  23113612398020.9
1.57255e+06  23592461358934.4
1.57255e+06  23732228980805.1
1.57255e+06  26019107104731.8
1.57255e+06  23113612398020.9
1.57255e+06  23592461358934.4
1.57255e+06  23732228980805.1
1.57255e+06  26019107104731.8
1.58441e+06  23164268400698.8
1.58441e+06  23592461358467.4
1.58441e+06  23732228980827.3
1.58441e+06  26157412664989.8
1.58441e+06  23164268400698.8
1.58441e+06  23592461358467.4
1.58441e+06  23732228980827.3
1.58441e+06  26157412664989.8
1.58441e+06  23164268400698.8
1.58441e+06  23592461358467.4
1.58441e+06  23732228980827.3
1.58441e+06  26157412664989.8
1.59627e+06  23210367613576.2
1.59627e+06  23592461358354.4
1.59627e+06  23732228980457.2
1.59627e+06  26300277051665.8
1.59627e+06  23210367613576.2
1.59627e+06  23592461358354.4
1.59627e+06  23732228980457.2
1.59627e+06  26300277051665.8
1.60813e+06  23252324097512.9
1.60813e+06  23592461357368.5
1.60813e+06  23732228980908.3
1.60813e+06  26447286182023.1
1.60813e+06  23252324097512.9
1.60813e+06  23592461357368.5
1.60813e+06  23732228980908.3
1.60813e+06  26447286182023.1
1.60813e+06  23252324097512.9
1.60813e+06  23592461357368.5
1.60813e+06  23732228980908.3
1.60813e+06  26447286182023.1
1.61999e+06  23290532628471
1.61999e+06  23592461357177.4
1.61999e+06  23732228980514
1.61999e+06  26598045254516.1
1.61999e+06  23290532628471
1.61999e+06  23592461357177.4
1.61999e+06  23732228980514
1.61999e+06  26598045254516.1
1.63184e+06  23325362548424
1.63184e+06  23592461356684.2
1.63184e+06  23732228980354.3
1.63184e+06  26752184905581.1
1.63184e+06  23325362548424
1.63184e+06  23592461356684.2
1.63184e+06  23732228980354.3
1.63184e+06  26752184905581.1
1.63184e+06  23325362548424
1.63184e+06  23592461356684.2
1.63184e+06  23732228980354.3
1.63184e+06  26752184905581.1
1.6437e+06  23357154349505.9
1.6437e+06  23592461356242.3
1.6437e+06  23732228980064.3
1.6437e+06  26909364621499
1.6437e+06  23357154349505.9
1.6437e+06  23592461356242.3
1.6437e+06  23732228980064.3
1.6437e+06  26909364621499
1.65556e+06  23386218392012.2
1.65556e+06  23592461355015.6
1.65556e+06  23732228980457.1
1.65556e+06  27069274024075.2
1.65556e+06  23386218392012.2
1.65556e+06  23592461355015.6
1.65556e+06  23732228980457.1
1.65556e+06  27069274024075.2
1.65556e+06  23386218392012.2
1.65556e+06  23592461355015.6
1.65556e+06  23732228980457.1
1.65556e+06  27069274024075.2
1.66742e+06  23412835124631
1.66742e+06  23592461354655.4
1.66742e+06  23732228979865.5
1.66742e+06  27231632635338.9
1.66742e+06  23412835124631
1.66742e+06  23592461354655.4
1.66742e+06  23732228979865.5
1.66742e+06  27231632635338.9
1.67928e+06  23437256356650.8
1.67928e+06  23592461353505.4
1.67928e+06  23732228979901.9
1.67928e+06  27396188627726.8
1.67928e+06  23437256356650.8
1.67928e+06  23592461353505.4
1.67928e+06  23732228979901.9
1.67928e+06  27396188627726.8
1.67928e+06  23437256356650.8
1.67928e+06  23592461353505.4
1.67928e+06  23732228979901.9
1.67928e+06  27396188627726.8
1.69114e+06  23459707120849.2
1.69114e+06  23592461352685.7
1.69114e+06  23732228979400.8
1.69114e+06  27562716950506
1.69114e+06  23459707120849.2
1.69114e+06  23592461352685.7
1.69114e+06  23732228979400.8
1.69114e+06  27562716950506
1.703e+06  23480387861313.3
1.703e+06  23592461350834.9
1.703e+06  23732228979638.2
1.703e+06  27731017136938.3
1.703e+06  23480387861313.3
1.703e+06  23592461350834.9
1.703e+06  23732228979638.2
1.703e+06  27731017136938.3
1.703e+06  23480387861313.3
1.703e+06  23592461350834.9
1.703e+06  23732228979638.2
1.703e+06  27731017136938.3
1.71486e+06  23499476752419
1.71486e+06  23592461349230.2
1.71486e+06  23732228979217.5
1.71486e+06  27900910997886.6
1.71486e+06  23499476752419
1.71486e+06  23592461349230.2
1.71486e+06  23732228979217.5
1.71486e+06  27900910997886.6
1.72672e+06  23517131957002
1.72672e+06  23592461346905.7
1.72672e+06  23732228978880.8
1.72672e+06  28072240334893.3
1.72672e+06  23517131957002
1.72672e+06  23592461346905.7
1.72672e+06  23732228978880.8
1.72672e+06  28072240334893.3
1.72672e+06  23517131957002
1.72672e+06  23592461346905.7
1.72672e+06  23732228978880.8
1.72672e+06  28072240334893.3
1.73858e+06  23533493844079.4
1.73858e+06  23592461343811.6
1.73858e+06  23732228978260.5
1.73858e+06  28244864764180
1.73858e+06  23533493844079.4
1.73858e+06  23592461343811.6
1.73858e+06  23732228978260.5
1.73858e+06  28244864764180
1.75044e+06  23548686995169.8
1.75044e+06  23592461338270.9
1.75044e+06  23732228978115.6
1.75044e+06  28418659698696.2
1.75044e+06  23548686995169.8
1.75044e+06  23592461338270.9
1.75044e+06  23732228978115.6
1.75044e+06  28418659698696.2
1.75044e+06  23548686995169.8
1.75044e+06  23592461338270.9
1.75044e+06  23732228978115.6
1.75044e+06  28418659698696.2
1.7623e+06  23562822020951.2
1.7623e+06  23592461328481
1.7623e+06  23732228977792.5
1.7623e+06  28593514507342.5
1.7623e+06  23562822020951.2
1.7623e+06  23592461328481
1.7623e+06  23732228977792.5
1.7623e+06  28593514507342.5
1.77416e+06  23575997159780
1.77416e+06  23592461304624
1.77416e+06  23732228977418.1
1.77416e+06  28769330862474
1.77416e+06  23575997159780
1.77416e+06  23592461304624
1.77416e+06  23732228977418.1
1.77416e+06  28769330862474
1.77416e+06  23575997159780
1.77416e+06  23592461304624
1.77416e+06  23732228977418.1
1.77416e+06  28769330862474
1.78602e+06  23588299999901.7
1.78602e+06  23588300000036.2
1.78602e+06  23592461148927.4
1.78602e+06  23732228976736.5
1.78602e+06  28946021267798.3
1.78602e+06  23588299999901.7
1.78602e+06  23588300000036.2
1.78602e+06  23592461148927.4
1.78602e+06  23732228976736.5
1.78602e+06  28946021267798.3
1.79788e+06  23592461476850.2
1.79788e+06  23599808695331
1.79788e+06  23732228977068.4
1.79788e+06  29123507754420.3
1.79788e+06  23592461476850.2
1.79788e+06  23599808695331
1.79788e+06  23732228977068.4
1.79788e+06  29123507754420.3
1.79788e+06  23592461476850.2
1.79788e+06  23599808695331
1.79788e+06  23732228977068.4
1.79788e+06  29123507754420.3
1.80973e+06  23592461405826.9
1.80973e+06  23610592230423.9
1.80973e+06  23732228975655.9
1.80973e+06  29301720736955
1.80973e+06  23592461405826.9
1.80973e+06  23610592230423.9
1.80973e+06  23732228975655.9
1.80973e+06  29301720736955