 7.00297088532383e+002    6.65128796616685e+000
 7.09090909090909e+002    7.57400999615531e+000
 7.19429590017825e+002    8.72741253364092e+000
 7.31729055258467e+002    9.88081507112648e+000
 7.42543077837195e+002    1.65705497885429e+001
 7.50623885918004e+002    2.75663206459054e+001
 7.56149732620321e+002    4.94809688581315e+001
 7.58823529411765e+002    4.50211457131872e+001
 7.58764111705288e+002    5.93233371780085e+001
 7.58169934640523e+002    7.04728950403691e+001
 7.58764111705288e+002    7.57016532103037e+001
 7.57991681521093e+002    9.12341407151096e+001
 7.57932263814617e+002    9.80776624375240e+001
 7.58764111705288e+002    2.29527104959631e+001
 7.58764111705288e+002   -9.61168781237987e-001
 7.59417706476530e+002   -2.54901960784314e+001
 7.66310160427807e+002   -2.74894271434064e+001
 7.59358288770053e+002   -5.07112648981161e+001
 7.62626262626263e+002   -5.49404075355632e+001
 7.59417706476530e+002   -7.91618608227605e+001
 7.60190136660725e+002   -9.35409457900807e+001
 7.74331550802139e+002   -8.65051903114187e+000
 7.92513368983957e+002   -4.57516339869281e+000
 8.14379084967320e+002    1.15340253748556e-001
 8.43731431966726e+002   -9.61168781237987e-001
 8.74985145573381e+002    1.15340253748556e-001
 9.00059417706477e+002   -9.61168781237987e-001
 1.25498622589532e+003    1.98581560283688e+001
 1.28712580348944e+003    2.71079590228526e+001
 1.32119375573921e+003    4.27107959022853e+001
 1.33726354453627e+003    6.98187549251379e+001
 1.34767676767677e+003    1.10480693459417e+002
 1.35153351698806e+003    1.46729708431836e+002
 1.35166207529844e+003    1.75886524822695e+002
 1.35487603305785e+003    1.96059889676911e+002
 1.35796143250689e+003    1.75886524822695e+002
 1.35770431588613e+003    1.46414499605989e+002
 1.35783287419651e+003    1.21985815602837e+002
 1.35783287419651e+003    8.98345153664303e+001
 1.35796143250689e+003    5.87864460204886e+001
 1.35744719926538e+003    2.08037825059102e+001
 1.35937557392103e+003   -1.78092986603625e+001
 1.35911845730028e+003   -5.61071710007880e+001
 1.35950413223141e+003   -9.42474389282900e+001
 1.36053259871442e+003   -1.33018124507486e+002
 1.36246097337006e+003   -1.62490149724192e+002
 1.36374655647383e+003   -1.80299448384555e+002
 1.36644628099174e+003   -1.46572104018913e+002
 1.36786042240588e+003   -1.05910165484634e+002
 1.37428833792470e+003   -7.43892828999212e+001
 1.38277318640955e+003   -4.71237194641450e+001
 1.40038567493113e+003   -2.45862884160756e+001
 1.42841138659320e+003   -1.15051221434200e+001
 1.47250688705234e+003   -4.88573680063041e+000
 1.51377410468320e+003   -2.36406619385343e+000
 1.55452708907254e+003   -1.57604412923575e-001
 1.59142332415060e+003    2.36406619385340e+000
 1.62677685950413e+003    4.57052797478329e+000
 1.65943067033976e+003    4.41292356185974e+000
 1.68758494031221e+003    4.41292356185974e+000

