0  127532649943.808
0  18060063824663.8
0  28404721065280
8762.01  241324965467.406
8762.01  260456674981.621
8762.01  18060063801096
8762.01  28405780143239.5
17524  363727645792.812
17524  414113328838.1
17524  18060063761814.1
17524  28407550406857
26286  480459896879.598
26286  561325567812.945
26286  18060063706814.5
26286  28410039633610.3
35048  596672622697.19
35048  707045000195.009
35048  18060063636092.2
35048  26640883685206.3
35048  28413258868098.8
43810.1  717753097599.065
43810.1  852168468610.321
43810.1  18060063549640.8
43810.1  26642840298600
43810.1  28417222583481.8
52572.1  835874615774.469
52572.1  992921132845.866
52572.1  18060063447452.6
52572.1  26648988228080.7
52572.1  26650681027362.5
52572.1  28421948896900.5
61334.1  953973181630.906
61334.1  1133186236068.36
61334.1  18060063329941.3
61334.1  26647441540874.5
61334.1  26652135642027.2
61334.1  28427459844994.8
70096.1  1073914194664.97
70096.1  1274965496463.84
70096.1  18060063196250
70096.1  26646080597586.5
70096.1  26654148168780.8
70096.1  28433781729633.7
78858.1  1191832741749.4
78858.1  1417463326872.57
78858.1  18060063046789.8
78858.1  26644897260600.3
78858.1  26657040671947.7
78858.1  28440945540481.5
87620.1  1310857984541.6
87620.1  1560339258373.29
87620.1  18060062881546.9
87620.1  26643874942672.6
87620.1  26661457315917.8
87620.1  28448987473931.5
96382.1  1429673712601.08
96382.1  1703421206712.62
96382.1  18060062700506.9
96382.1  26642994114425.6
96382.1  26668896142482.4
96382.1  28457196379405.4
105144  1547290352556.85
105144  1844604620927.08
105144  18060062503652.5
105144  26642235330772.1
105144  26683816177793.8
105144  28466169448661.8
113906  1666456510836.06
113906  1984662115656.6
113906  18060062290966.1
113906  26641580702696.5
113906  26702756657672.8
113906  28476046707275.7
122668  1784588366422.22
122668  2125496759998.69
122668  18060062062818.7
122668  26641014465592.3
122668  26709848170044.3
122668  28486879758575.7
131430  1902127200939.33
131430  2266820775778.25
131430  18060061818628.4
131430  26640523068619.9
131430  26719139549297.9
131430  28498727838948.8
140192  2020805513203.88
140192  2408457563729.88
140192  18060061558323.9
140192  26640095033558.5
140192  26731752422657.9
140192  28510565064119.4
148954  2138364995427.99
148954  2550291964929.09
148954  18060061281677.8
148954  26639720716482.8
148954  26749740307010.7
148954  28523301363517.7
157716  2255845732409.99
157716  2689368540500.63
157716  18060060989511.3
157716  26639392049748
157716  26760114656450.2
157716  28537126342520.7
166478  2373737324799.21
166478  2828969837240.76
166478  18060060681374
166478  26639102292671.4
166478  26772809654979
166478  28551927748877.9
175240  2490739561323.32
175240  2969012929931.71
175240  18060060357018.1
175240  26638845813064.4
175240  26788928485955.6
175240  28566670575686.5
184002  2607845252641.5
184002  3109358308713.93
184002  18060060016852.8
184002  26638617896907.2
184002  26805596959715
184002  28582605895215.6
192764  2725030909564.31
192764  3249877684932.17
192764  18060059660846.7
192764  26638414590166.1
192764  26820135673210.1
192764  28599834612466
201526  2841453055517.05
201526  3387886602176.72
201526  18060059288527.6
201526  26638232566822.3
201526  26837792958669.7
201526  28616771905925.8
210288  2957949252864.09
210288  3526401421250.72
210288  18060058900690.1
210288  26638069019170.1
210288  26856356833132.6
210288  28635026912386.5
219050  3074442013214.47
219050  3665278280144.77
219050  18060058495859.1
219050  26637921570232.3
219050  26873574233910.6
219050  28654314133743.3
227812  3190243320379.41
227812  3804411545998.89
227812  18060058074622.9
227812  26637788199260.6
227812  26893990117099.1
227812  28673667005118.4
236574  3305929853057.17
236574  3942168483926.08
236574  18060057637568.1
236574  26637667183228.4
236574  26913353594805
236574  28694539615181.6
245336  3421710451784.05
245336  4079267972414.14
245336  18060057184450.6
245336  26637557047397.8
245336  26933928925296.8
245336  28715554081089
254098  3536840591495.78
254098  4216752812996.43
254098  18060056714788.4
254098  26637456525205.2
254098  26956183651072.5
254098  28737685363907.8
262860  3651529014779.97
262860  4354519940646.82
262860  18060056228537.1
262860  26637364523698.5
262860  26977655306842.1
262860  28760562182183
271622  3766560859412.51
271622  4490873034712.81
271622  18060055726699.1
271622  26637280099108.2
271622  27001842260983.7
271622  28784066307217.4
280384  3880963800700.49
280384  4626687909404.6
280384  18060055207585.5
280384  26637202431349.1
280384  27024648608579
280384  28808627766663.1
289146  3994820360398.16
289146  4762884923880.05
289146  18060054671942.8
289146  26637130806933.6
289146  27050353975138.3
289146  28833636880633.7
297908  4108700655035.92
297908  4899242089588.32
297908  18060054119955.8
297908  26637064602479.2
297908  27074800519573
297908  28859742223345.3
306670  4222316568673.78
306670  5033436010029.97
306670  18060053551352
306670  26637003272838.8
306670  27101844010127.3
306670  28886410259299.9
315432  4335379615604.95
315432  5168098727764.91
315432  18060052967328
315432  26636946337845.8
315432  27128166061744.8
315432  28913948272537.5
324194  4447939050807.91
324194  5303123016665.45
324194  18060052365104.7
324194  26636893374700.2
324194  27156480991754.1
324194  28942456053398.4
332956  4560582253596.46
332956  5436385048929.77
332956  18060051745891.7
332956  26636844010629.8
332956  27184871254034.8
332956  28971339770490.4
341718  4672783898768.01
341718  5569599550885.49
341718  18060051110254.7
341718  26636797915191.8
341718  27214449760379.1
341718  29001742879481.1
350480  4784462997192.02
350480  5703236417901.21
350480  18060050457708.6
350480  26636754793946.5
350480  27245071988267.2
350480  29032064837433.7
359242  4895650638550.47
359242  5835103140846.14
359242  18060049788798.3
359242  26636714386057
359242  27275936435723.3
359242  29063684564417.2
368004  5006688152039.37
368004  5966991382233.3
368004  18060049101598.2
368004  26636676458561.3
368004  27308241233020
368004  29096332701267.8
376766  5117414960003.79
376766  6099241203676.96
376766  18060048398152.4
376766  26636640802440.9
376766  27341119495070.7
376766  29129136510098.8
385528  5227625169535.87
385528  6229334198428.54
385528  18060047677309.9
385528  26636607230326.6
385528  27374745483286.6
385528  29163233440952.7
394290  5337339077567.46
394290  6360039979350.18
394290  18060046938999.1
394290  26636575574871.7
394290  27409561976970.1
394290  29198396114599
403052  5446571509645.71
403052  6489926857675.42
403052  18060046184413.2
403052  26636545685026.3
403052  27445168086030
403052  29233637418378.7
411815  5555568367395.54
411815  6618981340573.86
411815  18060045411177.1
411815  26636517423558.8
411815  27481408701064.9
411815  29270059211734.3
420577  5664200416154.5
420577  6748461041280.91
420577  18060044620666.6
420577  26636490667787.6
420577  27518742831690.3
420577  29307585736006.5
429339  5772320898971.22
429339  6875897951902.82
429339  18060043813036.8
429339  26636465305566.4
429339  27557076943156.5
429339  29345823239187.4
438101  5879939421067.95
438101  7004083192064.02
438101  18060042988358.9
438101  26636441236173.2
438101  27596229915734.8
438101  29384504301033.6
446863  5987062494707.89
446863  7130556473104.03
446863  18060042144721.4
446863  26636418366987.3
446863  27636163999058.4
446863  29424233279640.9
455625  6093694121022.38
455625  7257311362561.99
455625  18060041283693.7
455625  26636396614959.3
455625  27677107133397.5
455625  29464960438950.5
464387  6199836251441.6
464387  7382768789948.98
464387  18060040405372.5
464387  26636375902602.6
464387  27719023461859.2
464387  29506643919080.1
473149  6305694046795.12
473149  7508181357017.77
473149  18060039507807.5
473149  26636356161138.5
473149  27761892557364.4
473149  29549185612165.1
481911  6411033836105.77
481911  7632398265670.73
481911  18060038593014.9
481911  26636337325476
481911  27805705129329.6
481911  29592144740242.7
490673  6515851000214.86
490673  7756577753338.71
490673  18060037659599.1
490673  26636319338268.4
490673  27850459899052.6
490673  29636055466602.6
499435  6620145697584.25
499435  7879360466478.86
499435  18060036708338.3
499435  26636302145667.9
499435  27896125474041.1
499435  29680892392753.4
508197  6723916753464.26
508197  8002432706691.98
508197  18060035737831.1
508197  26636285697172.5
508197  27942773010113.8
508197  29726635289303.1
516959  6827161870521.01
516959  8123622545881
516959  18060034749694.9
516959  26636269948402.2
516959  27990407058081.4
516959  29773268579765.7
525721  6929877797210.78
525721  8245196095803.2
525721  18060033743132.1
525721  26636254857022
525721  28039029661465.4
525721  29820780939103
534483  7032060494324.15
534483  8365200142990.82
534483  18060032717052
534483  26636240384709
534483  28088644948139.6
534483  29869164980817.7
543245  7133705197712.53
543245  8484860948173.7
543245  18060031672997.1
543245  26636226494666.9
543245  28139258105992.3
543245  29918417025188.2
552007  7234806565319.6
552007  8604152633247.35
552007  18060030610195.3
552007  26636213155192.8
552007  28190874566935.8
552007  29968536945235.5
560769  7335358726447.95
560769  8721838513592.41
560769  18060029527311.6
560769  26636200334741.7
560769  28243499357637.9
560769  30019528076583.2
569531  7435355348230.95
569531  8839476858875.87
569531  18060028425677.9
569531  26636188005282.1
569531  28297136589542.1
569531  30071397191194.9
578293  7534789685584.95
578293  8956263904553.1
578293  18060027305356.2
578293  26636176139853
578293  28351806957549.4
578293  30124154538972
587055  7633654619520.49
587055  9071749465396.53
587055  18060026164581.8
587055  26636164714318.2
587055  28407541612947.4
587055  30177813952695.2
595817  7731942684234.94
595817  9186971115285.26
595817  18060025004676.7
595817  26636153705543.5
595817  28464316472931.9
595817  30232393018896.6
604579  7829646088459.55
604579  9301670580077.38
604579  18060023825474.8
604579  26636143092470.3
604579  28522129592742.6
604579  30287913329220.8
613341  7926756727479.58
613341  9414655508911.86
613341  18060022625859.5
613341  26636132854647.5
613341  28580976426598.1
613341  30344400813251.4
622103  8023266187019.33
622103  9527193140236.92
622103  18060021406688
622103  26636122973605.6
622103  28640849892965.1
622103  30401748475727.8
630865  8119165741995.06
630865  9639220434990.38
630865  18060020167614.5
630865  26636113432440.3
630865  28701774356352.1
630865  30459640903348.3
639627  8214446347191.62
639627  9750605990024.49
639627  18060018907666.5
639627  26636104214391.4
639627  28763906927731.9
639627  30518519748844.2
648389  8309098620141.73
648389  9860329673697.82
648389  18060017628144.7
648389  26636095304183
648389  28827057653088.3
648389  30578425477503.7
657151  8403112819679.92
657151  9969412534938.38
657151  18060016327039.7
657151  26636086687596.4
657151  28891208137108.5
657151  30639404769929.8
665913  8496559808943.98
665913  10077802108007.7
665913  18060015005645.5
665913  26636078351261.5
665913  28956491874744.3
665913  30701402373256.6
674675  8589434220050.58
674675  10185447907121.6
674675  18060013663767.7
674675  26636070281839.8
674675  29022968311356.1
674675  30763725801853.5
683437  8681654046401.86
683437  10292302092184.2
683437  18060012300262.6
683437  26636062468169.6
683437  29090397571417.3
683437  30827190764569.8
692199  8773208765630.52
692199  10398320122235.8
692199  18060010916362.5
692199  26636054899518.1
692199  29158992685241.3
692199  30891865417930.2
700961  8864087411492.62
700961  10503123629705.7
700961  18060009510258.2
700961  26636047563854.7
700961  29228763068014.6
700961  30957263100914.4
709723  8954278505846.16
709723  10606938860391.2
709723  18060008083036.8
709723  26636040451717.8
709723  29299409262868.7
709723  31023322571163.3
718485  9043896329483.71
718485  10709902481723.8
718485  18060006633828.8
718485  26636033554400.1
718485  29371519691458.2
718485  31090709357820.1
727247  9132905676797.64
727247  10811992064525.8
727247  18060005162732.6
727247  26636026862231.7
727247  29444456784481.7
727247  31158837201290.5
736009  9221208458911.19
736009  10913190086193.1
736009  18060003670133.2
736009  26636020367412.9
736009  29518746602393.1
736009  31227684960688.9
744771  9308792145784.93
744771  11013484169409.8
744771  18060002154200.9
744771  26636014061201.2
744771  29593942660386.2
744771  31298023406199.9
753533  9395723503762.39
753533  11112867246215.9
753533  18060000616792.9
753533  26636007936828.7
753533  29670494784480.3
753533  31368528177376.3
762295  9482088444311.75
762295  11211337643625.6
762295  18059999055852.2
762295  26636001986498.1
762295  29747884184027.4
762295  31440460187623.4
771057  9567714270486.86
771057  11308899087131.5
771057  18059997473040
771057  26635996204226.4
771057  29826771226444.1
771057  31513087578087
779819  9652586869594.69
779819  11405560629519.3
779819  18059995865851.8
779819  26635990582101
779819  29906487495216.2
779819  31586704112708.6
788581  9736918619669.26
788581  11501336505513.2
788581  18059994236124.8
788581  26635985115907.4
788581  29987529421737.5
788581  31661275364955
797343  9820534198903.8
797343  11595851264007.1
797343  18059992581410.6
797343  26635979798501.2
797343  30069697700977.5
797343  31736690519445
806105  9903375019997.41
806105  11689300561204.8
806105  18059990904528.8
806105  26635974624610.4
806105  30152772234575.1
806105  31813060620302.9
814867  9985656200742.59
814867  11781859263393.6
814867  18059989202583.9
814867  26635969589124.8
814867  30237302052022.8
814867  31890416295423.4
823629  10067209010764.9
823629  11873565368283.3
823629  18059987477203.9
823629  26635964687445
823629  30322902874641.1
823629  31968467214064.3
832391  10147993901815.6
832391  11964460800621.3
832391  18059985727065.7
832391  26635959913808.7
832391  30409487388889.1
832391  32047940169643
841153  10228235030383.8
841153  12054590899409.5
841153  18059983951748.1
841153  26635955264283.1
841153  30497199198266.4
841153  32127576184693.9
849915  10307672961944.1
849915  12143372509180.2
849915  18059982151800.5
849915  26635950734329.8
849915  30586314228015
849915  32208704003573.3
858677  10386478184779.5
858677  12230950795550.4
858677  18059980327193
858677  26635946320185.3
858677  30676471075924.4
858677  32290533094101.9
867439  10464577058353.1
867439  12317873742122.9
867439  18059978475551.9
867439  26635942017293.8
867439  30767688768951.2
867439  32373106946767.6
876201  10541951979044.5
876201  12404202636495.7
876201  18059976599307.6
876201  26635937822236.1
876201  30859986375289.1
876201  32457007741531.7
884963  10618692106042.4
884963  12488941954873
884963  18059974696324.3
884963  26635933731753.1
884963  30953382258923.8
884963  32541536911470.8
893725  10694662291889.1
893725  12572745931802.4
893725  18059972767521.6
893725  26635929741578.5
893725  31047989511239.1
893725  32626799228140.3
902487  10770026126000.3
902487  12656132937157.8
902487  18059970810751
902487  26635925848741.6
902487  31143836086218.7
902487  32713268405625.8
911249  10844610344265.6
911249  12738016662581.7
911249  18059968828192.9
911249  26635922049718.3
911249  31240778454861
911249  32800874911890.6
920011  10918582508800.2
920011  12818970641720.9
920011  18059966817264.8
920011  26635918342193.3
920011  31338821132129.1
920011  32888737939535.9
928773  10991794906654.7
928773  12899697193569.6
928773  18059964779912.5
928773  26635914722956.8
928773  31437965518219.1
928773  32977652712731.5
937535  11064362103323.8
937535  12978252705890.4
937535  18059962713521.5
937535  26635911189061.5
937535  31538209551521.3
937535  33067633191777.9
946297  11136213925398.7
946297  13056789873447.2
946297  18059960619617.2
946297  26635907737906.9
946297  31639547436637.3
946297  33158630976236.7
955059  11207364718166.7
955059  13133789648007.9
955059  18059958496610
955059  26635904367329.5
955059  31741969463916.7
955059  33250603849522.3
963821  11277865672300.1
963821  13210228106117.5
963821  18059956343958.3
963821  26635901073779.6
963821  31845461916284.6
963821  33342991362221.4
972583  11347610403295.8
972583  13285476317329.9
972583  18059954162708.2
972583  26635897855687.8
972583  31950007454286.1
972583  33436312969576
981345  11416749488198.9
981345  13359992764510.9
981345  18059951951292.2
981345  26635894710532
981345  32055889130059.8
981345  33530584756238.4
990107  11485159970851.5
990107  13433301338558.2
990107  18059949710317.6
990107  26635891636792.5
990107  32162833716399.8
990107  33625778496221
998869  11552866160185.3
998869  13506124242933.5
998869  18059947437761
998869  26635888631197.5
998869  32270809418935.1
998869  33721870194787.9
1.00763e+06  11619950488367
1.00763e+06  13577350941624.2
1.00763e+06  18059945134242.8
1.00763e+06  26635885692356.7
1.00763e+06  32379780606242.5
1.00763e+06  33818839730678.3
1.01639e+06  11686313563848.2
1.01639e+06  13648611294291.9
1.01639e+06  18059942800371.1
1.01639e+06  26635882818668.3
1.01639e+06  32489708293266.9
1.01639e+06  33916670585372.1
1.02516e+06  11751985883479.6
1.02516e+06  13717806801980
1.02516e+06  18059940433454.9
1.02516e+06  26635880007179
1.02516e+06  32600583403872.4
1.02516e+06  34015349648225.4
1.03392e+06  11817035436161
1.03392e+06  13786739584070
1.03392e+06  18059938035958.6
1.03392e+06  26635877257225.3
1.03392e+06  32712988136839.7
1.03392e+06  34114867087775.1
1.04268e+06  11881383648073.6
1.04268e+06  13854938250805.5
1.04268e+06  18059935604934.7
1.04268e+06  26635874566294.2
1.04268e+06  32826256116494.1
1.04268e+06  34215216297976
1.05144e+06  11945045048005.2
1.05144e+06  13921528745986.1
1.05144e+06  18059933140157.2
1.05144e+06  26635871932871.4
1.05144e+06  32940333752137.4
1.05144e+06  34316393905628.2
1.0602e+06  12008067298386
1.0602e+06  13987823761646.1
1.0602e+06  18059930642779.4
1.0602e+06  26635869355656.9
1.0602e+06  33055489958209.2
1.0602e+06  34418399852185
1.06897e+06  12070429160943.5
1.06897e+06  14053379274006.3
1.06897e+06  18059928110270.6
1.06897e+06  26635866833235.4
1.06897e+06  33171979640631.1
1.06897e+06  34521237553588.5
1.07773e+06  12132116741914.9
1.07773e+06  14117267457715.2
1.07773e+06  18059925544175.5
1.07773e+06  26635864362984.5
1.07773e+06  33289130610696.3
1.07773e+06  34624914141762.4
1.08649e+06  12193140211074.1
1.08649e+06  14180712376701.3
1.08649e+06  18059922942959.9
1.08649e+06  26635861944548.8
1.08649e+06  33407332291275
1.08649e+06  34729440811262
1.09525e+06  12253519059106.4
1.09525e+06  14243670655609.3
1.09525e+06  18059920304857.6
1.09525e+06  26635859575648.1
1.09525e+06  33526794025832.6
1.09525e+06  34834833281511.2
1.10401e+06  12313260350818.7
1.10401e+06  14305435778581.6
1.10401e+06  18059917631806.1
1.10401e+06  26635857256176.1
1.10401e+06  33646733611987.2
1.10401e+06  34941112404125.1
1.11278e+06  12372347142057.5
1.11278e+06  14365972112701.5
1.11278e+06  18059914921374.1
1.11278e+06  26635854983852
1.11278e+06  33768238396545.6
1.11278e+06  35048304955683.1
1.12154e+06  12430787154473.4
1.12154e+06  14425920065582.7
1.12154e+06  18059912173658.6
1.12154e+06  26635852757857.9
1.12154e+06  33890296636202
1.12154e+06  35155891580151.4
1.1303e+06  12488587232872.4
1.1303e+06  14485243359792.9
1.1303e+06  18059909388641.3
1.1303e+06  26635850576100.8
1.1303e+06  34013510543563.2
1.1303e+06  35264207379400.1
1.13906e+06  12545753490379.1
1.13906e+06  14543906735973.1
1.13906e+06  18059906564697.8
1.13906e+06  26635848438709.5
1.13906e+06  34137579132976.2
1.13906e+06  35373430572860.4
1.14782e+06  12602293382785
1.14782e+06  14601666110742.9
1.14782e+06  18059903701022.1
1.14782e+06  26635846343713.7
1.14782e+06  34262610035271.1
1.14782e+06  35483605040266
1.15659e+06  12658208596756.1
1.15659e+06  14658086230289.2
1.15659e+06  18059900798597.9
1.15659e+06  26635844290102
1.15659e+06  34388539082587.2
1.15659e+06  35594784710083.6
1.16535e+06  12713499135681.3
1.16535e+06  14713819085785.7
1.16535e+06  18059897855747.1
1.16535e+06  26635842276732.1
1.16535e+06  34515478760925.3
1.16535e+06  35706401501169.9
1.17411e+06  12768170593861.8
1.17411e+06  14768844672818.5
1.17411e+06  18059894870773.6
1.17411e+06  26635840302994.4
1.17411e+06  34643078965098.4
1.17411e+06  35818540571607.6
1.18287e+06  12822228230212.3
1.18287e+06  14823145905065.7
1.18287e+06  18059891843784.5
1.18287e+06  26635838367244.2
1.18287e+06  34771994475060.1
1.18287e+06  35931728183652.8
1.19163e+06  12875677049221.7
1.19163e+06  14876708928782.8
1.19163e+06  18059888775516.5
1.19163e+06  26635836468865.2
1.19163e+06  34901126324977.1
1.19163e+06  36046049571598.3
1.2004e+06  12928521874769.5
1.2004e+06  14929523406823.9
1.2004e+06  18059885663578.1
1.2004e+06  26635834607211.5
1.2004e+06  35031969490033.6
1.2004e+06  36160508972223.2
1.20916e+06  12980767410488.4
1.20916e+06  14981582768060.8
1.20916e+06  18059882507443.3
1.20916e+06  26635832780995.5
1.20916e+06  35163208408909.4
1.20916e+06  36275730554477.5
1.21792e+06  13032418297323.9
1.21792e+06  15032884408725.7
1.21792e+06  18059879307115.2
1.21792e+06  26635830989436.5
1.21792e+06  35295155104493.9
1.21792e+06  36392188048772.2
1.22668e+06  13083479165713.6
1.22668e+06  15083429850198.2
1.22668e+06  18059876060770
1.22668e+06  26635829231579.1
1.22668e+06  35428490424130.6
1.22668e+06  36509038590271.9
1.23544e+06  13133954678772.6
1.23544e+06  15133224838242.4
1.23544e+06  18059872767778.5
1.23544e+06  26635827506768.6
1.23544e+06  35562216306803.4
1.23544e+06  36626395723252.7
1.24421e+06  13183849573352.8
1.24421e+06  15182279387421.9
1.24421e+06  18059869427534.6
1.24421e+06  26635825814190.5
1.24421e+06  35696629955455.2
1.24421e+06  36745147277628.6
1.25297e+06  13233168695741.5
1.25297e+06  15230607767973.5
1.25297e+06  18059866039725.2
1.25297e+06  26635824152982.7
1.25297e+06  35832477906706.6
1.25297e+06  36863892181890.5
1.26173e+06  13281917034834.4
1.26173e+06  15278228433472.1
1.26173e+06  18059862602423.9
1.26173e+06  26635822521808.6
1.26173e+06  35968796198380.8
1.26173e+06  36983586008434.7
1.27049e+06  13330099748443.5
1.27049e+06  15325163892434.2
1.27049e+06  18059859114894.9
1.27049e+06  26635820921333.6
1.27049e+06  36105587166128.3
1.27049e+06  37104408045247.3
1.27925e+06  13377722189197.7
1.27925e+06  15371440525643.2
1.27925e+06  18059855576004.4
1.27925e+06  26635819349749.7
1.27925e+06  36243495476108.9
1.27925e+06  37225078890317.1
1.28802e+06  13424789924602.1
1.28802e+06  15417088354675.6
1.28802e+06  18059851986572.4
1.28802e+06  26635817806661.4
1.28802e+06  36382421091715.5
1.28802e+06  37347462420436.7
1.29678e+06  13471308760007.5
1.29678e+06  15462140769052
1.29678e+06  18059848343305
1.29678e+06  26635816291027.9
1.29678e+06  36521891606571
1.29678e+06  37469424891832.9
1.30554e+06  13517284749779.7
1.30554e+06  15506634213481.1
1.30554e+06  18059844645758.2
1.30554e+06  26635814803358.2
1.30554e+06  36661915666828.4
1.30554e+06  37592930154343.4
1.3143e+06  13562724213213.1
1.3143e+06  15550607848216.9
1.3143e+06  18059840892668.7
1.3143e+06  26635813341520.7
1.3143e+06  36802503325642.3
1.3143e+06  37716472604878.8
1.32306e+06  13607633743738.3
1.32306e+06  15593213847221.6
1.32306e+06  18059837084305.2
1.32306e+06  26635811906193.9
1.32306e+06  36944292049999.4
1.32306e+06  37841193523225
1.33183e+06  13652020220766.5
1.33183e+06  15635218178697
1.33183e+06  18059833217668.5
1.33183e+06  26635810495613.1
1.33183e+06  37086914455791.1
1.33183e+06  37966115449131
1.34059e+06  13695859907179.4
1.34059e+06  15676763486788.3
1.34059e+06  18059829292767.2
1.34059e+06  26635809110010.2
1.34059e+06  37230140973840.7
1.34059e+06  38092175736045.9
1.34935e+06  13739169514882
1.34935e+06  15717902627956.7
1.34935e+06  18059825308170.9
1.34935e+06  26635807748680.1
1.34935e+06  37373980349940
1.34935e+06  38218290995431.1
1.35811e+06  13781971362522.2
1.35811e+06  15758689407551.5
1.35811e+06  18059821261976.4
1.35811e+06  26635806410849.1
1.35811e+06  37518441466587.5
1.35811e+06  38345856685939.8
1.36687e+06  13824273423649.6
1.36687e+06  15799047067035.2
1.36687e+06  18059817153218.9
1.36687e+06  26635805096442.6
1.36687e+06  37663533122739.7
1.36687e+06  38472984986889.5
1.37564e+06  13866084003036.4
1.37564e+06  15837730992482.2
1.37564e+06  18059812981184.4
1.37564e+06  26635803804634
1.37564e+06  37809263780406.1
1.37564e+06  38601995592515.7
1.3844e+06  13907411734074
1.3844e+06  15876184658910
1.3844e+06  18059808743186.5
1.3844e+06  26635802534489.3
1.3844e+06  37955641274331.6
1.3844e+06  38730241807256.2
1.39316e+06  13948248154259.3
1.39316e+06  15914469426636.7
1.39316e+06  18059804439013.3
1.39316e+06  26635801286853.6
1.39316e+06  38102672486975.6
1.39316e+06  38860040788585.3
1.40192e+06  13988538648309.2
1.40192e+06  15952645289773.5
1.40192e+06  18059800066093.5
1.40192e+06  26635800059026.3
1.40192e+06  38250362988913.1
1.40192e+06  38990185193483.1
1.41068e+06  14028365781013.8
1.41068e+06  15989227050911.8
1.41068e+06  18059795622451.5
1.41068e+06  26635798853067.1
1.41068e+06  38398873982719.2
1.41068e+06  39120599950691.4
1.41945e+06  14067739539039.3
1.41945e+06  16025365377386.9
1.41945e+06  18059791108706.9
1.41945e+06  26635797666594.7
1.41945e+06  38548020703914.2
1.41945e+06  39252628163601
1.42821e+06  14106670229917.8
1.42821e+06  16061563542496.6
1.42821e+06  18059786521508.8
1.42821e+06  26635796500439.1
1.42821e+06  38697752224766.1
1.42821e+06  39383887456445
1.43697e+06  14145110117261.5
1.43697e+06  16097511772761.1
1.43697e+06  18059781858688.2
1.43697e+06  26635795353070.6
1.43697e+06  38848058398968.3
1.43697e+06  39516343027247.9
1.44573e+06  14183040103148.7
1.44573e+06  16131651142424.7
1.44573e+06  18059777119271.9
1.44573e+06  26635794225324.7
1.44573e+06  38998926420741.4
1.44573e+06  39650244917235.1
1.45449e+06  14220551020766.3
1.45449e+06  16166048413997.7
1.45449e+06  18059772300944.3
1.45449e+06  26635793115526.3
1.45449e+06  39150395797911.6
1.45449e+06  39782951986343
1.46326e+06  14257654574882.2
1.46326e+06  16200757902004.8
1.46326e+06  18059767402808.8
1.46326e+06  26635792024351.4
1.46326e+06  39302661525281.1
1.46326e+06  39917097299127.9
1.47202e+06  14294285059410.9
1.47202e+06  16233275595019.7
1.47202e+06  18059762420173.1
1.47202e+06  26635790951100.7
1.47202e+06  39455534960452.2
1.47202e+06  40052568233830.6
1.48078e+06  14330418920150.6
1.48078e+06  16266133801421.4
1.48078e+06  18059757354143.7
1.48078e+06  26635789894891.9
1.48078e+06  39608992026872.6
1.48078e+06  40187194373085.3
1.48954e+06  14366173325990
1.48954e+06  16299423510932.8
1.48954e+06  18059752200945.9
1.48954e+06  26635788855735
1.48954e+06  39763003976572.7
1.48954e+06  40322707212715
1.4983e+06  14401561336807.7
1.4983e+06  16330374713994
1.4983e+06  18059746958708.1
1.4983e+06  26635787833565.9
1.4983e+06  39917537440989.4
1.4983e+06  40459463444497.2
1.50707e+06  14436390176312
1.50707e+06  16362032251045.5
1.50707e+06  18059741624889.9
1.50707e+06  26635786827380
1.50707e+06  40072554621966.8
1.50707e+06  40596769233450.2
1.51583e+06  14470846680676.2
1.51583e+06  16393355689509.5
1.51583e+06  18059736196597.5
1.51583e+06  26635785837581.3
1.51583e+06  40228013631709.9
1.51583e+06  40733316725555.4
1.52459e+06  14504968770283.4
1.52459e+06  16423278281385.5
1.52459e+06  18059730672339.5
1.52459e+06  26635784863032.3
1.52459e+06  40383868981168.2
1.52459e+06  40871061268375.3
1.53335e+06  14538582529839.3
1.53335e+06  16454134108998.9
1.53335e+06  18059725048214.6
1.53335e+06  26635783904225.8
1.53335e+06  40540072210182.4
1.53335e+06  41009890819281.9
1.54211e+06  14571799104776
1.54211e+06  16483151546670.4
1.54211e+06  18059719322521.9
1.54211e+06  26635782960257.2
1.54211e+06  40696572641541
1.54211e+06  41149635767455
1.55088e+06  14604716304178.4
1.55088e+06  16512498085351.8
1.55088e+06  18059713491537.8
1.55088e+06  26635782031196.4
1.55088e+06  40854132445548.2
1.55088e+06  41288004507645.6
1.55964e+06  14637120474995.2
1.55964e+06  16541560470007.6
1.55964e+06  18059707553330.1
1.55964e+06  26635781116159.8
1.55964e+06  41012789516860.9
1.55964e+06  41427451781389
1.5684e+06  14669162499251
1.5684e+06  16569450840694
1.5684e+06  18059701502945.1
1.5684e+06  26635780215941.8
1.5684e+06  41171633624930.8
1.5684e+06  41567882450344.3
1.57716e+06  14700943229618.3
1.57716e+06  16598426262661.2
1.57716e+06  18059695339792.5
1.57716e+06  26635779329287.3
1.57716e+06  41330588868466.8
1.57716e+06  41709215228781.1
1.58592e+06  14732139193970
1.58592e+06  16624938374811.4
1.58592e+06  18059689058634.5
1.58592e+06  26635778456158.4
1.58592e+06  41489581990139.2
1.58592e+06  41851380312582.7
1.59469e+06  14763079856976.9
1.59469e+06  16653032117922.6
1.59469e+06  18059682655372.2
1.59469e+06  26635777596551.7
1.59469e+06  41648544031419.9
1.59469e+06  41992421491012.7
1.60345e+06  14793672986262.2
1.60345e+06  16678924036123.4
1.60345e+06  18059676128352.5
1.60345e+06  26635776750471.8
1.60345e+06  41809860886808.8
1.60345e+06  42133932051861.4
1.61221e+06  14823787434346.4
1.61221e+06  16705974201363.4
1.61221e+06  18059669472291.7
1.61221e+06  26635775916648.5
1.61221e+06  41971399699992.1
1.61221e+06  42276295248474.6
1.62097e+06  14853707911604.7
1.62097e+06  16731391246706.6
1.62097e+06  18059662684233.1
1.62097e+06  26635775095934.1
1.62097e+06  42132589378579.5
1.62097e+06  42419446337133.9
1.62973e+06  14883092013938.6
1.62973e+06  16757530463130.3
1.62973e+06  18059655758955.2
1.62973e+06  26635774286914.1
1.62973e+06  42293359832224.8
1.62973e+06  42563329435733.9
1.6385e+06  14912229527043
1.6385e+06  16782345733089.3
1.6385e+06  18059648692492.3
1.6385e+06  26635773490224.2
1.6385e+06  42455332729672.5
1.6385e+06  42707896237119.7
1.64726e+06  14941018314151.6
1.64726e+06  16807726709140.6
1.64726e+06  18059641480463.8
1.64726e+06  26635772705555.5
1.64726e+06  42619411561248.6
1.64726e+06  42853105006568.9
1.65602e+06  14969391712926.4
1.65602e+06  16831817102302.3
1.65602e+06  18059634117686.3
1.65602e+06  26635771932411.9
1.65602e+06  42782433868953.3
1.65602e+06  42998278240732.4
1.66478e+06  14997590390456.9
1.66478e+06  16856610462003.8
1.66478e+06  18059626599342.9
1.66478e+06  26635771170934.2
1.66478e+06  42944399946140.9
1.66478e+06  43142378862144.9
1.67354e+06  15025220501460.2
1.67354e+06  16879859646040.1
1.67354e+06  18059618919968.9
1.67354e+06  26635770420667.7
1.67354e+06  43108917270461.1
1.67354e+06  43287111099226.4
1.68231e+06  15052763188189.1
1.68231e+06  16904251099553.6
1.68231e+06  18059611074893.4
1.68231e+06  26635769681059.4
1.68231e+06  43274885132080
1.68231e+06  43432416625545.1
1.69107e+06  15079741899379.6
1.69107e+06  16926552293320
1.69107e+06  18059603057315.1
1.69107e+06  26635768952620.3
1.69107e+06  43438595302487.4
1.69107e+06  43578237016182
1.69983e+06  15106596494208.5
1.69983e+06  16950739282562.2
1.69983e+06  18059594861587.1
1.69983e+06  26635768234740.5
1.69983e+06  43600781266409.7
1.69983e+06  43724509496772.3
1.70859e+06  15132982351988
1.70859e+06  16971997717513.7
1.70859e+06  18059586480960.2
1.70859e+06  26635767527255.5
1.70859e+06  43771553628212.7
1.70859e+06  43871159796344.4
1.71735e+06  15159175126538
1.71735e+06  16995200639544
1.71735e+06  18059577909540.9
1.71735e+06  26635766830292.4
1.71735e+06  43936899649803.4
1.71735e+06  44018088454750.4
1.72612e+06  15184969127379.5
1.72612e+06  17016320636250.8
1.72612e+06  18059569139918
1.72612e+06  26635766142841.2
1.72612e+06  44098462273502.4
1.72612e+06  44165140984220.7
1.73488e+06  15210528458104.5
1.73488e+06  17038263295509.7
1.73488e+06  18059560164905.7
1.73488e+06  26635765465343.7
1.73488e+06  44277966980058.4
1.73488e+06  44312032431789.4
1.74364e+06  15235730646720.8
1.74364e+06  17059665428891.6
1.74364e+06  18059550976555.3
1.74364e+06  26635764797502.4
1.74364e+06  44442200309868.9
1.74364e+06  44458114575863.5
