0  12500572720590.5
0  12624974994377.7
0  14350631174224.2
7468.9  12500572712495.5
7468.9  12624974971542.7
7468.9  14350690581395.4
14937.8  326234223522.621
14937.8  12500572699003.4
14937.8  12624974933481.6
14937.8  14350797944295.2
22406.7  433799985001.214
22406.7  12500572680113.7
22406.7  12624974880190.6
22406.7  14350967049617.5
29875.6  548580041604.721
29875.6  550707376237.102
29875.6  12500572655465.1
29875.6  12624974811702.6
29875.6  14351219966814.8
37344.5  649096404383.775
37344.5  651029031785.837
37344.5  12500572625776.9
37344.5  12624974727933.1
37344.5  14351590443938.6
44813.4  763106941089.308
44813.4  12500572590687.7
44813.4  12624974628912.9
44813.4  14352129300084.1
52282.3  874077938176.512
52282.3  12500572550195.5
52282.3  12624974514629.6
52282.3  14352912781912
59751.2  982626313604.479
59751.2  12500572504298.5
59751.2  12624974385072.3
59751.2  14354055143843.8
67220.1  1094208762941.36
67220.1  1102664357769.45
67220.1  12500572452994.5
67220.1  12624974240227.1
67220.1  14355726483372.9
74689  1194304302204.06
74689  1205640765271.68
74689  12500572396281.1
74689  12624974080078.9
74689  14358174483964.7
82157.9  1296743745297.15
82157.9  1307206878947.01
82157.9  12500572334155.6
82157.9  12624973904611.8
82157.9  14361739503883.3
89626.8  1419659747553.28
89626.8  12500572266614.4
89626.8  12624973713800.8
89626.8  14366826043587.8
97095.7  1546277041713.85
97095.7  1550283662617.43
97095.7  12500572193655.5
97095.7  12624973507637.6
97095.7  14373739953945.5
104565  1634118999289
104565  1654893731946.11
104565  12500572115274.5
104565  12624973286091.7
104565  14382266405508.1
112034  1735441813454.31
112034  1759958591073.52
112034  12500572031467.9
112034  12624973049141.9
112034  14391091227036.7
119502  1838488269868.35
119502  1866004802916.97
119502  12500571942231.5
119502  12624972796763
119502  14397866199545.3
126971  1942077072502.01
126971  1975220838157.76
126971  12500571847921.2
126971  12624972528891.1
126971  14400068264792.5
134440  2045888578894.03
134440  2100828043492.93
134440  12500571747812.4
134440  12624972245571.7
134440  14399595506297.1
141909  2149796730658.79
141909  2206209593427.81
141909  12500571642260.2
141909  12624971946740
141909  14396081468324.2
149378  2265658944978.67
149378  2312339742936.45
149378  12500571531259.3
149378  12624971632359.8
149378  14391702619400
156847  2373027635829.13
156847  2419845422404.5
156847  12500571414804.7
156847  12624971302401.9
156847  14387400781820
164316  2478469358601.68
164316  2530352997986.12
164316  12500571293561.5
164316  12624970956749.5
164316  14383572361009.2
171785  2583179489874.87
171785  2649695483824.36
171785  12500571165822.1
171785  12624970595563.2
171785  14380311224702.4
171785  14425832244197.4
179254  2687508053121.52
179254  2755511389385.64
179254  12500571032970.4
179254  12624970218645.7
179254  14377582233736.9
179254  14429287025958.7
186723  2791591622924.56
186723  2861724743881.09
186723  12500570894640.4
186723  12624969825995
186723  14375309308257.9
186723  14433313596966.9
194191  2895492227969.62
194191  2968938219959.93
194191  12500570750825.7
194191  12624969417574.7
194191  14373412611382.4
194191  14449006362853.4
194191  14450353634011.8
201660  2999240325337.99
201660  3077809678932.48
201660  12500570601877.6
201660  12624968993292.3
201660  14371821591532
209129  3108013896032.53
209129  3189707206327.02
209129  12500570447070.7
209129  12624968553185.2
209129  14370477956001.5
216598  3215267287906.34
216598  3301997962056.72
216598  12500570286756.9
216598  12624968097170.4
216598  14369334907991.9
224067  3320916139113.71
224067  3407620197031.33
224067  12500570120928.1
224067  12624967625194.2
224067  14368355307799
224067  14477709128387.9
231536  3425655573907
231536  3513778085325.99
231536  12500569949576.1
231536  12624967137208.4
231536  14367509753398.8
231536  14483925351898
239005  3529803236414.27
239005  3620667693980.66
239005  12500569772333.7
239005  12624966633199.6
239005  14366774915738.3
239005  14498577443858.2
239005  14500678725940
246474  3633522809657.03
246474  3728582051146.46
246474  12500569589909.5
246474  12624966113030.5
246474  14366132199048
246474  14499980713363.5
246474  14500019114481.2
253943  3736905494581.64
253943  3837975188050.22
253943  12500569402293.2
253943  12624965576636.7
253943  14365566683876.7
261412  3840004655852.72
261412  3949584505935.6
261412  12500569209428.6
261412  12624965023969.8
261412  14365066324793.5
261412  14525119186751.6
268881  3942852283528.23
268881  4054718723292.16
268881  12500569010325.6
268881  12624964455088
268881  14364621321534
268881  14533147986530.5
276349  4045467499246.25
276349  4159820274177.35
276349  12500568805643.9
276349  12624963869851.6
276349  14364223650642.9
276349  14547953564637.1
276349  14551082512902.2
283818  4147861248950.18
283818  4265192626939.76
283818  12500568595371.9
283818  12624963268184
283818  14363866691737.1
283818  14549501227611.5
283818  14550637061050.7
291287  4250084624252.78
291287  4370878292863.69
291287  12500568379142.6
291287  12624962650076
291287  14363544949748.3
298756  4354102088873.99
298756  4476921930106.92
298756  12500568158017.4
298756  12624962015317
298756  14363253833475.4
298756  14578968944875.6
306225  4457338033062.56
306225  4583367657285.96
306225  12500567930600.2
306225  12624961364015.4
306225  14362989481997.5
306225  14597961916254.7
306225  14600829318305.7
313694  4559949644004.03
313694  4690254689226.47
313694  12500567698172.2
313694  12624960695932.3
313694  14362748632193.8
313694  14598040720502.3
313694  14602204333743
321163  4662032608138.28
321163  4797610742228.36
321163  12500567459786.1
321163  12624960011108.8
321163  14362528507072.9
321163  14615486612030.4
328632  4763645605861.33
328632  4902379257138.58
328632  12500567216408.3
328632  12624959309345.7
328632  14362326735856.5
328632  14629677828398.7
336101  4864823562214.2
336101  5005775620474.25
336101  12500566966691.9
336101  12624958590737.7
336101  14362141279626.1
336101  14646229997322.4
336101  14651958357497.6
343570  4965585137742.4
343570  5109077502583.25
343570  12500566711291.2
343570  12624957855113.2
343570  14361970381176.5
343570  14648366601197
343570  14652701935142.7
351038  5065937055374.42
351038  5212253183103.82
351038  12500566450192.5
351038  12624957102390.8
351038  14361812514705.7
351038  14672352793731.9
358507  5165876557726.75
358507  5315265771785.33
358507  12500566183382.9
358507  12624956332490.5
358507  14361666356137.8
358507  14697420415414.7
358507  14700771323089
365976  5265392664153.97
365976  5418073773100.17
365976  12500565910846.7
365976  12624955545314.4
365976  14361530743717.1
365976  14696081204819.9
365976  14704416316005.9
373445  5364466566032.36
373445  5520632141937.6
373445  12500565632569.7
373445  12624954740770.1
373445  14361404660378.4
373445  14718419270962.7
380914  5463071305403.08
380914  5622893829963.68
380914  12500565348539.1
380914  12624953918781.9
380914  14361287214114.1
380914  14747436382235.4
380914  14750617291423.5
388383  5561170747499.91
388383  5724811745777.25
388383  12500565059401.5
388383  12624953079145.1
388383  14361177612299.6
388383  14744947658078.3
388383  14755519603286.5
395852  5658717739039.48
395852  5826340973484.45
395852  12500564763812.9
395852  12624952221953.1
395852  14361075154035.2
395852  14769433977120.6
403321  5755651201390.56
403321  5927441027062.26
403321  12500564462778.5
403321  12624951346969.5
403321  14360979217279
403321  14793277922477.4
403321  14802133951752.3
410790  5851891716313.87
410790  6028077882176.75
410790  12500564155214.9
410790  12624950454241.2
410790  14360889245176.6
410790  14795209306822.6
410790  14807355766410.6
418259  5948414885578.19
418259  6128225545236.74
418259  12500563842171.8
418259  12624949543514.5
418259  14360804744199.2
418259  14825436963464.5
425728  6045213979086.76
425728  6227866974442.8
425728  12500563523275.7
425728  12624948614721.6
425728  14360725266140.9
425728  14840933019380.9
425728  14855605124462.8
433196  6141484368307.83
433196  6326994267940.55
433196  12500563198863.4
433196  12624947667700.2
433196  14360650412001.9
433196  14847898760450.6
433196  14857966488451.7
440665  6237164327663.89
440665  6425608142772.48
440665  12500562867545.5
440665  12624946702559.2
440665  14360579823389.5
440665  14889372094520.2
440665  14902798219975.5
448134  6332175508263.89
448134  6523716827575.72
448134  12500562530985.1
448134  12624945718924.7
448134  14360513174637.9
448134  14893715883286.8
448134  14910749575590
455603  6426416189603.18
455603  6621334553747.79
455603  12500562188499.2
455603  12624944716775.4
455603  14360450171058.2
455603  14944382852427
455603  14950503528389
463072  6519750920477.32
463072  6718479860524.41
463072  12500561840421.4
463072  12624943695929.6
463072  14360390545022.6
463072  14940509695567.8
463072  14960457023638.8
470541  6611994088650.82
470541  6815173907855.52
470541  12500561485672.3
470541  12624942656448.8
470541  14360334055920.9
470541  14975226085093.9
478010  6702882822633.2
478010  6911438953874.68
478010  12500561125291.5
478010  12624941598020.2
478010  14360280481008.9
478010  14988180044293
478010  15010480099033.4
485479  6794933693357.68
485479  7007297097351.41
485479  12500560759916.6
485479  12624940520404.5
485479  14360229620519.6
485479  14999776079011.7
485479  15008281766195.5
492948  6887045067220.31
492948  7102769332173.96
492948  12500560387502.4
492948  12624939423819.4
492948  14360181289421.6
492948  15036899842948.7
492948  15061601991049.6
500417  6978029775498.34
500417  7196511714365.12
500417  12500560008687.8
500417  12624938308022.1
500417  14360135320965.6
500417  15049800268408
500417  15100246722654.7
507885  7067611260481.79
507885  7288301362018.77
507885  12500559624507
507885  12624937172680.7
507885  14360091558663
507885  15087114127520.5
507885  15114302410736.8
515354  7155375120327.33
515354  7380071215417.82
515354  12500559233881.3
515354  12624936017850.6
515354  14360049862779.3
515354  15116728920664.8
515354  15153017181998.9
522823  7243852848574.36
522823  7471805633256.18
522823  12500558837794.7
522823  12624934843191.8
522823  14360010100926
522823  15139206626646.2
522823  15169400908627.3
530292  7332682127644.19
530292  7563485916815.72
530292  12500558434560
530292  12624933648874
530292  14359972154505.6
530292  15173865216521.6
530292  15207620896488.1
537761  7419780567671.16
537761  7655092252304.54
537761  12500558025557.5
537761  12624932434483.2
537761  14359935911734.7
537761  15193292527778.3
537761  15231218250852.8
545230  7504542890518.86
545230  7744656251609.63
545230  12500557610321
545230  12624931199951.5
545230  14359901271227.8
545230  15230742483659.6
545230  15264733712205
552699  7590607598947.64
552699  7831865127251.65
552699  12500557188519.2
552699  12624929945174
552699  14359868137781.4
552699  15249335128841.2
552699  15304391651059.7
560168  7676181161252.72
560168  7919740354206.15
560168  12500556761833.4
560168  12624928669671
560168  14359836424331.7
560168  15288690063763.8
560168  15327808715322.4
567637  7759206388388.83
567637  8008075739489.98
567637  12500556327876
567637  12624927373727.7
567637  14359806048316.2
567637  15325756918321.1
567637  15364506598111.7
575106  7842096131976.44
575106  8094930193132.18
575106  12500555887975
575106  12624926056918.2
575106  14359776935963.6
575106  15348118477346.9
575106  15405230556683
582574  7925373112533.38
582574  8178660082212.72
582574  12500555441357.2
582574  12624924719206.3
582574  14359749014443.3
582574  15388727008735.3
582574  15435045086766.3
590043  8005512539855.13
590043  8263706918612.89
590043  12500554988435.3
590043  12624923360339.7
590043  14359722220892.4
590043  15427907003174.5
590043  15469855109038.2
597512  8086826324729.11
597512  8349445433536.82
597512  12500554530137.1
597512  12624921979948.9
597512  14359696494490.1
597512  15458977169665.1
597512  15511018361637.4
604981  8166771506717.75
604981  8429703855616.57
604981  12500554064081.1
604981  12624920578326
604981  14359671776830.4
604981  15494145897568
604981  15553901734186.2
612450  8244509261591.63
612450  8512094978606.39
612450  12500553591937.4
612450  12624919154945
612450  14359648017373.3
612450  15536536114692.6
612450  15588665321854.5
619919  8323614948463.18
619919  8593779337284.74
619919  12500553113673.7
619919  12624917709598.4
619919  14359625164702.5
619919  15578185837005.6
619919  15625147256153.8
627388  8398795137051.64
627388  8672155508686.02
627388  12500552627911.1
627388  12624916242389.7
627388  14359603171429.8
627388  15617451504546.7
627388  15667571587499.7
634857  8476563640597.74
634857  8753016055693.53
634857  12500552136918.8
634857  12624914752625.8
634857  14359581997484
634857  15649639922343.6
634857  15711993250879.8
642326  8549776683228.84
642326  8828947643175.09
642326  12500551639060.1
642326  12624913240445.5
642326  14359561599872
642326  15695044991582.9
642326  15757551100646.4
649795  8625730094712.46
649795  8907021025105.59
649795  12500551133910.2
649795  12624911705738
649795  14359541942493.6
649795  15740870067996.2
649795  15803951191968.8
657264  8697369828582.81
657264  8981702643291.13
657264  12500550622823
657264  12624910147972.7
657264  14359522987152.1
657264  15787150025939
657264  15851069194471.3
664732  8770949636762.67
664732  9057464128722.86
664732  12500550105369.2
664732  12624908567022.3
664732  14359504701188.7
664732  15833956337540.3
664732  15894389499639.6
672201  8841333901954.12
672201  9130005265712.72
672201  12500549580222.2
672201  12624906962977
672201  14359487054279.4
672201  15881402460661.1
672201  15938601234888
679670  8911770170787.6
679670  9204194760884.01
679670  12500549049028.2
679670  12624905335202.1
679670  14359470015501.1
679670  15929632647304.1
679670  15985780710530.2
687139  8981227457027.05
687139  9273930474507.76
687139  12500548510369.4
687139  12624903683811.2
687139  14359453557256.6
687139  15978786662250.8
687139  16034883327974.6
694608  9047961302602.46
694608  9346099184315.51
694608  12500547966232.1
694608  12624902008066.6
694608  14359437652553.5
694608  16028949979116.5
694608  16085655657143.7
702077  9116268285936.15
702077  9413984764070.31
702077  12500547413952.8
702077  12624900308371.4
702077  14359422277147.8
702077  16080118881018.8
702077  16138295640546.7
709546  9182291235131.49
709546  9481838317071.69
709546  12500546855084
709546  12624898584098.5
709546  14359407407096.4
709546  16132206166267.5
709546  16193665471578.7
717015  9246183259838.39
717015  9550907640811.81
717015  12500546289284.1
717015  12624896835069.6
717015  14359393020942.9
717015  16185082080879.5
717015  16250810828401.8
724484  9310760174008.89
724484  9614800807798.83
724484  12500545717153.8
724484  12624895060855.2
724484  14359379096987.4
724484  16238620653404.9
724484  16303743684778.7
731953  9374091965569.72
731953  9679161354902.51
731953  12500545136725.8
731953  12624893261699.1
731953  14359365615640.5
731953  16292727509498.5
731953  16357484072450.7
739421  9435540974751.72
739421  9744062067194.72
739421  12500544549882.2
739421  12624891436834.6
739421  14359352557467.7
739421  16347345884829.2
739421  16412195720083.9
746890  9495458872722.5
746890  9806296003810.52
746890  12500543955937.5
746890  12624889586161
746890  14359339906269.5
746890  16410098920122.4
746890  16468246419263
754359  9555188209469.72
754359  9866380660872.45
754359  12500543355485.3
754359  12624887709214
754359  14359327644229.2
754359  16473674022593.2
754359  16526675748547.6
761828  9614446220452.13
761828  9926137651879.51
761828  12500542747841.6
761828  12624885805888.2
761828  14359315755256
761828  16533385448319.1
761828  16592039460683.9
769297  9672168061624.69
769297  9985450444742.55
769297  12500542131680.1
769297  12624883876255.6
769297  14359304224866.4
769297  16591895245288.9
769297  16655119918208.7
776766  9728553403870.64
776766  10044171573581.7
776766  12500541509847.8
776766  12624881919186.6
776766  14359293037037.6
776766  16650572080723.2
776766  16713324277604.3
784235  9783737311951.58
784235  10101416311507.6
784235  12500540879362.1
784235  12624879935237.4
784235  14359282179681.7
784235  16725062266321.1
784235  16774314876023.6
791704  9837812414948.86
791704  10155989390738.4
791704  12500540242172
791704  12624877923513.8
791704  14359271639633.2
791704  16787759137275
791704  16848838829322.9
799173  9890842384741.27
799173  10209694253875
799173  12500539597205.6
799173  12624875884003.3
799173  14359261405211.7
799173  16848391192318.2
799173  16909380838768.2
806642  9942870352699.5
806642  10262461103142.2
806642  12500538945382.7
806642  12624873816069.7
806642  14359251462405.5
806642  16926315731988.8
806642  16971615123928.7
814110  9993924246913.54
814110  10314235801280.9
814110  12500538285384.7
814110  12624871719786.9
814110  14359241801634.8
814110  16990753991919.3
814110  17050378201250.2
821579  10044020128028.4
821579  10364985192365.8
821579  12500537617790
821579  12624869594624.1
821579  14359232412913.9
821579  17063819793078.6
821579  17111821091889.1
829048  10093164146633.3
829048  10414700850096.1
829048  12500536942879.1
829048  12624867440116.4
829048  14359223284260.3
829048  17135758554734.5
829048  17178080644468.5
836517  10141353443859.3
836517  10463400627525.8
836517  12500536259923
836517  12624865256138.1
836517  14359214406939.2
836517  17199516861253.3
836517  17256406474331.6
843986  10188576133929.9
843986  10511127771453.8
843986  12500535569200.5
843986  12624863042219.5
843986  14359205771965.9
843986  17283836371868
843986  17320919395469.4
851455  10234810365814.3
851455  10557947819851.9
851455  12500534870650.7
851455  12624860797991.5
851455  14359197371230.8
851455  17348827727654.3
851455  17403833652128
858924  10280022304294.5
858924  10603943870156.8
858924  12500534164841.7
858924  12624858522864.3
858924  14359189194259.9
858924  17435088834161.2
858924  17468290770265.2
866393  10324162694832.9
866393  10648798893594.1
866393  12500533450790.3
866393  12624856216757.3
866393  14359181233691.7
866393  17507087694177.5
866393  17553606527051.4
873862  10367161388438.5
873862  10690746465704.9
873862  12500532728054.9
873862  12624853879420.5
873862  14359173484137.6
873862  17588840480505.1
873862  17618334114139.2
881331  10408918753534.2
881331  10732110226673.5
881331  12500531998537.6
881331  12624851509763.5
881331  14359165935363.7
881331  17676668598106.1
881331  17705417295296.1
888800  10449424065892.5
888800  10773067671058.1
888800  12500531259287.3
888800  12624849108380.6
888800  14359158581710.7
888800  17744264751324.8
888800  17769678904340.8
896268  10490432778116.2
896268  10813770274129.8
896268  12500530512787
896268  12624846673960.4
896268  14359151415580.8
896268  17835548643429.3
896268  17858842395377.7
903737  10530263910969.7
903737  10854343684226.1
903737  12500529758251
903737  12624844206323.3
903737  14359144432076.9
903737  17925369396411.9
911206  10568773610197
911206  10892167645066.5
911206  12500528995114
911206  12624841705203.1
911206  14359137624610
911206  17993345375110.8
911206  18012321782368.2
918675  10605749121547.8
918675  10928227404855.2
918675  12500528222885.7
918675  12624839170313.6
918675  14359130986254.1
918675  18088614077172
918675  18105176804536.3
926144  10642579199896.3
926144  10964978560508.1
926144  12500527443442.1
926144  12624836600451.7
926144  14359124511311.1
926144  18174818597544.7
933613  10679073527148.8
933613  11002394090596
933613  12500526653850.1
933613  12624833996240.3
933613  14359118195302.8
933613  18246276081739.8
933613  18258432447663.5
941082  10713998270958.9
941082  11035315333784.8
941082  12500525855937
941082  12624831356485.6
941082  14359112033702.9
941082  18342870930614.8
941082  18354967292110
948551  10747500593847.4
948551  11068687746937.3
948551  12500525050197.7
948551  12624828680449.8
948551  14359106020824.1
948551  18432342736414.3
956020  10781823832805.3
956020  11103573235205.6
956020  12500524235023.1
956020  12624825968213.7
956020  14359100149965.5
956020  18519933451017.9
963489  10814444113568.1
963489  11134057717278.9
963489  12500523410952.2
963489  12624823219051.3
963489  14359094419641.7
963489  18598072560553.6
963489  18603829389148.9
970957  10845736672192.5
970957  11165292752694.5
970957  12500522578842
970957  12624820432021.4
970957  14359088824149.9
970957  18696451297463.4
970957  18702896439930.8
978426  10877688784946.8
978426  11197994845888.8
978426  12500521736386.8
978426  12624817607510.4
978426  14359083358729
978426  18787544311682.1
985895  10907649837129.8
985895  11225202490807.9
985895  12500520885429.3
985895  12624814744161.3
985895  14359078020779.6
985895  18878384805881.5
993364  10937562211051.5
993364  11255902759856.3
993364  12500520024888.7
993364  12624811841813.7
993364  14359072804527.8
993364  18969926417390.1
1.00083e+06  10966808138716.8
1.00083e+06  11282856599688.1
1.00083e+06  12500519155332.4
1.00083e+06  12624808899619.2
1.00083e+06  14359067707590.3
1.00083e+06  19062182631633.5
1.0083e+06  10994553367491.9
1.0083e+06  11310932027799.8
1.0083e+06  12500518276006.3
1.0083e+06  12624805917259
1.0083e+06  14359062725502.2
1.0083e+06  19149769545277.9
1.0083e+06  19150350026670.2
1.01577e+06  11022907364864.1
1.01577e+06  11337844385496
1.01577e+06  12500517387423.4
1.01577e+06  12624802893864.5
1.01577e+06  14359057855589
1.01577e+06  19249461024804.7
1.01577e+06  19250492324104.2
1.02324e+06  11048961396424
1.02324e+06  11363668275193.9
1.02324e+06  12500516489526
1.02324e+06  12624799828783.9
1.02324e+06  14359053094157.3
1.02324e+06  19343321660568
1.03071e+06  11076299137838.9
1.03071e+06  11389892196179.2
1.03071e+06  12500515581555.9
1.03071e+06  12624796721669.7
1.03071e+06  14359048437549.4
1.03071e+06  19438420711530.8
1.03818e+06  11101153087358
1.03818e+06  11414065897428.6
1.03818e+06  12500514663496.2
1.03818e+06  12624793571851.3
1.03818e+06  14359043883050.2
1.03818e+06  19534179414443.3
1.04565e+06  11127205315101.5
1.04565e+06  11438950960681.6
1.04565e+06  12500513735436.5
1.04565e+06  12624790378558.8
1.04565e+06  14359039428565.8
1.04565e+06  19630578898845.3
1.05312e+06  11150872006597.2
1.05312e+06  11462232732513.7
1.05312e+06  12500512797912.3
1.05312e+06  12624787140797
1.05312e+06  14359035070425.2
1.05312e+06  19727601027491.6
1.06058e+06  11175768208095.5
1.06058e+06  11485230102865.4
1.06058e+06  12500511849600.4
1.06058e+06  12624783858435.9
1.06058e+06  14359030804199.6
1.06058e+06  19825228371578.6
1.06805e+06  11198346536785.2
1.06805e+06  11508423386924.3
1.06805e+06  12500510891311.5
1.06805e+06  12624780530315.1
1.06805e+06  14359026629939.5
1.06805e+06  19923420423312.4
1.07552e+06  11222074180395.7
1.07552e+06  11529161296763
1.07552e+06  12500509922560.8
1.07552e+06  12624777155881.6
1.07552e+06  14359022544834.2
1.07552e+06  20022190384413.4
1.08299e+06  11243851701796.2
1.08299e+06  11553001761908.8
1.08299e+06  12500508942988
1.08299e+06  12624773734478.9
1.08299e+06  14359018543737.7
1.08299e+06  20121525745388.3
1.09046e+06  11266160927267.6
1.09046e+06  11571310370265.5
1.09046e+06  12500507953388.4
1.09046e+06  12624770264877.2
1.09046e+06  14359014626944.3
1.09046e+06  20221411399615.5
1.09793e+06  11287297901540.5
1.09793e+06  11593729844253.1
1.09793e+06  12500506951435.7
1.09793e+06  12624766747432.7
1.09793e+06  14359010791191.4
1.09793e+06  20321832840912.7
1.1054e+06  11308011291641.3
1.1054e+06  11612276792633.4
1.1054e+06  12500505939792.3
1.1054e+06  12624763179844.9
1.1054e+06  14359007034011.9
1.1054e+06  20422776139694
1.11287e+06  11328689817270.2
1.11287e+06  11631190298005.8
1.11287e+06  12500504917359.9
1.11287e+06  12624759561781.9
1.11287e+06  14359003353811.7
1.11287e+06  20524227921135.6
1.12034e+06  11347860385251.9
1.12034e+06  11652615547098.1
1.12034e+06  12500503883129.3
1.12034e+06  12624755892863.7
1.12034e+06  14358999748415.9
1.12034e+06  20626158296656.5
1.1278e+06  11367982648758
1.1278e+06  11668385651015.5
1.1278e+06  12500502838144.7
1.1278e+06  12624752171551.2
1.1278e+06  14358996214959.8
1.1278e+06  20728553418340.3
1.13527e+06  11386766510376.7
1.13527e+06  11687279864999
1.13527e+06  12500501781074.3
1.13527e+06  12624748397612.4
1.13527e+06  14358992753411.6
1.13527e+06  20831413251620.2
1.14274e+06  11405049288119
1.14274e+06  11705851091584.9
1.14274e+06  12500500712361.9
1.14274e+06  12624744569779
1.14274e+06  14358989359329.3
1.14274e+06  20945284293199.7
1.14274e+06  20951135231213.8
1.15021e+06  11423664856390.5
1.15021e+06  11720980077032.3
1.15021e+06  12500499632439.3
1.15021e+06  12624740686744.3
1.15021e+06  14358986032224.1
1.15021e+06  21040979227827.9
1.15021e+06  21053320698966.4
1.15768e+06  11441003671164.2
1.15768e+06  11739076635905.7
1.15768e+06  12500498540287.1
1.15768e+06  12624736748058.6
1.15768e+06  14358982770717.4
1.15768e+06  21139342128170.8
1.15768e+06  21155809205695.6
1.16515e+06  11458390808110.5
1.16515e+06  11756085332808.9
1.16515e+06  12500497435973.7
1.16515e+06  12624732752572.3
1.16515e+06  14358979573789.9
1.16515e+06  21239203861332.2
1.16515e+06  21258654998741.8
1.17262e+06  11475611405138
1.17262e+06  11770057098383.2
1.17262e+06  12500496318828.4
1.17262e+06  12624728699559.6
1.17262e+06  14358976436292.4
1.17262e+06  21340020755663.6
1.17262e+06  21361974310998.1
1.18009e+06  11491781259885.3
1.18009e+06  11786612370554.8
1.18009e+06  12500495190393.8
1.18009e+06  12624724586901.8
1.18009e+06  14358973360813.6
1.18009e+06  21441506847601.5
1.18009e+06  21466055964883.7
1.18756e+06  11508054524272.3
1.18756e+06  11803600313178
1.18756e+06  12500494048429.3
1.18756e+06  12624720414814.3
1.18756e+06  14358970344077.9
1.18756e+06  21543497649284.4
1.18756e+06  21571840431430.4
1.19502e+06  11524171211938.5
1.19502e+06  11816020257779.8
1.19502e+06  12500492893337.5
1.19502e+06  12624716181803.3
1.19502e+06  14358967383857.4
1.19502e+06  21645891757910.3
1.19502e+06  21684988314931.1
1.20249e+06  11539362230439
1.20249e+06  11830509614889.4
1.20249e+06  12500491726444.7
1.20249e+06  12624711885748.2
1.20249e+06  14358964480326.8
1.20249e+06  21748623035518.3
1.20249e+06  21802783928933.6
1.20996e+06  11554343525588.2
1.20996e+06  11847935649924.5
1.20996e+06  12500490545467.2
1.20996e+06  12624707526826.6
1.20996e+06  14358961630057.3
1.20996e+06  21861541597371.7
1.20996e+06  21907514062915.9
1.21743e+06  11569578940953.9
1.21743e+06  11859596811880.5
1.21743e+06  12500489351097.7
1.21743e+06  12624703103243.3
1.21743e+06  14358958832989.2
1.21743e+06  21970667906538.4
1.21743e+06  22013037104881.1
1.2249e+06  11583943194547
1.2249e+06  11871800015434.4
1.2249e+06  12500488143445.6
1.2249e+06  12624698613554.6
1.2249e+06  14358956088605.8
1.2249e+06  22076528961853.8
1.2249e+06  22119918200871.9
1.23237e+06  11597691370415.9
1.23237e+06  11886098977310.9
1.23237e+06  12500486922255.4
1.23237e+06  12624694056476.5
1.23237e+06  14358953394190.9
1.23237e+06  22181575067140.4
1.23237e+06  22229730809504.4
1.23984e+06  11611987342596.1
1.23984e+06  11901663553886.8
1.23984e+06  12500485686741.8
1.23984e+06  12624689431107.7
1.23984e+06  14358950748544.6
1.23984e+06  22286368538789.7
1.23984e+06  22349062443397.6
1.24731e+06  11625671008438.7
1.24731e+06  11911632167961.8
1.24731e+06  12500484436154.9
1.24731e+06  12624684736484.5
1.24731e+06  14358948151290.1
1.24731e+06  22391106544453.9
1.24731e+06  22455845167771.9
1.25478e+06  11638727643009
1.25478e+06  11923007685797.5
1.25478e+06  12500483171979.4
1.25478e+06  12624679969974.2
1.25478e+06  14358945601184.1
1.25478e+06  22495874774195.5
1.25478e+06  22562806262225.1
1.26224e+06  11651461530431.6
1.26224e+06  11936270303598.6
1.26224e+06  12500481892802.5
1.26224e+06  12624675130981.4
1.26224e+06  14358943095897
1.26224e+06  22602964798645.3
1.26224e+06  22671395425020.8
1.26971e+06  11664633991088.5
1.26971e+06  11951036084056.7
1.26971e+06  12500480599557.5
1.26971e+06  12624670217167.9
1.26971e+06  14358940636333.4
1.26971e+06  22716741425045.7
1.26971e+06  22783375857210.6
1.27718e+06  11677126706283
1.27718e+06  11959899094248.7
1.27718e+06  12500479290257.4
1.27718e+06  12624665228308.5
1.27718e+06  14358938219501.3
1.27718e+06  22825813071485.8
1.27718e+06  22901198228656.5
1.28465e+06  11689123374574.3
1.28465e+06  11969915824079.7
1.28465e+06  12500477965778.5
1.28465e+06  12624660161985.6
1.28465e+06  14358935844986.4
1.28465e+06  22933245246442.7
1.28465e+06  23008745260540.9
1.29212e+06  11700823024080.5
1.29212e+06  11981441727438.8
1.29212e+06  12500476625634.6
1.29212e+06  12624655016755.3
1.29212e+06  14358933513379.7
1.29212e+06  23039965662866
1.29212e+06  23117700527025.5
1.29959e+06  11712928044254.8
1.29959e+06  11995000695669
1.29959e+06  12500475269515.5
1.29959e+06  12624649790983.2
1.29959e+06  14358931221218.1
1.29959e+06  23146349839249.6
1.29959e+06  23229280272640.9
1.30706e+06  11724453616447.4
1.30706e+06  12005130730952.2
1.30706e+06  12500473896844.7
1.30706e+06  12624644483204
1.30706e+06  14358928969615.6
1.30706e+06  23257409861593.1
1.30706e+06  23346995305582.3
1.31453e+06  11735549478379
1.31453e+06  12013487263507.2
1.31453e+06  12500472508191.3
1.31453e+06  12624639090944.4
1.31453e+06  14358926756280.5
1.31453e+06  23370288829836.6
1.31453e+06  23457385614812.1
1.322e+06  11746326986894.2
1.322e+06  12022928126464.3
1.322e+06  12500471102143.6
1.322e+06  12624633613316.2
1.322e+06  14358924581064.8
1.322e+06  23480006978304.9
1.322e+06  23567196779223.5
1.32946e+06  11757294861785.1
1.32946e+06  12033774039297.4
1.32946e+06  12500469679766.1
1.32946e+06  12624628047263.6
1.32946e+06  14358922442572.7
1.32946e+06  23588357462465.7
1.32946e+06  23679678558279.7
1.33693e+06  11768021320606.6
1.33693e+06  12046490335302.6
1.33693e+06  12500468239156.1
1.33693e+06  12624622392238
1.33693e+06  14358920339389
1.33693e+06  23696027115843.1
1.33693e+06  23798091947233.5
1.3444e+06  11778341172703.3
1.3444e+06  12055067996984.4
1.3444e+06  12500466780725.3
1.3444e+06  12624616645615.2
1.3444e+06  14358918272833.9
1.3444e+06  23808219443387.1
1.3444e+06  23908652423978
1.35187e+06  11788354744664.9
1.35187e+06  12062438270323.2
1.35187e+06  12500465304725.9
1.35187e+06  12624610804795.4
1.35187e+06  14358916240626
1.35187e+06  23921674402564.7
1.35187e+06  24019718495352.1
1.35934e+06  11798139123267.5
1.35934e+06  12070696182438.8
1.35934e+06  12500463809419.8
1.35934e+06  12624604868917.7
1.35934e+06  14358914241559.8
1.35934e+06  24032212811783
1.35934e+06  24133992250933.2
1.36681e+06  11808109437717
1.36681e+06  12080079254485.3
1.36681e+06  12500462296421.7
1.36681e+06  12624598833967.3
1.36681e+06  14358912276173.6
1.36681e+06  24141380092452.1
1.36681e+06  24252035200554.3
1.37428e+06  11817778137534.8
1.37428e+06  12090920805501.3
1.37428e+06  12500460762597.7
1.37428e+06  12624592700302.8
1.37428e+06  14358910342896.2
1.37428e+06  24249821182194.9
1.37428e+06  24362646544830.4
1.38175e+06  11827125972377.2
1.38175e+06  12101556478210.3
1.38175e+06  12500459210541.8
1.38175e+06  12624586462727.9
1.38175e+06  14358908441191.9
1.38175e+06  24366179595690.8
1.38175e+06  24475523861075.4
1.38922e+06  11836228612193.1
1.38922e+06  12107629916810.4
1.38922e+06  12500457638264.1
1.38922e+06  12624580120361.8
1.38922e+06  14358906571110.7
1.38922e+06  24478550910555
1.38922e+06  24592829639813.2
1.39668e+06  11845145455900.6
1.39668e+06  12114340674457
1.39668e+06  12500456045860.5
1.39668e+06  12624573670210.9
1.39668e+06  14358904730342.1
1.39668e+06  24588978812208.3
1.39668e+06  24707348945770.6
1.40415e+06  11854065205875.6
1.40415e+06  12121835034948.7
1.40415e+06  12500454431585.9
1.40415e+06  12624567111058.8
1.40415e+06  14358902919671.3
1.40415e+06  24698383357669.9
1.40415e+06  24819717779130.2
1.41162e+06  11862874932902.1
1.41162e+06  12130309293140.3
1.41162e+06  12500452797151.9
1.41162e+06  12624560438015
1.41162e+06  14358901137060.6
1.41162e+06  24814279238822.3
1.41162e+06  24935395411006.3
1.41909e+06  11871401163420.2
1.41909e+06  12140033155131.6
1.41909e+06  12500451141036.1
1.41909e+06  12624553649450
1.41909e+06  14358899384118.3
1.41909e+06  24927706831122.8
1.41909e+06  25053393261348.7
1.42656e+06  11879707165664.8
1.42656e+06  12150553862902.3
1.42656e+06  12500449462766
1.42656e+06  12624546742483.1
1.42656e+06  14358897658252.1
1.42656e+06  25038965669120.8
1.42656e+06  25165649240971.8
1.43403e+06  11887843258809.9
1.43403e+06  12155668305307.4
1.43403e+06  12500447761337.1
1.43403e+06  12624539714775.1
1.43403e+06  14358895959616.9
1.43403e+06  25149063784289.5
1.43403e+06  25280685869756.6
1.4415e+06  11895850067791.3
1.4415e+06  12161269340985.2
1.4415e+06  12500446037059.5
1.4415e+06  12624532562372
1.4415e+06  14358894287927
1.4415e+06  25265866554594.8
1.4415e+06  25400564535127.8
1.44897e+06  11903827214258.9
1.44897e+06  12167455721287.4
1.44897e+06  12500444289377.7
1.44897e+06  12624525282141.9
1.44897e+06  14358892641702
1.44897e+06  25379575898471.1
1.44897e+06  25512924748148.9
1.45644e+06  11911658608961
1.45644e+06  12174355737092.5
1.45644e+06  12500442516989.9
1.45644e+06  12624517871697.9
1.45644e+06  14358891021185.8
1.45644e+06  25491232585825.7
1.45644e+06  25627806564867.9
1.46391e+06  11919269355591
1.46391e+06  12182139183110.5
1.46391e+06  12500440720385.6
1.46391e+06  12624510326438.4
1.46391e+06  14358889426732.7
1.46391e+06  25603457479854.7
1.46391e+06  25747443118829.6
1.47137e+06  11926706198518.4
1.47137e+06  12191035639097.8
1.47137e+06  12500438897949.3
1.47137e+06  12624502644083.5
1.47137e+06  14358887854996.1
1.47137e+06  25720279113148.5
1.47137e+06  25861344146863.8
1.47884e+06  11934007062294.7
1.47884e+06  12200505889536.2
1.47884e+06  12500437049880.2
1.47884e+06  12624494820041.1
1.47884e+06  14358886308340
1.47884e+06  25833767080016.4
1.47884e+06  25976363560755.7
1.48631e+06  11941203118495.4
1.48631e+06  12204800751159.9
1.48631e+06  12500435175284.2
1.48631e+06  12624486850864.6
1.48631e+06  14358884784701.7
1.48631e+06  25945508222715.9
1.48631e+06  26095805400653
