0  228317356239.743
0  358232221540.937
0  23222353588201.9
0  24200035607982.7
0  46980644966132.9
11550.9  456629057555.564
11550.9  716445857192.298
11550.9  23222353588160.3
11550.9  24200720259639.4
11550.9  46980636103072.8
11550.9  46981238927965.2
23101.8  684928919175.772
23101.8  1074618077407.96
23101.8  23222353588091
23101.8  24201863240046.3
23101.8  46980584937397.9
23101.8  46982308477996.5
34652.7  913211031795.095
34652.7  1432729196936.89
34652.7  23222353587994.1
34652.7  24203467528520.2
34652.7  46980574877728.1
34652.7  46983738327978.2
46203.6  1141469599267.43
46203.6  1790758460065.17
46203.6  23222353587869.4
46203.6  24205537328402.4
46203.6  46980570956804.4
46203.6  46985572489018.5
57754.5  1369698601407.18
57754.5  2148684700039.13
57754.5  23222353588238.7
57754.5  24208078010184
57754.5  46980568987264.4
57754.5  46987796599469.3
69305.3  1597892198115.16
69305.3  2506486470980.81
69305.3  23222353588058.6
69305.3  24211096207949.3
69305.3  46980567849423.4
69305.3  46990434439111.6
80856.2  1826044420867.7
80856.2  2864141408199.49
80856.2  23222353587850.7
80856.2  24214599877487.1
80856.2  46980567130320.6
80856.2  46993475621957
92407.1  2054149300952.48
92407.1  3221627139514.28
92407.1  23222353587615.2
92407.1  24218598323584.7
92407.1  46980566645589.8
92407.1  46996921286893.2
103958  2282200898662.8
103958  3578920176247.96
103958  23222353587351.8
103958  24223102257319.5
103958  46980566303193.6
103958  47000775530832.9
115509  2510193222241.34
115509  3935996290231.23
115509  23222353587060.7
115509  24228123861673.8
115509  46980566052473.1
115509  47005042536645.4
127060  2738120266360.65
127060  4292830166410.37
127060  23222353586741.9
127060  24233676864906.8
127060  46980565863213.9
127060  47009716558267.5
138611  2965976003989.57
138611  4649395762741.9
138611  23222353586624.5
138611  24239776621415.9
138611  46980565716851.3
138611  47014804032647.8
150162  3193754360704.81
150162  5005665506209.08
150162  23222353586250.1
150162  24246440201365.6
150162  46980565601730.1
150162  47020304482486.9
161712  3421449293899.56
161712  5361610669357.48
161712  23222353585847.8
161712  24253686616948.5
161712  46980565509134.6
161712  47026219360378.4
173263  3649054669601.54
173263  5717200909202.99
173263  23222353585417.8
173263  24261536670102.5
173263  46980565433878.3
173263  47032551038410.9
184814  3876564357541.79
184814  6072404344585.64
184814  23222353585481.7
184814  24270013440451.4
184814  46980565372106
184814  47039298926288.5
196365  4103972190216.71
196365  6427187113369.16
196365  23222353585225.2
196365  24279142210739.3
196365  46980565320665.1
196365  47046467610114.3
207916  4331271949382.88
207916  6781513482859.56
207916  23222353584711.7
207916  24288950594664.2
207916  46980565277160.3
207916  47054056687722.8
219467  4558457415889.46
219467  7135345229749.61
219467  23222353584170.2
219467  24299468983838.1
219467  46980565240612.7
219467  47062069109828.4
231018  4785522289662.13
231018  7488641895828.03
231018  23222353583600.9
231018  24310730571191.4
231018  46980565209449.2
231018  47070507210157.8
242569  5012460251162.11
242569  7841360111046.12
242569  23222353583232.8
242569  24322771544233.7
242569  46980565182906.4
242569  47079372078531.8
254120  5239264932605.16
254120  8193453529692.11
254120  23222353583129.4
254120  24335631531845.1
254120  46980565159924.6
254120  47088667175062
265670  5465929936923.22
265670  8544872376556.84
265670  23222353582476.2
265670  24349353808611.4
265670  46980565139919.2
265670  47098394702568
277221  5692448793264.89
277221  8895563300797.15
277221  23222353582024.2
277221  24363985568881
277221  46980565122917.4
277221  47108556992736.5
288772  5918814992190.57
288772  9245468767677.41
288772  23222353581314.9
288772  24379578466669.2
288772  46980565107945.9
288772  47119156357030.5
300323  6145021988009.19
300323  9594526770436.75
300323  23222353580577.6
300323  24396188797170.4
300323  46980565095090.7
300323  47130196070270.6
311874  6371063151343.26
311874  9942670313322.68
311874  23222353580860.1
311874  24413878088192.4
311874  46980565083572.9
311874  47141678883707.6
323425  6596931821486.04
323425  10289826980014.7
323425  23222353580066.6
323425  24432713644516.5
323425  46980565073728.5
323425  47153607808760
334976  6822621267973.79
334976  10635918231065.2
334976  23222353579474.1
334976  24452768982017.2
334976  46980565065306.6
334976  47165985981779.8
346527  7048124706019.26
346527  10980858816520.7
346527  23222353578624.2
346527  24474124536020.2
346527  46980565057929.9
346527  47178816094116.6
358078  7273435285613.15
358078  11324556172598.6
358078  23222353578267.8
358078  24496868339947.2
358078  46980565051355.9
358078  47192102294212.4
369629  7498546089050.14
369629  11666909498446.6
369629  23222353577590.6
369629  24521096736379.1
369629  46980565045702.2
369629  47205847572711.6
381179  7723450134935.1
381179  12007809047563.2
381179  23222353576655.8
381179  24546915265171.9
381179  46980565041280.4
381179  47220055834101
392730  7948140371156.22
392730  12347135150684.6
392730  23222353576443.6
392730  24574439545918.1
392730  46980565037005.8
392730  47234730371128.8
404281  8172609681015.7
404281  12684757152535.9
404281  23222353575451.9
404281  24603796325729.8
404281  46980565033521.4
404281  47249875495814.6
415832  8396850864801.01
415832  13020532414354
415832  23222353574661
415832  24635124486989.4
415832  46980565030687.1
415832  47265495068637.7
427383  8620856653861.89
427383  13354304951877
427383  23222353574134.1
427383  24668576357748.2
427383  46980565028414.9
427383  47281592832158.2
438934  8844619698954.1
438934  13685904389369.2
438934  23222353573286
438934  24704318924637.2
438934  46980565026697
438934  47298173346957.3
450485  9068132570438.74
450485  14015144345135.8
450485  23222353572179.9
450485  24742535144967.9
450485  46980565025339.9
450485  47315240954508.5
462036  9291387758753.23
462036  14341821162359.5
462036  23222353571796.2
462036  24783425518315.8
462036  46980565024317.2
462036  47332800127061.8
473587  9514377667471.39
473587  14665712341948
473587  23222353570335.5
473587  24827209427991.7
473587  46980565023591.2
473587  47350855479722.7
485137  9737094616149.87
485137  14986575066751.8
485137  23222353569372.2
485137  24874126698898.9
485137  46980565023397.1
485137  47369411769047.5
496688  9959530834662.48
496688  15304144663559.9
496688  23222353568676.8
496688  24924439106960.5
496688  46980565023597.1
496688  47388473892449.4
508239  10181678456000.8
508239  15618133318573.6
508239  23222353567426.1
508239  24978431728957.9
508239  46980565023989.1
508239  47408046785601.7
519790  10403529535947.7
519790  15928228760831.3
519790  23222353566375.4
519790  25036414139572.7
519790  46980565024473.7
519790  47428135654631.7
531341  10625076014987.2
531341  16234093415217.7
531341  23222353565588
531341  25098721357118.4
531341  46980565025665.6
531341  47448745880294.8
542892  10846309749680.8
542892  16535363821688
542892  23222353564478.6
542892  25165714314810.4
542892  46980565026659.2
542892  47469882934886.7
554443  11067222495499.3
554443  16831650830175.8
554443  23222353563861.4
554443  25237779781671.1
554443  46980565028072.4
554443  47491552350439.2
565994  11287805903100.2
565994  17122540453257.8
565994  23222353562463.6
565994  25315329436011.1
565994  46980565030001.7
565994  47513759747694
577545  11508051522406.4
577545  17407595755510.1
577545  23222353561265.1
577545  25398797938655.8
577545  46980565031810.4
577545  47536511275500
589095  11727950791722.2
589095  17686360154023.5
589095  23222353560558.5
589095  25488639728304
589095  46980565033888.9
589095  47559812609677.7
600646  11947495049084.7
600646  17958362030361.5
600646  23222353559070.7
600646  25585324336943
600646  46980565036196.7
600646  47583670193759.1
612197  12166675514083.3
612197  18223121129612.5
612197  23222353558303.6
612197  25689329990258.1
612197  46980565038498.3
612197  47608090277518.5
623748  12385483310098.9
623748  18480156749912.1
623748  23222353557281.2
623748  25801135430091.7
623748  46980565041159.9
623748  47633079280849.3
635299  12603909426499
635299  18728997759019.3
635299  23222353556453
635299  25921209926660.2
635299  46980565044027.4
635299  47658643816729.6
646850  12821944753992.1
646850  18969194049484.6
646850  23222353554842.8
646850  26050001689628
646850  46980565047239.2
646850  47684790697079.8
658401  13039580055911.2
658401  19200329573554
658401  23222353553952.5
658401  26187925063594.3
658401  46980565050159.9
658401  47711526905837.7
669952  13256805980010.3
669952  19422035514188.5
669952  23222353552509
669952  26335347144088
669952  46980565053415.7
669952  47738859341970.4
681503  13473613055976.5
681503  19634003488611.3
681503  23222353551326.4
681503  26492574630773.2
681503  46980565056999.7
681503  47766795380919.8
693053  13689991686879.9
693053  19835997526198.5
693053  23222353549522.2
693053  26659841887498.6
693053  46980565060502.2
693053  47795342396195.9
704604  13905932148184.1
704604  20027863728711.4
704604  23222353548275.4
704604  26837301241559.4
704604  46980565064359.8
704604  47824507962404.4
716155  14121424598405.5
716155  20209536974092.4
716155  23222353546703.2
716155  27025016375151.1
716155  46980565068241.3
716155  47854299628092.6
727706  14336459064264.2
727706  20381043562248.3
727706  23222353545620
727706  27222959458021.6
727706  46980565072323.5
727706  47884725428567.2
739257  14551025443034.2
739257  20542500216869.2
739257  23222353544278.3
739257  27431012389018.1
739257  46980565076085
739257  47915793334780.6
750808  14765113501856.1
750808  20694108798862.3
750808  23222353543127.7
750808  27648971881272.3
750808  46980565080525.6
750808  47947511579073.1
762359  14978712880794.4
762359  20836147942652.3
762359  23222353541942.6
762359  27876558021869.6
762359  46980565084603.8
762359  47979888375978.1
773910  15191813085576.2
773910  20968961773282
773910  23222353540200.6
773910  28113425405396.7
773910  46980565089275.9
773910  48012932367567.1
785461  15404403488207.6
785461  21092947116226.8
785461  23222353538944.9
785461  28359175896211.7
785461  46980565093989.8
785461  48046652147643.9
797011  15616473326727.8
797011  21208540243867.2
797011  23222353536901.8
797011  28613372047603.7
797011  46980565098705.4
797011  48081056626779.5
808562  15828011703545.9
808562  21316203587789.7
808562  23222353535050.9
808562  28875550202528.6
808562  46980565103750
808562  48116154716298
820113  16039007587762.7
820113  21416413787954.7
820113  23222353533684
820113  29145232639256.7
820113  46980565108827.8
820113  48151955670369.4
831664  16249449811356.4
831664  21509650739218.4
831664  23222353532053.5
831664  29421938298962.2
831664  46980565113792.4
831664  48188468745752.1
843215  16459327071081
843215  21596388946415.1
843215  23222353530608
843215  29705191618328.3
843215  46980565118784.4
843215  48225703416124.3
854766  16668627929509.1
854766  21677090206484.3
854766  23222353528302.5
854766  29994529758001.9
854766  46980565124064.6
854766  48263669404533.6
866317  16877340808370.2
866317  21752198312173.5
866317  23222353526773.7
866317  30289507855382.9
866317  46980565129404.8
866317  48302376491151.4
877868  17085453997692
877868  21822135352766.5
877868  23222353525201
877868  30589702877853.2
877868  46980565135254.8
877868  48341834635855.3
889419  17292955647395
889419  21887299105217.3
889419  23222353523061
889419  30894716061654.2
889419  46980565140610.2
889419  48382054011276.7
900970  17499833774934.8
900970  21948061956440.6
900970  23222353521624.8
900970  31204174134788.1
900970  46980565146281.6
900970  48423044870447
912520  17706076266359.5
912520  22004770205000.2
912520  23222353520206.9
912520  31517729768295.8
912520  46980565152198.7
912520  48464817661107.4
924071  17911670868306.4
924071  22057744734371.7
924071  23222353517918
924071  31835061312046.7
924071  46980565158024.6
924071  48507383047342.7
935622  18116605201075.6
935622  22107281413386.5
935622  23222353516096.1
935622  32155871974554.4
935622  46980565163869.2
935622  48550751749000.6
947173  18320866750409.6
947173  22153652390989
947173  23222353514215.9
947173  32479888796110.4
947173  46980565169989.7
947173  48594934731327.9
958724  18524442876081.7
958724  22197107364398.7
958724  23222353512273.8
958724  32806861247496.8
958724  46980565176240.1
958724  48639943021066
970275  18727320808204.4
970275  22237875024849.4
970275  23222353509513.7
970275  33136559831007.7
970275  46980565182653.2
970275  48685787835989.2
981826  18929487656209.3
981826  22276164610515.4
981826  23222353507432.9
981826  33468774521333.2
981826  46980565188967.6
981826  48732480606532
993377  19130930403248.1
993377  22312167373383.9
993377  23222353505273.8
993377  33803313357741.6
993377  46980565195409.2
993377  48780032770743.4
1.00493e+06  19331635916703.4
1.00493e+06  22346058053782.6
1.00493e+06  23222353502736.1
1.00493e+06  34140000908359.2
1.00493e+06  46980565202121.6
1.00493e+06  48828456009040.5
1.01648e+06  19531590946532.5
1.01648e+06  22377996167768.2
1.01648e+06  23222353500395.9
1.01648e+06  34478676834895.6
1.01648e+06  46980565208734.8
1.01648e+06  48877762090743.2
1.02803e+06  19730782130825.5
1.02803e+06  22408127361227.8
1.02803e+06  23222353497427.5
1.02803e+06  34819194743720.9
1.02803e+06  46980565215325.5
1.02803e+06  48927962993888.7
1.03958e+06  19929195998188.4
1.03958e+06  22436585000340.2
1.03958e+06  23222353494861
1.03958e+06  35161420787576.9
1.03958e+06  46980565222478.1
1.03958e+06  48979070701098.6
1.05113e+06  20126818973404.1
1.05113e+06  22463490737419.3
1.05113e+06  23222353492157.2
1.05113e+06  35505232563966.5
1.05113e+06  46980565229088.2
1.05113e+06  49031097414702.7
1.06268e+06  20323637380708.3
1.06268e+06  22488955759636.7
1.06268e+06  23222353489298.9
1.06268e+06  35850518176879.9
1.06268e+06  46980565236258.2
1.06268e+06  49084055435090.5
1.07423e+06  20519637450177
1.07423e+06  22513082007894.8
1.07423e+06  23222353486249.5
1.07423e+06  36197175063619.7
1.07423e+06  46980565243435.6
1.07423e+06  49137957156055.9
1.08578e+06  20714805321771
1.08578e+06  22535962828056.4
1.08578e+06  23222353482977.4
1.08578e+06  36545109397596.8
1.08578e+06  46980565250732.5
1.08578e+06  49192815079974.9
1.09733e+06  20909127048530.4
1.09733e+06  22557683538773.7
1.09733e+06  23222353479664.1
1.09733e+06  36894235032773.4
1.09733e+06  46980565257663.4
1.09733e+06  49248641862000.6
1.10889e+06  21102588608453.8
1.10889e+06  22578322793433.3
1.10889e+06  23222353475489.1
1.10889e+06  37244472999935.6
1.10889e+06  46980565265116.5
1.10889e+06  49305450206171.3
1.12044e+06  21295175911926.2
1.12044e+06  22597952624473.3
1.12044e+06  23222353470663.8
1.12044e+06  37595750594705.7
1.12044e+06  46980565272683.8
1.12044e+06  49363252884186.7
1.13199e+06  21486874789722
1.13199e+06  22616639003600.4
1.13199e+06  23222353466103.7
1.13199e+06  37948001188558.2
1.13199e+06  46980565280141.4
1.13199e+06  49422062837326.1
1.14354e+06  21677671034399.8
1.14354e+06  22634443155311.6
1.14354e+06  23222353460731.1
1.14354e+06  38301163139219.7
1.14354e+06  46980565287599.1
1.14354e+06  49481892983081.5
1.15509e+06  21867550356760.6
1.15509e+06  22651420968856
1.15509e+06  23222353454088.7
1.15509e+06  38655179930982.6
1.15509e+06  46980565295426.7
1.15509e+06  49542756367144.2
1.16664e+06  22056498459223.8
1.16664e+06  22667624253233.5
1.16664e+06  23222353446151.7
1.16664e+06  39009999349093.5
1.16664e+06  46980565303026.4
1.16664e+06  49604666090900.8
1.17819e+06  22244501010060.3
1.17819e+06  22683100857247.1
1.17819e+06  23222353435611.7
1.17819e+06  39365572906234.4
1.17819e+06  46980565310992
1.17819e+06  49667635283261.8
1.18974e+06  22431543677882.4
1.18974e+06  22697894796950.4
1.18974e+06  23222353420826.5
1.18974e+06  39721856052797.5
1.18974e+06  46980565318805
1.18974e+06  49731677119305.4
1.20129e+06  22617612321756
1.20129e+06  22712046997533.6
1.20129e+06  23222353398618.4
1.20129e+06  40078807052726.3
1.20129e+06  46980565326751.8
1.20129e+06  49796804818247.4
1.21284e+06  22725595946449.8
1.21284e+06  22802690627534.8
1.21284e+06  23222353358217.5
1.21284e+06  40436389976540.3
1.21284e+06  46980565334684.2
1.21284e+06  49863031626443.4
1.22439e+06  22738574908868.6
1.22439e+06  22986767531296.9
1.22439e+06  23222353259482.8
1.22439e+06  40794565947128
1.22439e+06  46980565342858.3
1.22439e+06  49930370745772.2
1.23595e+06  22751017756759.2
1.23595e+06  23169825883964.7
1.23595e+06  23222352487462.3
1.23595e+06  41153303868407.1
1.23595e+06  46980565351266.7
1.23595e+06  49998835455134.2
1.2475e+06  22762954433403.2
1.2475e+06  23222353874537
1.2475e+06  23351854662123.4
1.2475e+06  41512572648083.5
1.2475e+06  46980565359387
1.25905e+06  22774412963819.8
1.25905e+06  23222353640279.8
1.25905e+06  23532835598790.6
1.25905e+06  41872344002213.4
1.25905e+06  46980565367615.6
1.2706e+06  22785419512934.1
1.2706e+06  23222353576934.7
1.2706e+06  23712756330222.2
1.2706e+06  42232591218598.4
1.2706e+06  46980565375761.7
1.28215e+06  22795998464087.8
1.28215e+06  23222353546723.8
1.28215e+06  23891602513154.9
1.28215e+06  42593289643939.9
1.28215e+06  46980565384136
1.2937e+06  22806172337547.9
1.2937e+06  23222353528227
1.2937e+06  24069360045670.9
1.2937e+06  42954416068684.7
1.2937e+06  46980565392170
1.30525e+06  22815962625172.6
1.30525e+06  23222353515617.3
1.30525e+06  24246014856665.2
1.30525e+06  43315948977643.6
1.30525e+06  46980565400321.5
1.3168e+06  22825388854498.2
1.3168e+06  23222353506125
1.3168e+06  24421553038996.2
1.3168e+06  43677868204619.1
1.3168e+06  46980565408875.2
1.32835e+06  22834469772670.4
1.32835e+06  23222353498297.9
1.32835e+06  24595960756781.2
1.32835e+06  44040154802601.9
1.32835e+06  46980565416821.8
1.3399e+06  22843222442115.4
1.3399e+06  23222353491933
1.3399e+06  24769224327234.3
1.3399e+06  44402791095122.3
1.3399e+06  46980565424877.1
1.35145e+06  22851663381385.3
1.35145e+06  23222353486182.7
1.35145e+06  24941330199193.9
1.35145e+06  44765760479259.4
1.35145e+06  46980565431974.7
1.36301e+06  22859807676810.9
1.36301e+06  23222353481261.7
1.36301e+06  25112264987840.5
1.36301e+06  45129047342191.7
1.36301e+06  46980565439142.4
1.37456e+06  22867669660855.4
1.37456e+06  23222353476325.9
1.37456e+06  25282015477640.9
1.37456e+06  45492637166721.4
1.37456e+06  46980565444532.2
1.38611e+06  22875262713183
1.38611e+06  23222353471944.5
1.38611e+06  25450568638153.7
1.38611e+06  45856516045701.5
1.38611e+06  46980565447929.4
1.39766e+06  22882599548741.7
1.39766e+06  23222353468044
1.39766e+06  25617911644046.7
1.39766e+06  46220671251784.1
1.39766e+06  46980565445511.9
1.40921e+06  22889691849619.5
1.40921e+06  23222353463811.7
1.40921e+06  25784031888195.8
1.40921e+06  46585090386140.4
1.40921e+06  46980565420757.5
1.42076e+06  22896551053306.9
1.42076e+06  23222353460258.4
1.42076e+06  25948916992430.4
1.42076e+06  46949763969321.1
1.42076e+06  46980564589471.6
1.43231e+06  22903187329502.1
1.43231e+06  23222353457122.5
1.43231e+06  26112554833847.2
1.43231e+06  46980565597484.5
1.43231e+06  47314675103797.5
1.44386e+06  22909610956185
1.44386e+06  23222353453555.5
1.44386e+06  26274933548360.3
1.44386e+06  46980565562913.3
1.44386e+06  47679819983061.2
1.45541e+06  22915831067449.7
1.45541e+06  23222353450293.6
1.45541e+06  26436041555653.1
1.45541e+06  46980565559181.7
1.45541e+06  48045186603929.4
1.46696e+06  22921856644623.5
1.46696e+06  23222353447091.8
1.46696e+06  26595867565731.6
1.46696e+06  46980565562484.2
1.46696e+06  48410765881046.4
1.47851e+06  22927695948682.9
1.47851e+06  23222353444234.8
1.47851e+06  26754400608138
1.47851e+06  46980565568282.3
1.47851e+06  48776549190273.2
1.49006e+06  22933356979278.2
1.49006e+06  23222353441410.7
1.49006e+06  26911630029196
1.49006e+06  46980565576118.9
1.49006e+06  49142528344100.2
1.50162e+06  22938847123897.4
1.50162e+06  23222353438025.5
1.50162e+06  27067545524779.5
1.50162e+06  46980565584624.9
1.50162e+06  49508695612577.6
1.51317e+06  22944173489832
1.51317e+06  23222353434437
1.51317e+06  27222137134495.5
1.51317e+06  46980565593470.2
1.51317e+06  49875043635416.9
1.52472e+06  22949342811266.8
1.52472e+06  23222353431683.8
1.52472e+06  27375395283739
1.52472e+06  46980565603044.2
1.53627e+06  22954361429437.9
1.53627e+06  23222353428414.9
1.53627e+06  27527310770219.4
1.53627e+06  46980565612553.8
1.54782e+06  22959235312694.4
1.54782e+06  23222353425152.7
1.54782e+06  27677874799338.4
1.54782e+06  46980565622780.7
1.55937e+06  22963970471176.6
1.55937e+06  23222353422122.9
1.55937e+06  27827078981908.4
1.55937e+06  46980565633132.4
1.57092e+06  22968571871311
1.57092e+06  23222353419615.2
1.57092e+06  27974915354034.4
1.57092e+06  46980565643289.3
1.58247e+06  22973045029121.3
1.58247e+06  23222353416582.6
1.58247e+06  28121376391030.4
1.58247e+06  46980565653667.4
1.59402e+06  22977394629232.1
1.59402e+06  23222353413544.9
1.59402e+06  28266455021922
1.59402e+06  46980565664400.9
1.60557e+06  22981625529205.2
1.60557e+06  23222353410270.5
1.60557e+06  28410144621044
1.60557e+06  46980565675038.5
1.61712e+06  22985742075850
1.61712e+06  23222353407216.6
1.61712e+06  28552439055775.1
1.61712e+06  46980565685978.5
1.62868e+06  22989748609916.7
1.62868e+06  23222353404971.7
1.62868e+06  28693332649745.9
1.62868e+06  46980565697325.7
1.64023e+06  22993649152334.9
1.64023e+06  23222353401373
1.64023e+06  28832820237551.3
1.64023e+06  46980565708332
1.65178e+06  22997447590729.9
1.65178e+06  23222353398283.4
1.65178e+06  28970897142100.4
1.65178e+06  46980565719622.9
1.66333e+06  23001147260843.3
1.66333e+06  23222353394882.2
1.66333e+06  29107559190462.9
1.66333e+06  46980565730938.9
1.67488e+06  23004751995391
1.67488e+06  23222353392060.2
1.67488e+06  29242802719011.9
1.67488e+06  46980565742646.5
1.68643e+06  23008265110260.8
1.68643e+06  23222353389447.1
1.68643e+06  29376624598622.4
1.68643e+06  46980565754112
1.69798e+06  23011689768571.1
1.69798e+06  23222353386065.2
1.69798e+06  29509022210134.1
1.69798e+06  46980565765629.2
1.70953e+06  23015029208285.7
1.70953e+06  23222353383192.3
1.70953e+06  29639993457564.3
1.70953e+06  46980565777530.1
1.72108e+06  23018285706837.7
1.72108e+06  23222353380003.7
1.72108e+06  29769536781820.8
1.72108e+06  46980565788928.1
1.73263e+06  23021462943760.6
1.73263e+06  23222353377021.3
1.73263e+06  29897651156433.9
1.73263e+06  46980565801114.2
1.74418e+06  23024562880551.6
1.74418e+06  23222353373794.3
1.74418e+06  30024336094718.5
1.74418e+06  46980565812942
1.75574e+06  23027588347889.1
1.75574e+06  23222353370844.6
1.75574e+06  30149591635402.2
1.75574e+06  46980565825262.4
1.76729e+06  23030541924331.2
1.76729e+06  23222353367577.1
1.76729e+06  30273418348266.2
1.76729e+06  46980565837367.6
1.77884e+06  23033425670802.8
1.77884e+06  23222353364288.8
1.77884e+06  30395817336558.1
1.77884e+06  46980565849739.3
1.79039e+06  23036241889199.9
1.79039e+06  23222353360979.3
1.79039e+06  30516790240720.7
1.79039e+06  46980565861861.2
1.80194e+06  23038993322191.5
1.80194e+06  23222353358170.7
1.80194e+06  30636339219271.9
1.80194e+06  46980565874475.2
1.81349e+06  23041680939179.4
1.81349e+06  23222353355047.2
1.81349e+06  30754466955766.9
1.81349e+06  46980565886982.9
1.82504e+06  23044307632416.1
1.82504e+06  23222353351672.1
1.82504e+06  30871176630356.5
1.82504e+06  46980565899386.1
1.83659e+06  23046875097441
1.83659e+06  23222353348864.9
1.83659e+06  30986471971736.6
1.83659e+06  46980565912571.8
1.84814e+06  23049385034786.8
1.84814e+06  23222353345444.7
1.84814e+06  31100357163326.7
1.84814e+06  46980565925245.2
1.85969e+06  23051839182672.8
1.85969e+06  23222353342001.5
1.85969e+06  31212836923307.1
1.85969e+06  46980565938037.7
1.87124e+06  23054239319298.3
1.87124e+06  23222353338760.4
1.87124e+06  31323916438213.9
1.87124e+06  46980565951093.4
1.8828e+06  23056587263285.7
1.8828e+06  23222353335275.2
1.8828e+06  31433601362823.1
1.8828e+06  46980565963932.1
1.89435e+06  23058884165100.5
1.89435e+06  23222353332284.6
1.89435e+06  31541897831558.6
1.89435e+06  46980565977144.8
1.9059e+06  23061131761695.8
1.9059e+06  23222353328747.9
1.9059e+06  31648812423796.7
1.9059e+06  46980565990251
1.91745e+06  23063331454872.9
1.91745e+06  23222353326007.2
1.91745e+06  31754352173600.8
1.91745e+06  46980566003699.5
1.929e+06  23065485014015
1.929e+06  23222353322652.2
1.929e+06  31858524540688.3
1.929e+06  46980566016925.8
1.94055e+06  23067592922608
1.94055e+06  23222353318746.1
1.94055e+06  31961337382285.9
1.94055e+06  46980566030418.6
1.9521e+06  23069657066262.8
1.9521e+06  23222353315635.8
1.9521e+06  32062799000292.9
1.9521e+06  46980566044060.1
1.96365e+06  23071678681448.4
1.96365e+06  23222353312046.3
1.96365e+06  32162918067067.9
1.96365e+06  46980566057558.7
1.9752e+06  23073658932227.8
1.9752e+06  23222353309116.7
1.9752e+06  32261703619268.3
1.9752e+06  46980566071321.3
1.98675e+06  23075599011074.6
1.98675e+06  23222353304887.8
1.98675e+06  32359165084981.6
1.98675e+06  46980566084974.2
1.9983e+06  23077500131327.3
1.9983e+06  23222353301976.7
1.9983e+06  32455312219440.1
1.9983e+06  46980566098857.3
2.00986e+06  23079362575659.1
2.00986e+06  23222353298153.1
2.00986e+06  32550155120960.9
2.00986e+06  46980566113146.5
2.02141e+06  23081188281243.7
2.02141e+06  23222353294895
2.02141e+06  32643704199328.6
2.02141e+06  46980566127070
2.03296e+06  23082978383827.4
2.03296e+06  23222353291386.8
2.03296e+06  32735970182429.2
2.03296e+06  46980566141110.1
2.04451e+06  23084732717729.2
2.04451e+06  23222353288308.3
2.04451e+06  32826964053501.9
2.04451e+06  46980566155558.2
2.05606e+06  23086453619816.5
2.05606e+06  23222353284452.6
2.05606e+06  32916697088110.8
2.05606e+06  46980566169715.8
2.06761e+06  23088140792266.8
2.06761e+06  23222353281323.9
2.06761e+06  33005180832885.5
2.06761e+06  46980566184056.8
2.07916e+06  23089795778173.5
2.07916e+06  23222353277188.2
2.07916e+06  33092427053798.9
2.07916e+06  46980566198369.4
2.09071e+06  23091419552125.9
2.09071e+06  23222353273256.7
2.09071e+06  33178447736054.8
2.09071e+06  46980566213087.6
2.10226e+06  23093012663978.5
2.10226e+06  23222353269827
2.10226e+06  33263255076639
2.10226e+06  46980566227810.9
2.11381e+06  23094575478278.1
2.11381e+06  23222353266367.4
2.11381e+06  33346861492536
2.11381e+06  46980566242390.1
2.12536e+06  23096109289292
2.12536e+06  23222353262814.6
2.12536e+06  33429279542284.4
2.12536e+06  46980566257119
2.13691e+06  23097614790979.6
2.13691e+06  23222353259078.9
2.13691e+06  33510521982045.2
2.13691e+06  46980566272221.8
2.14847e+06  23099092690845.4
2.14847e+06  23222353255772.4
2.14847e+06  33590601666035.1
2.14847e+06  46980566286956.1
2.16002e+06  23100543712441.7
2.16002e+06  23222353251688.1
2.16002e+06  33669531644035.3
2.16002e+06  46980566302064.2
2.17157e+06  23101968327414.8
2.17157e+06  23222353248627.9
2.17157e+06  33747325026314.6
2.17157e+06  46980566317097.2
2.18312e+06  23103366958821.6
2.18312e+06  23222353244424.4
2.18312e+06  33823995094538.4
2.18312e+06  46980566332210.5
2.19467e+06  23104740730152.6
2.19467e+06  23222353240033.3
2.19467e+06  33899555143228.9
2.19467e+06  46980566347733.1
2.20622e+06  23106090416972.1
2.20622e+06  23222353236896
2.20622e+06  33974018612704.5
2.20622e+06  46980566362998.2
2.21777e+06  23107416082017.5
2.21777e+06  23222353232683
2.21777e+06  34047398960982.5
2.21777e+06  46980566378265.6
2.22932e+06  23108718235133.7
2.22932e+06  23222353229196.7
2.22932e+06  34119709732289.1
2.22932e+06  46980566394200.4
2.24087e+06  23109998464982.7
2.24087e+06  23222353225454.8
2.24087e+06  34190964511398.2
2.24087e+06  46980566409327.9
2.25242e+06  23111255437420.2
2.25242e+06  23222353221393.9
2.25242e+06  34261176859527.2
2.25242e+06  46980566425267.3
2.26397e+06  23112491855259.4
2.26397e+06  23222353217829.8
2.26397e+06  34330360426078.9
2.26397e+06  46980566440951.1
2.27553e+06  23113706086263.7
2.27553e+06  23222353213785
2.27553e+06  34398528828160.7
2.27553e+06  46980566456748.3
2.28708e+06  23114900386320.9
2.28708e+06  23222353210169.1
2.28708e+06  34465695653277.2
2.28708e+06  46980566472694.5
2.29863e+06  23116074403390.5
2.29863e+06  23222353205477.1
2.29863e+06  34531874540146.3
2.29863e+06  46980566488758.4
