0  131789081474.989
0  23646231694166.6
0  23739257049898.8
0  24023384037222.2
9068.2  279647388174.685
9068.2  23646231474107.2
9068.2  23739270378154.8
9068.2  24023386611626.5
18136.4  23646231107331.7
18136.4  23739292597082.5
18136.4  24023390901860.8
27204.6  23646230593825
27204.6  23739323714439.4
27204.6  24023396907266.8
36272.8  699789115121.736
36272.8  700320678358.645
36272.8  23646229933566.3
36272.8  23739363741098.7
36272.8  24023404626923.9
45341  846934947816.663
45341  852526948875.123
45341  23646229126527.9
45341  23739412691055.1
45341  24023414059568.5
54409.2  995611174247.497
54409.2  1001935260999.14
54409.2  23646228172678.8
54409.2  23739470581470.3
54409.2  24023425203973.1
63477.4  1149114530160.87
63477.4  1150172650842.53
63477.4  23646227071977.6
63477.4  23739537432633.8
63477.4  24023438058181.3
72545.6  1276331613394.3
72545.6  23646225824273.9
72545.6  23739613268189.9
72545.6  24023452620453.7
81613.8  1399385156145.33
81613.8  1403417232572.31
81613.8  23646224429730
81613.8  23739698114579
81613.8  24023468888471.2
90682  1544441046345.79
90682  1561626702245.77
90682  23646222888182.3
90682  23739792001897.7
90682  24023486859887
99750.2  1689147799571.95
99750.2  1711439988226.58
99750.2  23646221199929.6
99750.2  23739894962930.4
99750.2  24023506531861.6
108818  1832887448564.75
108818  1859426659832.23
108818  23646219364283
108818  23740007034997
108818  24023527901534.3
117887  1973286657576.87
117887  2006725388967.23
117887  23646217381314.9
117887  23740128257835
117887  24023550965706.7
126955  2098863082748.45
126955  2153693298185.34
126955  23646215251051.4
126955  23740258674654.6
126955  24023575721108.6
136023  2242709722521.37
136023  2300477636115.58
136023  23646212973710.7
136023  23740398331861.7
136023  24023602163934.3
145091  2385729893749.25
145091  2435562584404.22
145091  23646210548581.6
145091  23740547280524.2
145091  24023630290457.6
154159  2527137127229.21
154159  2577787660312.83
154159  23646207976234.7
154159  23740705573708.7
154159  24023660096533.3
163228  2664902171795.26
163228  2722201005587.98
163228  23646205255831.9
163228  23740873269829.2
163228  24023691577886.7
172296  2798241834478.01
172296  2867404129839.5
172296  23646202387314.2
172296  23741050430067.4
172296  24023724730129.2
181364  2941280366501.26
181364  3012984162953.92
181364  23646199371379.3
181364  23741237118468.6
181364  24023759548628.8
190432  3083359259107.07
190432  3158774873575.18
190432  23646196207550.7
190432  23741433404339.5
190432  24023796028358.1
199500  3223812102948.65
199500  3304696012542.63
199500  23646192895272.3
199500  23741639361055.5
199500  24023834164501.6
208569  3361242926171.11
208569  3450703841401.75
208569  23646189434860.4
208569  23741855064962.5
208569  24023873951860.7
217637  3497517450451.27
217637  3590683274463.61
217637  23646185826017.5
217637  23742080597261.7
217637  24023915384880
226705  3639964886933.99
226705  3732389222309.8
226705  23646182067854.6
226705  23742316044130.2
226705  24023958458323.7
235773  3781429307741.88
235773  3875731243330.62
235773  23646178160824.9
235773  23742561494452.7
235773  24024003166387.9
244841  3921367514129.44
244841  4019959910387.73
244841  23646174105750.3
244841  23742817041163.1
244841  24024049503411.4
253910  4058779075623.57
253910  4164723793201.72
253910  23646169900942.7
253910  23743082784748.5
253910  24024097463408.3
262978  4196675053293.22
262978  4309835969728.06
262978  23646165546893.5
262978  23743358827835.7
262978  24024147040563.6
272046  4338659304837.48
272046  4455187686720.3
272046  23646161043557.5
272046  23743645278533.3
272046  24024198228819.9
281114  4479675151855.79
281114  4600711253764.86
281114  23646156390100.5
281114  23743942250866.1
281114  24024251021917.4
290182  4619275559661.84
290182  4741942610513.73
290182  23646151587360.5
290182  23744249862056.4
290182  24024305413734.7
299251  4756706210245.08
299251  4883996568428.23
299251  23646146633643.6
299251  23744568237608
299251  24024361398049.4
308319  4895692973929.11
308319  5027169795945.91
308319  23646141529728.4
308319  23744897505607.8
308319  24024418968592.3
317387  5037292677320.69
317387  5171063773575.7
317387  23646136275417.2
317387  23745237800950.9
317387  24024478118946.7
326455  5177950481483.07
326455  5315449276595.66
326455  23646130869831.9
326455  23745589265197
326455  24024538842999.4
335523  5317291140058.36
335523  5460184994636.12
335523  23646125313345.2
335523  23745952044497.3
335523  24024601134359.1
344592  5454720230489.21
344592  5605178989162.66
344592  23646119605167.3
344592  23746326292636.3
344592  24024664986873.5
353660  5594544083887.5
353660  5750368800965.68
353660  23646113746079.7
353660  23746712168086
353660  24024730394325
362728  5735807765057.11
362728  5891897979387.51
362728  23646107734202.1
362728  23747109839123.4
362728  24024797350770.9
371796  5876157442084.76
371796  6034252914807.32
371796  23646101570405.1
371796  23747519477849.7
371796  24024865850028.6
380864  6015271248557.56
380864  6177424422798.28
380864  23646095253524.9
380864  23747941265964.4
380864  24024935886356.9
389933  6152662933010.9
389933  6321174959386.52
389933  23646088784637.2
389933  23748375390159.7
389933  24025007453945.7
399001  6293195886911.62
399001  6465350832518.14
399001  23646082161384
399001  23748822048861.2
408069  6434151984116.39
408069  6609848190056.16
408069  23646075385175.5
408069  23749281444385.5
417137  6574218823901.06
417137  6754594188327.21
417137  23646068455288.3
417137  23749753789949.1
426205  6713114377594.27
426205  6899175444408.79
426205  23646061370301.8
426205  23750185068996.5
435274  6850427858890.33
435274  7040904974770.07
435274  23646054131533.5
435274  23750572606848.5
444342  6991609896634.09
444342  7183487749894.5
444342  23646046737257.7
444342  23750973157007.5
453410  7132272214097.9
453410  7326695678478.8
453410  23646039187347.7
453410  23751387143882.8
462478  7272064770000.12
462478  7470375047465.66
462478  23646031482127.7
462478  23751815015721.3
471546  7410735266635.04
471546  7614418435419.75
471546  23646023619939.2
471546  23752257248404.8
480615  7548683888254.06
480615  7758748461473.41
480615  23646015601125.3
480615  23752714343703.6
489683  7689740456792.34
489683  7903307932590.82
489683  23646007425684.3
489683  23753186833323.8
498751  7830111099470.77
498751  8046844682221.89
498751  23645999091776.9
498751  23753675282294.3
507819  7969625070118.54
507819  8188958145069.39
507819  23645990599437
507819  23754180287981.8
516887  8108052054685.92
516887  8331712062287.89
516887  23645981949057.1
516887  23754702483932.6
525956  8246772910324.07
525956  8474960053906.52
525956  23645973139330.9
525956  23755242544400.2
535024  8387532987822.39
535024  8618596795543.15
535024  23645964169717.7
535024  23755801185189.6
544092  8527603698631.17
544092  8762544525705.6
544092  23645955039938
544092  23756379167274.4
553160  8666823572395.25
553160  8906744546427.61
553160  23645945749193
553160  23756977301169.5
562228  8804978075686.9
562228  9051151686330.3
562228  23645936296825.5
562228  23757596450165.2
571297  8944471371035.23
571297  9193542871098.92
571297  23645926682889.1
571297  23758237534101.5
580365  9084921528422.41
580365  9335924975400.53
580365  23645916905634.8
580365  23758901536510.8
589433  9224673883495.35
589433  9478804926619.65
589433  23645906965517.5
589433  23759589505936.1
598501  9363573066460.96
598501  9622083140232.26
598501  23645896860076.8
598501  23760302566715.2
607569  9501415082175.79
607569  9765684437676.25
607569  23645886590493
607569  23761041918826.2
616638  9641708139752.8
616638  9909550963414.96
616638  23645876155610.3
616638  23761808850916.2
625706  9781825321453.85
625706  10053637432723.7
625706  23645865554545.5
625706  23762604745370.5
634774  9921229914231.6
634774  10196936982733.6
634774  23645854786322.8
634774  23763431087497.5
643842  10059769596911.2
643842  10339020961232.9
643842  23645843850123.9
643842  23764289474864
643842  24041560679197.7
652910  10198028489847.5
652910  10481591427744.5
652910  23645832745453.4
652910  23765181627884
652910  24042203407396.6
661979  10338394067627.4
661979  10624556762722.2
661979  23645821471134.8
661979  23766109402838.4
661979  24048996551036.7
661979  24050555798347.9
671047  10478144031625.9
671047  10767846377009.7
671047  23645810026482.6
671047  23767074804172.5
671047  24047769564361.1
671047  24051306368315
680115  10617158571292.9
680115  10911404963636.3
680115  23645798409980.7
680115  23768080001074.3
680115  24046622271062.3
680115  24052090567189.7
689183  10755285256267.3
689183  11055188535971.1
689183  23645786621339.8
689183  23769127342154.2
689183  24045547268781.3
689183  24052910553001.3
698251  10894436063058.4
698251  11198809229018.2
698251  23645774659649.4
698251  23770219376579.8
698251  24044538026032.9
698251  24053768682993
707320  11034416272397.7
707320  11340657977367.3
707320  23645762523882.8
707320  23771358875463.8
707320  24043588759891.6
707320  24054667536575.5
716388  11173750928299.6
716388  11482969725590.7
716388  23645750212308.2
716388  23772548856755.7
716388  24042694328701.5
716388  24055609943127.9
725456  11312316953981.3
725456  11625662021843.4
725456  23645737724531.7
725456  23773792611062.9
725456  24041850147699.8
725456  24056599012233.9
734524  11449968842951.5
734524  11768670127162
734524  23645725059293.2
734524  23775093735870.6
734524  24041052112809
734524  24057638171479
743592  11590090530508.7
743592  11911942453374.5
743592  23645712215218.7
743592  23776456170987.7
743592  24040296538784.4
743592  24058731207933.5
752661  11729629769359.5
752661  12055437339854.1
752661  23645699190557.6
752661  23777884240612
752661  24039580108745.9
752661  24059882315982.9
761729  11868482937276.5
761729  12198786329572.8
761729  23645685985691.5
761729  23779382698072.4
761729  24038899826126.9
761729  24061096156053.5
770797  12006520539305.5
770797  12340448998723.2
770797  23645672598095.4
770797  23780956787192.7
770797  24038252977919.3
770797  24062377920694.3
779865  12145171935564.3
779865  12482541423236.5
779865  23645659026906
779865  23782612300691.3
779865  24037637098406
779865  24063733416042.5
788933  12284823068893.8
788933  12624990773353.7
788933  23645645269899.8
788933  23784355658251.4
788933  24037049943923.9
788933  24065169153454.6
798002  12423844974708.9
798002  12767738832777.3
798002  23645631326460.7
798002  23786193989364.6
798002  24036489465906.4
798002  24066692462814.7
807070  12562125702926.3
807070  12910738450274.2
807070  23645617195362.7
807070  23788135237578.5
807070  24035953787670.2
807070  24068311627534.6
816138  12699635405985.9
816138  13053950974220.4
816138  23645602873607.4
816138  23790188281803.6
816138  24035441188876.9
816138  24070036046988.9
825206  12839318381904.3
825206  13196432880044.7
825206  23645588360674.3
825206  23792363071213.3
825206  24034950084093.2
825206  24071876432003.9
834274  12978409594259.6
834274  13337940717259.2
834274  23645573654965
834274  23794670797772.2
834274  24034479012334.7
834274  24073845045197.1
843343  13116808507080.9
843343  13479837086962.2
843343  23645558754605.3
843343  23797124094934.8
843343  24034026621782.8
843343  24075955998054.8
852411  13254390376737.5
852411  13622058675835.2
852411  23645543658222.1
852411  23799737276091.1
852411  24033591657259.3
852411  24078225614213
861479  13393068986011.1
861479  13764553987601.6
861479  23645528362747.8
861479  23800380264009.7
861479  24033172951396.2
861479  24080672887171.9
870547  13532139138547.2
870547  13907280635488.2
870547  23645512866989.4
870547  23800838372813.3
870547  24032769415025.8
870547  24083320056927.1
879615  13670545520072.6
879615  14050203341862.3
879615  23645497168279.7
879615  23801340943385.2
879615  24032380027825.8
879615  24086193338107.3
888684  13808172594962.5
888684  14191223098122.3
888684  23645481265634.4
888684  23801894959331.7
888684  24032003830787.8
888684  24089323863364.2
897752  13945994582368.5
897752  14332583338217.6
897752  23645465156453.1
897752  23802508958879.9
897752  24031639919180.4
897752  24092748901870.2
906820  14084954746154.1
906820  14474284040923.5
906820  23645448838015
906820  23803193492298.5
906820  24031287435921.9
906820  24096513462638.2
915888  14223261796561.7
915888  14616270868159.4
915888  23645432307965
915888  23803961751914.4
915888  24030945567417.3
915888  24100348221939.6
924956  14360804433569.4
924956  14758498840612.9
924956  23645415564612
924956  23804830453416.5
924956  24030613531484.8
924956  24102655216404
934025  14497977635759.5
934025  14900930310091.3
934025  23645398604081.5
934025  23805821098930.3
934025  24030290579107
934025  24105068804941.7
943093  14636733340060.6
943093  15041653041730
943093  23645381425116.9
943093  23806961818566.9
943093  24029975984096.8
943093  24107597211143.7
952161  14774829105693.2
952161  15182498320163.5
952161  23645364024050.9
952161  23808290141748.8
952161  24029669039178.3
952161  24110249640056.2
961229  14912153282133.2
961229  15323684926131.8
961229  23645346398211.9
961229  23809857277507.1
961229  24029369051141.4
961229  24113036434443.4
970297  15048855177267.8
970297  15465157387600.6
970297  23645328544688.8
970297  23811734974024.9
970297  24029075331731.9
970297  24115969272808.1
979366  15187298753348.6
979366  15606869435797.5
979366  23645310459413.8
979366  23814026964669.2
979366  24028787195473.5
979366  24119061402611.5
988434  15325056419344.9
988434  15748433530918.2
988434  23645292140192.1
988434  23816889023573.4
988434  24028503949939
988434  24122327931863.2
997502  15462011237729
997502  15888386580857.5
997502  23645273583262.4
997502  23820566286083.4
997502  24028224889860.7
997502  24125786186541.2
1.00657e+06  15598404736746.9
1.00657e+06  16028730628244.6
1.00657e+06  23645254784424.3
1.00657e+06  23825468053190.6
1.00657e+06  24027949289013.6
1.00657e+06  24129456156496.7
1.01564e+06  15736405482617.5
1.01564e+06  16169399712171.9
1.01564e+06  23645235741278.6
1.01564e+06  23832332848445.2
1.01564e+06  24027676388838.6
1.01564e+06  24133361060771.2
1.02471e+06  15873670978598.3
1.02471e+06  16310338913347.2
1.02471e+06  23645216447834.5
1.02471e+06  23842642770896.2
1.02471e+06  24027405388588.2
1.02471e+06  24137528058745.6
1.03377e+06  16010072806471.7
1.03377e+06  16451501954509.4
1.03377e+06  23645196901153.2
1.03377e+06  23853521997258.9
1.03377e+06  24027135431377.9
1.03377e+06  24141989170555.5
1.04284e+06  16146321483622
1.04284e+06  16590971085291.5
1.04284e+06  23645177097275.5
1.04284e+06  23859977952155.7
1.04284e+06  24026865589829.8
1.04284e+06  24146782467537.5
1.05191e+06  16283711399873.8
1.05191e+06  16730450167757.1
1.05191e+06  23645157031326.5
1.05191e+06  23865776598042.7
1.05191e+06  24026594843317
1.05191e+06  24151514812341.9
1.06098e+06  16420285255386.2
1.06098e+06  16870281157599.7
1.06098e+06  23645136698039.2
1.06098e+06  23871020636361.8
1.06098e+06  24026322055765.4
1.06098e+06  24155761631406.6
1.07005e+06  16555894246935.2
1.07005e+06  17010401267896.8
1.07005e+06  23645116092800.5
1.07005e+06  23875792705259.7
1.07005e+06  24026045944694.2
1.07005e+06  24160225215702.7
1.07912e+06  16692180845690.3
1.07912e+06  17150757524684.4
1.07912e+06  23645095210223.4
1.07912e+06  23880160063337.7
1.07912e+06  24025765041421.6
1.07912e+06  24164927673213.7
1.08818e+06  16828731908867.2
1.08818e+06  17289123823736.5
1.08818e+06  23645074044485.7
1.08818e+06  23884178014106
1.08818e+06  24025477642666.6
1.08818e+06  24169894920134.1
1.09725e+06  16964339751942.2
1.09725e+06  17427730074181.3
1.09725e+06  23645052590573.2
1.09725e+06  23887892458597.3
1.09725e+06  24025181741225.9
1.09725e+06  24175157609726.9
1.10632e+06  17099033423282
1.10632e+06  17566694915117.9
1.10632e+06  23645030842230.6
1.10632e+06  23891341820218.2
1.10632e+06  24024874943047.5
1.10632e+06  24180752352417.3
1.11539e+06  17235375142431.1
1.11539e+06  17705949349534.6
1.11539e+06  23645008792511.1
1.11539e+06  23894558518094.5
1.11539e+06  24024554343919
1.11539e+06  24186723346053.9
1.12446e+06  17370759956292.4
1.12446e+06  17844297010982.7
1.12446e+06  23644986435237.7
1.12446e+06  23897570099118
1.12446e+06  24024216373278.7
1.12446e+06  24193124586308.6
1.13352e+06  17504999925018.9
1.13352e+06  17981596796104.7
1.13352e+06  23644963763185.6
1.13352e+06  23913018858507.3
1.13352e+06  24023856564079.7
1.13352e+06  24200019744734.5
1.14259e+06  17640071212146.4
1.14259e+06  18119320241152.9
1.14259e+06  23644940768153.3
1.14259e+06  23938078770239.4
1.14259e+06  24023469232072.6
1.14259e+06  24206368933017.7
1.15166e+06  17774999727089.5
1.15166e+06  18257380820225
1.15166e+06  23644917444333
1.15166e+06  23943786741445
1.15166e+06  24023047006589.3
1.15166e+06  24213080376247.5
1.16073e+06  17908717162567.4
1.16073e+06  18394659518106.4
1.16073e+06  23644893781237.8
1.16073e+06  23946321015167.7
1.16073e+06  24022580125991.4
1.16073e+06  24220203085196.1
1.1698e+06  18042561745123.9
1.1698e+06  18530618442108
1.1698e+06  23644869770953.4
1.1698e+06  23947756613591.7
1.1698e+06  24022055350478.3
1.1698e+06  24227797789093
1.17887e+06  18176764574627.5
1.17887e+06  18667048849557.3
1.17887e+06  23644845403870
1.17887e+06  23948683356856.8
1.17887e+06  24021454231087.4
1.17887e+06  24235940914262.7
1.18793e+06  18309630838062.2
1.18793e+06  18803847101000.5
1.18793e+06  23644820670680.3
1.18793e+06  23949332975156.8
1.18793e+06  24020750222521.9
1.18793e+06  24244730325759.2
1.197e+06  18442446592416.1
1.197e+06  18938807960477.3
1.197e+06  23644795560730.9
1.197e+06  23949815050662
1.197e+06  24019903650694
1.197e+06  24253790455976.3
1.20607e+06  18575585235461.8
1.20607e+06  19073438532959.1
1.20607e+06  23644770063595.9
1.20607e+06  23979159585487.3
1.20607e+06  24018852395109.4
1.20607e+06  24262840575043
1.21514e+06  18707178969012.2
1.21514e+06  19208555777632.4
1.21514e+06  23644744166268
1.21514e+06  23991662250786.7
1.21514e+06  24017493318884.9
1.21514e+06  24272518986815.8
1.22421e+06  18839130118780.3
1.22421e+06  19342645758879
1.22421e+06  23644717857693
1.22421e+06  23995815892140
1.22421e+06  24015641634256.9
1.22421e+06  24282946295295.1
1.23328e+06  18970744793975.2
1.23328e+06  19475377869776.4
1.23328e+06  23644691124842.4
1.23328e+06  23997900222962.7
1.23328e+06  24012930017684.7
1.23328e+06  24294284090731.8
1.24234e+06  19100476381974.9
1.24234e+06  19608718367368.6
1.24234e+06  23644663952888.6
1.24234e+06  23999159616740
1.24234e+06  24008509062884.4
1.24234e+06  24305994683097.2
1.25141e+06  19231720951918.1
1.25141e+06  19740784419801.9
1.25141e+06  23644636327838
1.25141e+06  24022371701621.7
1.25141e+06  24317973196369.5
1.26048e+06  19361136188102.9
1.26048e+06  19871621819220.4
1.26048e+06  23644608232586.4
1.26048e+06  24023807697700.4
1.26048e+06  24330959625121.5
1.26955e+06  19490114733337
1.26955e+06  20003171875807.3
1.26955e+06  23644579651225.9
1.26955e+06  24024962973317.8
1.26955e+06  24345215411720.3
1.27862e+06  19618836429902.1
1.27862e+06  20131951297959.1
1.27862e+06  23644550566727.8
1.27862e+06  24359814903518.6
1.28768e+06  19745790924011.5
1.28768e+06  20261011572087.4
1.28768e+06  23644520959026.6
1.28768e+06  24375179130337.6
1.29675e+06  19873414030320.9
1.29675e+06  20388743684068.1
1.29675e+06  23644490807132.3
1.29675e+06  24043476626939.2
1.29675e+06  24059266880427.8
1.29675e+06  24392147801475
1.30582e+06  19998472218706.9
1.30582e+06  20515166920233.4
1.30582e+06  23644460090271.8
1.30582e+06  24038828037126.7
1.30582e+06  24072798671224.7
1.30582e+06  24409921165870.1
1.31489e+06  20124521744272.6
1.31489e+06  20640950878460.6
1.31489e+06  23644428783571.3
1.31489e+06  24036024189073.2
1.31489e+06  24088834170462.5
1.31489e+06  24428604808122.7
1.32396e+06  20247717815410.5
1.32396e+06  20764745522798.3
1.32396e+06  23644396862617.5
1.32396e+06  24034136365606.9
1.32396e+06  24107665117415.5
1.32396e+06  24449591824470.4
1.33303e+06  20371590654575.8
1.33303e+06  20887585777830.8
1.33303e+06  23644364300772.6
1.33303e+06  24032770101187.7
1.33303e+06  24125926584924.7
1.33303e+06  24470607781204.1
1.34209e+06  20492873483937.1
1.34209e+06  21008962178027.7
1.34209e+06  23644331067885.3
1.34209e+06  24031729298786.9
1.34209e+06  24143561363999.4
1.34209e+06  24494236360485.5
1.35116e+06  20613742183451.5
1.35116e+06  21127919301817.6
1.35116e+06  23644297133609.6
1.35116e+06  24030905450220
1.35116e+06  24164838538227.4
1.35116e+06  24518773874694.8
1.36023e+06  20732972222294.7
1.36023e+06  21246629929203.9
1.36023e+06  23644262463161.2
1.36023e+06  24030233636715.5
1.36023e+06  24186133662417.1
1.36023e+06  24545980106725.6
1.3693e+06  20849662419044.6
1.3693e+06  21361673809390.7
1.3693e+06  23644227020267.1
1.3693e+06  24029672628166.1
1.3693e+06  24208340918081.9
1.3693e+06  24574128441352.8
1.37837e+06  20966529361821.4
1.37837e+06  21474844442101.3
1.37837e+06  23644190765774.9
1.37837e+06  24029194977850.4
1.37837e+06  24233823877129
1.37837e+06  24605482578229.9
1.38743e+06  21080744247450.3
1.38743e+06  21586414338292.8
1.38743e+06  23644153656989.8
1.38743e+06  24028781700821.7
1.38743e+06  24259233517585.9
1.38743e+06  24638317024301.6
1.3965e+06  21192490600614.5
1.3965e+06  21695911360741
1.3965e+06  23644115647057.6
1.3965e+06  24028419244308.6
1.3965e+06  24287951021906.3
1.3965e+06  24673733055372.3
1.40557e+06  21302239605537.6
1.40557e+06  21802199671169.8
1.40557e+06  23644076685439.7
1.40557e+06  24028097668776.7
1.40557e+06  24318690432107.9
1.40557e+06  24712287141484.1
1.41464e+06  21410568560241.4
1.41464e+06  21905116026420.1
1.41464e+06  23644036716562.2
1.41464e+06  24027809517630.3
1.41464e+06  24349073036227.7
1.41464e+06  24753876646504.5
1.42371e+06  21516124573882
1.42371e+06  22005263093441.7
1.42371e+06  23643995680994.4
1.42371e+06  24027549086625.5
1.42371e+06  24386073095562.6
1.42371e+06  24798255954487.2
1.43278e+06  21618881877761.1
1.43278e+06  22102491659332.2
1.43278e+06  23643953513473.9
1.43278e+06  24027311933853.7
1.43278e+06  24424156615845.1
1.43278e+06  24845586487708.3
1.44184e+06  21718729688743.9
1.44184e+06  22195808080910.9
1.44184e+06  23643910141649.1
1.44184e+06  24027094546992.1
1.44184e+06  24464175381581.6
1.44184e+06  24896585750677.7
1.45091e+06  21815471517102.6
1.45091e+06  22284747944997.8
1.45091e+06  23643865486050
1.45091e+06  24026894114754.4
1.45091e+06  24506990876890.8
1.45091e+06  24951269444019
1.45998e+06  21908809993358.2
1.45998e+06  22370606940251.4
1.45998e+06  23643819460942.7
1.45998e+06  24026708353031.7
1.45998e+06  24553306276269.7
1.45998e+06  25009068633295.4
1.46905e+06  21998561078565.1
1.46905e+06  22454132298243.9
1.46905e+06  23643771969412.7
1.46905e+06  24026535391371.2
1.46905e+06  24603537924166.9
1.46905e+06  25070814909236.3
1.47812e+06  22085939817289.3
1.47812e+06  22531249316498.8
1.47812e+06  23643722906894.3
1.47812e+06  24026373678747.6
1.47812e+06  24657767232596.4
1.47812e+06  25137063626387.9
1.48718e+06  22169101944031.7
1.48718e+06  22606501535077.5
1.48718e+06  23643672155472.3
1.48718e+06  24026221920777.1
1.48718e+06  24715784146800.6
1.48718e+06  25207398978012.2
1.49625e+06  22247573154972.4
1.49625e+06  22675636011963.6
1.49625e+06  23643619584988.9
1.49625e+06  24026079025485.4
1.49625e+06  24777191977583.1
1.49625e+06  25281050051881.5
1.50532e+06  22323709805552
1.50532e+06  22743165858944
1.50532e+06  23643565049373.3
1.50532e+06  24025944064667.4
1.50532e+06  24841524316875.7
1.50532e+06  25359472290283.8
1.51439e+06  22394552152476.8
1.51439e+06  22805583794004.5
1.51439e+06  23643508386840.3
1.51439e+06  24025816246517.1
1.51439e+06  24910621839925.6
1.51439e+06  25441560080787.3
1.52346e+06  22462413341793.7
1.52346e+06  22863066431209.9
1.52346e+06  23643449416006.7
1.52346e+06  24025694887963
1.52346e+06  24983862208881.8
1.52346e+06  25527048439559.1
1.53253e+06  22526206808610
1.53253e+06  22917388620180.9
1.53253e+06  23643387931461.7
1.53253e+06  24025579397605.4
1.53253e+06  25060322518261.3
1.53253e+06  25616806285413.6
1.54159e+06  22585772275908.6
1.54159e+06  22968374547955.9
1.54159e+06  23643323702009.6
1.54159e+06  24025469261009.7
1.54159e+06  25140927783527.7
1.54159e+06  25710299277790.5
1.55066e+06  22641553439038.6
1.55066e+06  23016115386230.5
1.55066e+06  23643256464696.4
1.55066e+06  24025364026878.4
1.55066e+06  25225854062791.9
1.55066e+06  25807157707362.1
1.55973e+06  22693824004679.7
1.55973e+06  23061017651014.6
1.55973e+06  23643185922434.4
1.55973e+06  24025263298819.9
1.55973e+06  25313621484089.6
1.55973e+06  25907121258041.6
1.5688e+06  22742759760410.7
1.5688e+06  23103772215326.8
1.5688e+06  23643111734091.1
1.5688e+06  24025166725929.9
1.5688e+06  25404611729135.3
1.5688e+06  26010011780059
1.57787e+06  22788478576691.4
1.57787e+06  23141509636129.2
1.57787e+06  23643033506489.7
1.57787e+06  24025073996625.8
1.57787e+06  25499180011596.9
1.57787e+06  26115720882356.7
1.58693e+06  22831061322705.7
1.58693e+06  23175380260362
1.58693e+06  23642950789204.9
1.58693e+06  24024984833524.2
1.58693e+06  25597352361563.9
1.58693e+06  26224206633105.8
1.596e+06  22870558066168.6
1.596e+06  23209732044072.8
1.596e+06  23642863057355.8
1.596e+06  24024898988914
1.596e+06  25698255200385.6
1.596e+06  26335497249440.9
1.60507e+06  22906977720065.1
1.60507e+06  23241414776893.1
1.60507e+06  23642769698515.9
1.60507e+06  24024816238724.2
1.60507e+06  25802017654296.8
1.60507e+06  26449701754125.2
1.61414e+06  22941099816939
1.61414e+06  23268035145667.1
1.61414e+06  23642669995116.6
1.61414e+06  24024736382106.8
1.61414e+06  25908763647471.9
1.61414e+06  26564535952673.5
1.62321e+06  22973039830921.3
1.62321e+06  23299121344641.8
1.62321e+06  23642563098292.7
1.62321e+06  24024659236817.6
1.62321e+06  26017805429829.9
1.62321e+06  26682023253199.5
1.63228e+06  23002202323343.8
1.63228e+06  23319357182243.8
1.63228e+06  23642447994946
1.63228e+06  24024584638192.9
1.63228e+06  26128787706423.4
1.63228e+06  26802135632717.7
1.64134e+06  23029909228726.2
1.64134e+06  23346769666344.4
1.64134e+06  23642323472892.8
1.64134e+06  24024512435989.8
1.64134e+06  26241384580120.1
1.64134e+06  26922455089077.8
1.65041e+06  23055331664586.1
1.65041e+06  23364420504229.8
1.65041e+06  23642188061222.6
1.65041e+06  24024442493704.8
1.65041e+06  26356131744671.7
1.65041e+06  27045718888306.6
1.65948e+06  23079237348649.2
1.65948e+06  23385689609142.9
1.65948e+06  23642039964677.2
1.65948e+06  24024374684544
1.65948e+06  26473260186885.8
1.65948e+06  27169198931748.9
1.66855e+06  23101337020120.8
1.66855e+06  23405768197007.3
1.66855e+06  23641876961696
1.66855e+06  24024308895485.8
1.66855e+06  26591115775705.7
1.66855e+06  27295116981220.4
1.67762e+06  23122153381377
1.67762e+06  23420167042496.3
1.67762e+06  23641696273621.1
1.67762e+06  24024245019983.3
1.67762e+06  26710899234796.1
1.67762e+06  27421130676459.4
1.68669e+06  23141485762586.2
1.68669e+06  23440106517922.9
1.68669e+06  23641494384593.3
1.68669e+06  24024182959694.3
1.68669e+06  26832155282660.2
1.68669e+06  27549681035963.6
1.69575e+06  23159661829067.8
1.69575e+06  23455382503565.1
1.69575e+06  23641266768637.3
1.69575e+06  24024122625776.3
1.69575e+06  26953926127600.8
1.69575e+06  27677530198013.2
1.70482e+06  23176553918169.7
1.70482e+06  23466183855519.6
1.70482e+06  23641007499454.5
1.70482e+06  24024063935037.9
1.70482e+06  27077959283555.9
1.70482e+06  27807611508259.3
1.71389e+06  23192566989754.9
1.71389e+06  23481065752864.2
1.71389e+06  23640708680607.3
1.71389e+06  24024006808926.3
1.71389e+06  27201766042831.2
1.71389e+06  27937951555949.1
1.72296e+06  23207557757305.1
1.72296e+06  23500612318235.8
1.72296e+06  23640359526778
1.72296e+06  24023951177593
1.72296e+06  27327940348733.8
1.72296e+06  28069096389703.7
1.73203e+06  23221424947333.4
1.73203e+06  23506371111125.1
1.73203e+06  23639944930767.8
1.73203e+06  24023896973267.8
1.73203e+06  27453746002642.6
1.73203e+06  28201874366806.3
1.74109e+06  23234686967135.7
1.74109e+06  23514147194007.6
1.74109e+06  23639443043777.3
1.74109e+06  24023844132492.2
1.74109e+06  27581473520308.3
1.74109e+06  28334005536859.7
1.75016e+06  23247520682855.9
1.75016e+06  23525371108700.1
1.75016e+06  23638821059533.7
1.75016e+06  24023792599098.1
1.75016e+06  27709178591401.5
1.75016e+06  28467374107840.7
1.75923e+06  23259053191417.5
1.75923e+06  23543248241361.8
1.75923e+06  23638027334901.2
1.75923e+06  24023742316947.5
1.75923e+06  27837954710010.2
1.75923e+06  28602014827099.1
1.7683e+06  23269898326690.3
1.7683e+06  23550518457002.4
1.7683e+06  23636975625977.8
1.7683e+06  24023693236445.3
1.7683e+06  27967420262938.3
1.7683e+06  28735996572748.4
1.77737e+06  23280396558431.8
1.77737e+06  23551492444949.6
1.77737e+06  23635510275065.2
1.77737e+06  24023645308310.2
1.77737e+06  28096836807159.6
1.77737e+06  28870904190452.6
1.78644e+06  23290640038096.1
1.78644e+06  23553020403789.3
1.78644e+06  23633318780510.1
1.78644e+06  24023598488488.2
1.78644e+06  28227904070558.5
1.78644e+06  29006853530974.5
1.7955e+06  23300595576821.9
1.7955e+06  23555788047453.8
1.7955e+06  23629667716762.7
1.7955e+06  24023552733526.4
1.7955e+06  28358605523448
1.7955e+06  29142805459503.2
1.80457e+06  23308973645441.5
1.80457e+06  23562408558051.5
1.80457e+06  23622334272979.2
1.80457e+06  24023508004393.6
1.80457e+06  28490151986431.7
1.80457e+06  29278777952078.6
