0  119339426572.952
0  141919891118.285
0  18085762361883.3
0  26635830846073.5
0  28404936189885.1
8762.01  238585913009.056
8762.01  284505147086.085
8762.01  18085762361693.9
8762.01  26636354401248.3
8762.01  28406033457339.4
17524  357811901757.903
17524  426713266265.998
17524  18085762361378.1
17524  26637225288694.3
17524  28407866700215.7
26286  477008895025.633
26286  568992365724.076
26286  18085762360936.1
26286  26637144465227
26286  26640671293411.6
26286  28410440499086.1
35048  596167596657.551
35048  711176948009.19
35048  18085762360367.6
35048  26636212592031.2
35048  26643868714359.6
35048  28413742299169.6
43810.1  715278469354.128
43810.1  853298438537.9
43810.1  18085762359672.8
43810.1  26635969752308.6
43810.1  26647747030424.5
43810.1  28417780559673.4
52572.1  834353583308.197
52572.1  995395209646.874
52572.1  18085762358851.5
52572.1  26635862035715
52572.1  26652445495474.9
52572.1  28422555977092
61334.1  953366751810.673
61334.1  1137340496327.68
61334.1  18085762358345.5
61334.1  26635802891156.5
61334.1  26657802222652.8
61334.1  28428068195048
70096.1  1072299681824.79
70096.1  1279253881495.04
70096.1  18085762357271
70096.1  26635766318002.2
70096.1  26663895208852.3
70096.1  28434320197750.7
78858.1  1191143683109.19
78858.1  1421035968103.27
78858.1  18085762356069.7
78858.1  26635741896525.4
78858.1  26670643254038.3
78858.1  28441305326740.1
87620.1  1309891868805.38
87620.1  1562699986677.94
87620.1  18085762354741.5
87620.1  26635724679932.5
87620.1  26677968501558.6
87620.1  28449032132533.9
96382.1  1428556099345.22
96382.1  1704268308660.51
96382.1  18085762353286.3
96382.1  26635712040929
96382.1  26686120591803.1
96382.1  28457495618360.7
105144  1547101900477.67
105144  1845684571255.04
105144  18085762351704.1
105144  26635702462759.9
105144  26695012254749.9
105144  28466703066250.1
113906  1665519795376.48
113906  1986940252052.98
113906  18085762349994.6
113906  26635695017321.1
113906  26704508084279.2
113906  28476652197629.5
122668  1783818248201.55
122668  2128051868352.4
122668  18085762348565.1
122668  26635689107236.2
122668  26714769066828.5
122668  28487344091784.8
131430  1901976955700.43
131430  2269001446849.85
131430  18085762346830.1
131430  26635684331865.6
131430  26725714718289.5
131430  28498783155490
140192  2019977948353.59
140192  2409772633718.27
140192  18085762344737.7
140192  26635680415142.5
140192  26737377328723.1
140192  28510967695060.6
148954  2137837960876.88
148954  2550338564923.06
148954  18085762342075.5
148954  26635677160141.6
148954  26749841854491.9
148954  28523899134832.3
157716  2255519454949.74
157716  2690697863998.3
157716  18085762339727
157716  26635674424804.6
157716  26762948695580.3
157716  28537578671173.4
166478  2373034557018.81
166478  2830845145318.49
166478  18085762337250.2
166478  26635672102379.4
166478  26776831693032.9
166478  28552011660226.4
175240  2490356408880.72
175240  2970767959197.83
175240  18085762334415.1
175240  26635670112987.1
175240  26791452464789.9
175240  28567197452125.4
184002  2607494237753.17
184002  3110454829057.98
184002  18085762331680.7
184002  26635668394821.9
184002  26806805697262.5
184002  28583138758347.4
192764  2724420864156.44
192764  3249892296973.29
192764  18085762329046.8
192764  26635666900140.2
192764  26822904564686.2
192764  28599841626785
201526  2841141215109.74
201526  3389055046578.12
201526  18085762326053.8
201526  26635665591684.9
201526  26839773643126.2
201526  28617293652422.2
210288  2957640424410.38
210288  3527947739341.85
210288  18085762323568.2
210288  26635664438949.6
210288  26857352568238.8
210288  28635515759800.9
219050  3073906224067.4
219050  3666562660487.5
219050  18085762320086.1
219050  26635663418160.3
219050  26875720054537.1
219050  28654497732074.8
227812  3189931430453.04
227812  3804890264185.48
227812  18085762316261.3
227812  26635662509221.4
227812  26894843928461.1
227812  28674244547406
236574  3305713987775.03
236574  3942884958556.61
236574  18085762312747.8
236574  26635661696146.1
236574  26914724152143
236574  28694762311741.8
245336  3421238266090.64
245336  4080579784379.26
245336  18085762309332.9
245336  26635660965822.3
245336  26935375654234.4
245336  28716045950156.5
254098  3536495434250.43
254098  4217926907535.07
254098  18085762305557.1
254098  26635660307570
254098  26956794463173.3
254098  28738103849991.3
262860  3651476854592.56
262860  4354949292856.31
262860  18085762301420.2
262860  26635659711129.5
262860  26979008257105.2
262860  28760940886424.7
271622  3766173551319.87
271622  4491592937942.59
271622  18085762298017.7
271622  26635659169537.2
271622  27001999921374.3
271622  28784555936141.3
280384  3880576236826.4
280384  4627877768448.61
280384  18085762293633.5
280384  26635658675715.3
280384  27025792332225
280384  28808948380913.9
289146  3994677424306.34
289146  4763786686935.45
289146  18085762289099.2
289146  26635658224139.5
289146  27050379177396.7
289146  28834126957919.2
297908  4108470637759.53
297908  4899303498850.59
297908  18085762284661.3
297908  26635657809780
297908  27075763715517.1
297908  28860094350020.9
306670  4221941860718.45
306670  5034413914166.54
306670  18085762280089.6
306670  26635657429291
306670  27101955593065.3
306670  28886843515140.6
315432  4335080634484.51
315432  5169105509133.73
315432  18085762276692.3
315432  26635657078458.3
315432  27128968746220.6
315432  28914392517950.1
324194  4447888465066.41
324194  5303367676711.85
324194  18085762271622.4
324194  26635656753877
324194  27156798149506.2
324194  28942730816376.4
332956  4560344092767.22
332956  5437191567699
332956  18085762266205
332956  26635656453373.4
332956  27185460761501.6
332956  28971870731134.6
341718  4672449725268.7
341718  5570570023414.47
341718  18085762261094
341718  26635656174778.5
341718  27214954308136.2
341718  29001811637869.9
350480  4784187508001.24
350480  5703473443895.83
350480  18085762255846.9
350480  26635655915134.9
350480  27245284744927.6
350480  29032556360741.6
359242  4895553957315.18
359242  5835907108710.85
359242  18085762251100.2
359242  26635655673190.9
359242  27276459600916.9
359242  29064111116040
368004  5006541315842.54
368004  5967845695146.1
368004  18085762244907.9
368004  26635655447627.9
368004  27308491061712.1
368004  29096472821203.9
376766  5117138030374.11
376766  6099291662609.47
376766  18085762239479
376766  26635655236586.6
376766  27341382813811
376766  29129652581944.8
385528  5227336351533.88
385528  6230222633470.61
385528  18085762233682.2
385528  26635655038411.3
385528  27375143942688.3
385528  29163643307349
394290  5337128078451.66
394290  6360622933182.33
394290  18085762227517
394290  26635654852649.8
394290  27409775695869.9
394290  29198456585440.8
403052  5446504595204.8
403052  6490488981142.1
403052  18085762222308.4
403052  26635654678478.8
403052  27445288453428.6
403052  29234094823234.8
411815  5555456897747.67
411815  6619806498225.3
411815  18085762215651.3
411815  26635654514139.1
411815  27481687400546.5
411815  29270559192320.1
420577  5663980008093.36
420577  6748554743936.96
420577  18085762209065.8
420577  26635654359461.8
420577  27518984401126.4
420577  29307849231604.5
429339  5772063431510.33
429339  6876734327670.35
429339  18085762202798.1
429339  26635654213198.3
429339  27557182365772.6
429339  29345977076619.2
438101  5879696300644.62
438101  7004332880621.26
438101  18085762197008
438101  26635654075283.7
438101  27596291431250.7
438101  29384942285789.7
446863  5986877039694.76
446863  7131326949257.7
446863  18085762189784
446863  26635653944537.6
446863  27636317076042.5
446863  29424743140694.8
455625  6093591814486.53
455625  7257712241280.41
455625  18085762182858.4
455625  26635653821216.5
455625  27677266896080.6
455625  29465386942246.2
464387  6199833569329.67
464387  7383478759491.42
464387  18085762176425.5
464387  26635653703741.7
464387  27719149623466.9
464387  29506873763482.3
473149  6305598118961.63
473149  7508610889934.03
473149  18085762168539.4
473149  26635653592755.9
473149  27761970591608.1
473149  29549215003868.3
481911  6410875044078.26
481911  7633096220644.98
481911  18085762161408.5
481911  26635653486607.5
481911  27805739351146.9
481911  29592404042684
490673  6515656412048.56
490673  7756925536846.02
490673  18085762153672
490673  26635653386171.9
490673  27850461989463.5
490673  29636451682696.6
499435  6619934698977.37
499435  7880092781679.16
499435  18085762146247.3
499435  26635653290993.9
499435  27896145973632.9
499435  29681357098326.3
508197  6723705481684.06
508197  8002566075453.06
508197  18085762137773.5
508197  26635653199617.2
508197  27942799288069.2
508197  29727122996067.5
516959  6826957816607.87
516959  8124358705779.76
516959  18085762130051.6
516959  26635653112880.6
516959  27990429557423.3
516959  29773755563606
525721  6929683756085.99
525721  8245444942776.73
525721  18085762122357.6
525721  26635653030085.4
525721  28039043444960.7
525721  29821254586418
534483  7031880909766.78
534483  8365814264893.92
534483  18085762113663.7
534483  26635652951367.9
534483  28088648734346
534483  29869626527691.6
543245  7133537695964.48
543245  8485461173647.14
543245  18085762105701.7
543245  26635652875439.6
543245  28139252593413.4
543245  29918867542592.7
552007  7234647993912.17
552007  8604369249599.17
552007  18085762097782.2
552007  26635652803533.4
552007  28190862293370
552007  29968987215934.8
560769  7335206766055.05
560769  8722526704027.12
560769  18085762088630.3
560769  26635652734563.2
560769  28243485037490.5
560769  30019988807927.1
569531  7435206612265.36
569531  8839936617347.44
569531  18085762079765.7
569531  26635652668797
569531  28297127808443.8
569531  30071864678187.5
578293  7534640973169.3
578293  8956565489626.27
578293  18085762071382.3
578293  26635652605540
578293  28351797474155.3
578293  30124632688554.6
587055  7633504035847.78
587055  9072419946386.8
587055  18085762061763.7
587055  26635652545114.3
587055  28407501074599.7
587055  30178281550646.7
595817  7731787818538.95
595817  9187485996006.87
595817  18085762052429.1
595817  26635652487144.4
595817  28464244809040.6
595817  30232822605852.3
604579  7829485973052.79
604579  9301753253633.81
604579  18085762043343.1
604579  26635652431803.9
604579  28522036553697.4
604579  30288256380479.4
613341  7926595316792.85
613341  9415215677797.77
613341  18085762033477.5
613341  26635652378438.6
613341  28580881206972.4
613341  30344586972613.7
622103  8023107472779.85
622103  9527848722569.57
622103  18085762023875.6
622103  26635652327093.5
622103  28640786187235.2
622103  30401808299248.4
630865  8119016837889.69
630865  9639663785202.91
630865  18085762014323.5
630865  26635652278190.8
630865  28701757874559.2
630865  30459935371503.3
639627  8214318680071.54
639627  9750635187114.54
639627  18085762003954.1
639627  26635652231171.9
639627  28763801080372.2
639627  30518956188404.9
648389  8309007820316.27
648389  9860760927133.22
648389  18085761994286.4
648389  26635652185957.1
648389  28826922822353.9
648389  30578882398715.1
657151  8403078687040.9
657151  9970035146477.03
657151  18085761983374.1
657151  26635652142587.8
657151  28891127546415.5
657151  30639715525417
665913  8496525355420.19
665913  10078437101541.1
665913  18085761972736.5
665913  26635652101086
665913  28956421835669.8
665913  30701449791111.9
674675  8589343064917.06
674675  10185974117756.7
674675  18085761962337.7
674675  26635652060685.6
674675  29022810481557.8
674675  30764095836169.9
683437  8681528551516.79
683437  10292627467945.9
683437  18085761951149.4
683437  26635652022084.6
683437  29090296839734.5
683437  30827648254783.4
692199  8773075655780.04
692199  10398396583149.7
692199  18085761940639
692199  26635651985713.6
692199  29158889207981.7
692199  30892113360463.6
700961  8863979830839.91
700961  10503269876492.8
700961  18085761929089.7
700961  26635651950025.2
700961  29228589505021.4
700961  30957490213424.2
709723  8954237553572.98
709723  10607240999180.2
709723  18085761917825.2
709723  26635651915487
709723  29299401615501
709723  31023781465674.5
718485  9043844909427.3
718485  10710308879121.5
718485  18085761906121.3
718485  26635651882771
718485  29371331856317.1
718485  31090986029730.2
727247  9132797646552.64
727247  10812452040053.1
727247  18085761894274.8
727247  26635651851041.7
727247  29444381182064
727247  31159105230211.2
736009  9221091220687.7
736009  10913680348351.1
736009  18085761882886.3
736009  26635651820880.6
736009  29518555864972.1
736009  31228138226344.2
744771  9308723237365.11
744771  11013981130075.9
744771  18085761870239.2
744771  26635651791452.2
744771  29593856582394.2
744771  31298088977371.5
753533  9395689445656.62
753533  11113347250120
753533  18085761858488.7
753533  26635651763506.4
753533  29670286391370.9
753533  31368957711419.3
762295  9481987935366.8
762295  11211777195201.4
762295  18085761845688.5
762295  26635651736346.4
762295  29747851365518.4
762295  31440742747640.4
771057  9567614321074.9
771057  11309267752252.8
771057  18085761833798.6
771057  26635651710750.1
771057  29826549127130.8
771057  31513442491990.4
779819  9652566253515.2
779819  11405808801671.3
779819  18085761820414
779819  26635651685183.7
779819  29906383676108.5
779819  31587060385918.5
788581  9736841073960.75
788581  11501397829722
788581  18085761807689.6
788581  26635651661549.4
788581  29987357061443.1
788581  31661596135585.9
797343  9820435870909.96
797343  11596035127053.8
797343  18085761793289
797343  26635651638462.8
797343  30069468052453.1
797343  31737047535701.9
806105  9903350133732.67
806105  11689716652250.4
806105  18085761780410.9
806105  26635651616157.1
806105  30152722494827.8
806105  31813415960548.1
814867  9985579598630.67
814867  11782429915136
814867  18085761766260.1
814867  26635651594760.5
814867  30237116547194.1
814867  31890701173234.6
823629  10067124419383.5
823629  11874187849762.8
823629  18085761752796.3
823629  26635651574666.2
823629  30322652091819.9
823629  31968898357032.8
832391  10147981377564.4
832391  11964980947481.9
832391  18085761738887.4
832391  26635651554848
832391  30409327561329.5
832391  32048008993219.2
841153  10228149544802
841153  12054802774227.9
841153  18085761724353.8
841153  26635651535914.4
841153  30497146697746.9
841153  32128033588280.6
849915  10307627736036.6
849915  12143652929018.5
849915  18085761710041.9
849915  26635651517647
849915  30586103929504.5
849915  32208970997402.1
858677  10386414567310.1
858677  12231537082767.4
858677  18085761696196.3
858677  26635651500415.1
858677  30676201174260.6
858677  32290817518721.2
867439  10464509140655.3
867439  12318451383565.4
867439  18085761680606.8
867439  26635651483596.1
867439  30767436751207.4
867439  32373570730490.9
876201  10541911813810.8
876201  12404397882877
876201  18085761666115.7
876201  26635651467543.3
876201  30859805124184.1
876201  32457231119690.5
884963  10618620634201
884963  12489371093220.7
884963  18085761650776.5
884963  26635651452605.3
884963  30953311793508.2
884963  32541797480439.2
893725  10694635598824.4
893725  12573371611222.4
893725  18085761635859.8
893725  26635651437950.2
893725  31047947924514.2
893725  32627265995315.9
902487  10769957080402.1
902487  12656406163516.3
902487  18085761619419.3
902487  26635651423910.8
902487  31143711792579.5
902487  32713636390886.2
911249  10844585255241.9
911249  12738472041906.3
911249  18085761604067.3
911249  26635651410116.9
911249  31240600637613.2
911249  32800905055405.4
920011  10918520165689.9
920011  12819575181471.4
920011  18085761587415.9
920011  26635651397289.5
920011  31338613581043
920011  32889068453159.9
928773  10991761764861
928773  12899710966696.7
928773  18085761571847.7
928773  26635651385115.3
928773  31437744114596.9
928773  32978123403624.5
937535  11064310643947.6
937535  12978880833413.7
937535  18085761554957.5
937535  26635651373426.7
937535  31537987997855.1
937535  33068070163666.3
946297  11136168342309.1
946297  13057092323501.3
946297  18085761538703.6
946297  26635651362292.9
946297  31639339938255.7
946297  33158905559374.3
955059  11207335404699.7
955059  13134352351284.4
955059  18085761521775.7
955059  26635651352117.2
955059  31741799760278.8
955059  33250625071720.2
963821  11277812793724.2
963821  13210655574731.8
963821  18085761503976
963821  26635651341795.3
963821  31845355701704.9
963821  33343221982708.7
972583  11347602008027.2
972583  13286007853215
972583  18085761486786.6
972583  26635651332130.6
972583  31950007274050.8
972583  33436698847081.1
981345  11416704461140.5
981345  13360417781122.3
981345  18085761468948.7
981345  26635651322868.4
981345  32055750094674.8
981345  33531050753073.7
990107  11485121528853.3
990107  13433881386863.9
990107  18085761451502.8
990107  26635651314679.6
990107  32162575662674.4
990107  33626271335820.9
998869  11552856160435.5
998869  13506409782464.5
998869  18085761432731.1
998869  26635651306377.4
998869  32270473840807.3
998869  33722357664690.9
1.00763e+06  11619908724792.3
1.00763e+06  13578005839893.3
1.00763e+06  18085761413708.4
1.00763e+06  26635651298598.6
1.00763e+06  32379444453140.5
1.00763e+06  33819310307281.3
1.01639e+06  11686282857765.6
1.01639e+06  13648677125106.3
1.01639e+06  18085761395509.1
1.01639e+06  26635651291689.1
1.01639e+06  32489478063294.8
1.01639e+06  33917116226304.8
1.02516e+06  11751979936243.3
1.02516e+06  13718425076588
1.02516e+06  18085761375744.7
1.02516e+06  26635651284554.3
1.02516e+06  32600568082860.8
1.02516e+06  34015781147205.3
1.03392e+06  11817002549442.7
1.03392e+06  13787256872108.1
1.03392e+06  18085761357467.3
1.03392e+06  26635651278346.1
1.03392e+06  32712709120507.7
1.03392e+06  34115295208732.7
1.04268e+06  11881353308551.9
1.04268e+06  13855185430938.5
1.04268e+06  18085761338041.8
1.04268e+06  26635651272279
1.04268e+06  32825887975383.8
1.04268e+06  34215651902200.7
1.05144e+06  11945034828830.2
1.05144e+06  13922198736365.8
1.05144e+06  18085761317711.1
1.05144e+06  26635651266514.2
1.05144e+06  32940100153553
1.05144e+06  34316848084182.4
1.0602e+06  12008050687866.9
1.0602e+06  13988321201195.4
1.0602e+06  18085761298185.2
1.0602e+06  26635651261368.4
1.0602e+06  33055340669105.7
1.0602e+06  34418884067557.4
1.06897e+06  12070402916021.4
1.06897e+06  14053552917411.2
1.06897e+06  18085761277304.7
1.06897e+06  26635651256983.6
1.06897e+06  33171600551114.1
1.06897e+06  34521748931077.5
1.07773e+06  12132095471939.4
1.07773e+06  14117899388255.2
1.07773e+06  18085761257221.1
1.07773e+06  26635651252226.4
1.07773e+06  33288866698405.8
1.07773e+06  34625444378253.5
1.08649e+06  12193131089969.4
1.08649e+06  14181371569421.2
1.08649e+06  18085761236852.3
1.08649e+06  26635651248201.5
1.08649e+06  33407135368849.7
1.08649e+06  34729959601172.4
1.09525e+06  12253513351588.8
1.09525e+06  14243974242465.3
1.09525e+06  18085761214887.1
1.09525e+06  26635651244017.6
1.09525e+06  33526394284715.1
1.09525e+06  34835288434357.1
1.10401e+06  12313245822720.7
1.10401e+06  14305715206890.4
1.10401e+06  18085761193935.1
1.10401e+06  26635651240931.1
1.10401e+06  33646637377368.1
1.10401e+06  34941425930148.9
1.11278e+06  12372332106533.4
1.11278e+06  14366598134664.8
1.11278e+06  18085761172013.9
1.11278e+06  26635651237955.1
1.11278e+06  33767854705634.1
1.11278e+06  35048371914232.4
1.12154e+06  12430775881296
1.12154e+06  14426637352284.9
1.12154e+06  18085761149824.1
1.12154e+06  26635651235535.6
1.12154e+06  33890032540024.8
1.12154e+06  35156119434966.1
1.1303e+06  12488581179370.4
1.1303e+06  14485840630600
1.1303e+06  18085761127962.6
1.1303e+06  26635651232788.2
1.1303e+06  34013173874943.7
1.1303e+06  35264663108741.7
1.13906e+06  12545751812768.5
1.13906e+06  14544211556210.9
1.13906e+06  18085761105346.8
1.13906e+06  26635651231031.4
1.13906e+06  34137257867261.7
1.13906e+06  35373991174774
1.14782e+06  12602291959315.3
1.14782e+06  14601757439196.4
1.14782e+06  18085761081777
1.14782e+06  26635651229424.1
1.14782e+06  34262278237489.5
1.14782e+06  35484105176167.6
1.15659e+06  12658205683090.1
1.15659e+06  14658493062940.1
1.15659e+06  18085761058961.5
1.15659e+06  26635651228056.3
1.15659e+06  34388225239289.3
1.15659e+06  35594999916383.7
1.16535e+06  12713497284055.6
1.16535e+06  14714426330652.7
1.16535e+06  18085761035817.4
1.16535e+06  26635651226849.3
1.16535e+06  34515085917321
1.16535e+06  35706657967857.8
1.17411e+06  12768171102418.8
1.17411e+06  14769560477296.6
1.17411e+06  18085761011261.8
1.17411e+06  26635651226227.3
1.17411e+06  34642862051520.6
1.17411e+06  35819088819611.7
1.18287e+06  12822231558886.7
1.18287e+06  14823903377890.8
1.18287e+06  18085760986137.3
1.18287e+06  26635651225536.3
1.18287e+06  34771530857167.1
1.18287e+06  35932275621601.3
1.19163e+06  12875683191892.3
1.19163e+06  14877467562458.2
1.19163e+06  18085760961973.6
1.19163e+06  26635651225128.6
1.19163e+06  34901086923575.7
1.19163e+06  36046220296633.8
1.2004e+06  12928530498513.5
1.2004e+06  14930270164865.1
1.2004e+06  18085760937017
1.2004e+06  26635651225295
1.2004e+06  35031522035492.9
1.2004e+06  36160912257532.8
1.20916e+06  12980778241561.4
1.20916e+06  14982299180329
1.20916e+06  18085760911507.7
1.20916e+06  26635651225649.5
1.20916e+06  35162824356206
1.20916e+06  36276344012608
1.21792e+06  13032430989045.6
1.21792e+06  15033583489590.3
1.21792e+06  18085760886270.1
1.21792e+06  26635651226289.3
1.21792e+06  35294978305482.2
1.21792e+06  36392511240907.5
1.22668e+06  13083493691254.7
1.22668e+06  15084124976588.2
1.22668e+06  18085760860220.3
1.22668e+06  26635651227107.3
1.22668e+06  35427988974791.5
1.22668e+06  36509412948368.2
1.23544e+06  13133971127496.8
1.23544e+06  15133929642967.5
1.23544e+06  18085760833563.6
1.23544e+06  26635651228273.6
1.23544e+06  35561831512344.8
1.23544e+06  36627030639302.4
1.24421e+06  13183868141428.2
1.24421e+06  15183007648204.7
1.24421e+06  18085760806556.6
1.24421e+06  26635651229772
1.24421e+06  35696500372035.4
1.24421e+06  36745373209303.9
1.25297e+06  13233189677384.9
1.25297e+06  15231373294345.4
1.25297e+06  18085760779793.7
1.25297e+06  26635651231513.5
1.25297e+06  35831986744739.6
1.25297e+06  36864421051952.9
1.26173e+06  13281940814095.2
1.26173e+06  15279032249810.5
1.26173e+06  18085760752190.1
1.26173e+06  26635651232906.8
1.26173e+06  35968278368464.3
1.26173e+06  36984173029655.3
1.27049e+06  13330126791446.7
1.27049e+06  15325991964541.1
1.27049e+06  18085760723950.4
1.27049e+06  26635651235357.5
1.27049e+06  36105362674000.1
1.27049e+06  37104625663463.5
1.27925e+06  13377751964877.6
1.27925e+06  15372260282138.3
1.27925e+06  18085760694889
1.27925e+06  26635651237754.2
1.27925e+06  36243239991108.3
1.27925e+06  37225766220709.8
1.28802e+06  13424822459252
1.28802e+06  15417852251063
1.28802e+06  18085760666922.6
1.28802e+06  26635651240389.5
1.28802e+06  36381889421112.4
1.28802e+06  37347590077490.6
1.29678e+06  13471342416582.4
1.29678e+06  15462773793459.1
1.29678e+06  18085760637642.4
1.29678e+06  26635651242884.6
1.29678e+06  36521303104803.9
1.29678e+06  37470102360899.7
1.30554e+06  13517317629817.4
1.30554e+06  15507034443782.5
1.30554e+06  18085760607692.8
1.30554e+06  26635651246403.9
1.30554e+06  36661473471988.6
1.30554e+06  37593274360947.4
1.3143e+06  13562753248678.4
1.3143e+06  15550647339576.2
1.3143e+06  18085760576887.4
1.3143e+06  26635651249430.3
1.3143e+06  36802389744928.9
1.3143e+06  37717117347867.8
1.32306e+06  13607654420377.5
1.32306e+06  15593609713569.3
1.32306e+06  18085760546700.3
1.32306e+06  26635651253261.7
1.32306e+06  36944037766903.1
1.32306e+06  37841620792685.5
1.33183e+06  13652026415246.7
1.33183e+06  15635942848705.6
1.33183e+06  18085760515180.4
1.33183e+06  26635651256715.3
1.33183e+06  37086414583654.2
1.33183e+06  37966775902731.5
1.34059e+06  13695874648768.6
1.34059e+06  15677645901954
1.34059e+06  18085760483606.3
1.34059e+06  26635651260604.2
1.34059e+06  37229502394965.1
1.34059e+06  38092576896194.2
1.34935e+06  13739204073113.7
1.34935e+06  15718738527867.5
1.34935e+06  18085760451773.2
1.34935e+06  26635651264780.1
1.34935e+06  37373302222778.2
1.34935e+06  38219021195058.7
1.35811e+06  13782019889919.4
1.35811e+06  15759223926535.2
1.35811e+06  18085760419017.6
1.35811e+06  26635651269010.1
1.35811e+06  37517794614823.2
1.35811e+06  38346095467364.4
1.36687e+06  13824328121198.6
1.36687e+06  15799108355875.5
1.36687e+06  18085760385718.1
1.36687e+06  26635651273750.4
1.36687e+06  37662972031250.3
1.36687e+06  38473796612326.1
1.37564e+06  13866133185873.3
1.37564e+06  15838401159546.2
1.37564e+06  18085760352567.7
1.37564e+06  26635651278684.4
1.37564e+06  37808823909154.2
1.37564e+06  38602116434902.9
1.3844e+06  13907440728940.6
1.3844e+06  15877114753966.1
1.3844e+06  18085760318214.7
1.3844e+06  26635651283373.4
1.3844e+06  37955340536123.9
1.3844e+06  38731054856415.9
1.39316e+06  13948256331454.3
1.39316e+06  15915264581610.5
1.39316e+06  18085760283987.1
1.39316e+06  26635651289157
1.39316e+06  38102523303927.9
1.39316e+06  38860600297075.1
1.40192e+06  13988585071558.9
1.40192e+06  15952835991137
1.40192e+06  18085760248761.4
1.40192e+06  26635651293789.3
1.40192e+06  38250342073168.5
1.40192e+06  38990743990225.6
1.41068e+06  14028432138204.3
1.41068e+06  15989868308303
1.41068e+06  18085760212101.1
1.41068e+06  26635651299807.3
1.41068e+06  38398808567962.3
1.41068e+06  39121480124213.5
1.41945e+06  14067802852214.3
1.41945e+06  16026338798348.3
1.41945e+06  18085760176391.9
1.41945e+06  26635651305261.7
1.41945e+06  38547902277330.6
1.41945e+06  39252806087540.9
1.42821e+06  14106702691469.5
1.42821e+06  16062275594352.8
1.42821e+06  18085760139856.2
1.42821e+06  26635651311425.5
1.42821e+06  38697613857412.8
1.42821e+06  39384722844698.3
1.43697e+06  14145137305138
1.43697e+06  16097684380875.4
1.43697e+06  18085760102039
1.43697e+06  26635651317183.9
1.43697e+06  38847935574191.1
1.43697e+06  39517200375440.4
1.44573e+06  14183110169183.8
1.44573e+06  16132571309948.3
1.44573e+06  18085760063824.2
1.44573e+06  26635651323792.1
1.44573e+06  38998856713744.7
1.44573e+06  39650262638055.9
1.45449e+06  14220628783558
1.45449e+06  16166945050592.1
1.45449e+06  18085760024738.3
1.45449e+06  26635651329966.6
1.45449e+06  39150368811280.9
1.45449e+06  39783875122533
1.46326e+06  14257696461132.8
1.46326e+06  16200816780355
1.46326e+06  18085759985893.1
1.46326e+06  26635651336780.5
1.46326e+06  39302475705432.9
1.46326e+06  39918046786409
1.47202e+06  14294320152517.6
1.47202e+06  16234186661251.5
1.47202e+06  18085759944432.6
1.47202e+06  26635651343911.9
1.47202e+06  39455142082149.5
1.47202e+06  40052771355384.2
1.48078e+06  14330503779702
1.48078e+06  16267062044021
1.48078e+06  18085759903762.8
1.48078e+06  26635651350844.4
1.48078e+06  39608391420211.6
1.48078e+06  40188041199133
1.48954e+06  14366252377693.7
1.48954e+06  16299466004966.1
1.48954e+06  18085759862171.3
1.48954e+06  26635651357950.9
1.48954e+06  39762192385589.2
1.48954e+06  40323851874616.8
1.4983e+06  14401571753913.5
1.4983e+06  16331384641067.4
1.4983e+06  18085759820063.2
1.4983e+06  26635651365519.9
1.4983e+06  39916540367873.6
1.4983e+06  40460198702895.7


