0  109423362181.461
0  110288974024.465
0  12545802355885.2
0  14360044866928.9
7468.9  216866429947.93
7468.9  221029615185.313
7468.9  12545802354909
7468.9  14360056735882.9
14937.8  323994617046.78
14937.8  332026932453.951
14937.8  12545802353282.1
14937.8  14360048426298.2
22406.7  431874136822.147
22406.7  443170107130.895
22406.7  12545802351004.2
22406.7  14359949550334.5
29875.6  539378635762.336
29875.6  554387593373.148
29875.6  12545802347569.8
29875.6  14359813145321
37344.5  647314699192.982
37344.5  665336790842.435
37344.5  12545802343989.6
37344.5  14359663340935.2
37344.5  14364372063468
37344.5  14365036371945
44813.4  754784251931.042
44813.4  776044732781.264
44813.4  12545802339758
44813.4  14359518271784.7
44813.4  14364060469975.6
44813.4  14365220399595.1
52282.3  862683300858.357
52282.3  886787405427.875
52282.3  12545802334874.7
52282.3  14359387481758.8
59751.2  970127654163.397
59751.2  997540713546.305
59751.2  12545802329339.4
59751.2  14359274126058.3
59751.2  14369189619014.3
59751.2  14370211738249.2
67220.1  1077900129562.8
67220.1  1108282779150.57
67220.1  12545802323151.7
67220.1  14359177867852.7
67220.1  14370829430537.6
74689  1185306929253.57
74689  1218993816359.22
74689  12545802316311.4
74689  14359096875005.2
74689  14374085172066.6
74689  14375281152361.1
82157.9  1292908661241.36
82157.9  1329656088339.63
82157.9  12545802308817.8
82157.9  14359028899646.6
82157.9  14376663175118.6
89626.8  1400196555759.91
89626.8  1440193528716.01
89626.8  12545802300670.5
89626.8  14358971772970.2
89626.8  14379063590220.1
89626.8  14380676493898
97095.7  1507652684735.99
97095.7  1550598290877.65
97095.7  12545802291869.3
97095.7  14358923593062.5
97095.7  14383752707564.5
97095.7  14385194976585.9
104565  1614799955601.35
104565  1660943726366.12
104565  12545802282413.4
104565  14358882763896.8
104565  14384805095315.4
104565  14386123687376.6
112034  1722070232578.33
112034  1771218603242.08
112034  12545802272302.3
112034  14358847977679.9
112034  14389047791878
112034  14391408227400.5
119502  1829101834770.99
119502  1881412877821.47
119502  12545802261535.2
119502  14358818173124.5
119502  14393379035503.9
119502  14396177359435.6
126971  1936089382817.99
126971  1991517697472.61
126971  12545802250617.3
126971  14358792493157.6
126971  14397685280820.2
126971  14401003843336.3
134440  2042987392646.08
134440  2101525374204.25
134440  12545802238536.8
134440  14358770243651.7
134440  14401899143851
134440  14405951346207.4
141909  2149676375309.16
141909  2211429331488.99
141909  12545802225798
141909  14358750864052.1
141909  14406183141402
141909  14411051947941.8
149378  2256366623312.06
149378  2321224028421.49
149378  12545802212400.6
149378  14358733897625.9
149378  14410911335269.2
149378  14416344870757.9
156847  2362893809347.27
156847  2430904866458.49
156847  12545802198343.5
156847  14358718972315.6
156847  14416164915443.5
156847  14421905446298.4
164316  2469235005469.02
164316  2540468084052.79
164316  12545802184570.1
164316  14358705781482.4
164316  14421734660925.1
164316  14427934802614
171785  2575461213473.28
171785  2649896822656.18
171785  12545802168685.8
171785  14358694073177.9
171785  14427468808329
171785  14435064827670.7
179254  2681594823721.58
179254  2759118403762.37
179254  12545802152644.5
179254  14358683638306.4
179254  14433322162495
179254  14441083369185
186723  2787541955238.93
186723  2868210081098.15
186723  12545802135940
186723  14358674301849.2
186723  14439295813354.2
186723  14447727701812.8
194191  2893310646837.52
194191  2977172066291.84
194191  12545802118571.1
194191  14358665918674.9
194191  14445954772720.8
194191  14455420845416.9
201660  2998903996695.09
201660  3086004624458.97
201660  12545802101042.1
201660  14358658364509.5
201660  14452975233595.7
201660  14462427077208.8
209129  3104321477481.58
209129  3194671443390.21
209129  12545802082341.1
209129  14358651535665.2
209129  14459699477481.8
209129  14470608897992.2
216598  3209559716006.73
216598  3303081523362.17
216598  12545802062972.1
216598  14358645343177.3
216598  14467539349095.3
216598  14478486068789.2
224067  3314612938392.06
224067  3411370393001.4
224067  12545802042934.3
224067  14358639711583
224067  14474846791614.9
224067  14486875721029.5
231536  3419473189372.48
231536  3519486126427.73
231536  12545802022226.2
231536  14358634576133.9
231536  14483257971970.5
231536  14495858400124.4
239005  3524130385126.81
239005  3627331835841
239005  12545802000341.1
239005  14358629880324.8
239005  14491611388976.7
239005  14505183074197.4
246474  3628572227782.08
246474  3735071343409.36
246474  12545801978288.4
246474  14358625576832.4
246474  14499954906406.8
246474  14514540876629.5
253943  3732783990127.13
253943  3842475893845.01
253943  12545801956066.5
253943  14358621622502.9
253943  14509173922741.8
253943  14524263151009.6
261412  3836748161587.97
261412  3949764086121
261412  12545801933607.5
261412  14358617982034.2
261412  14518619296678.2
261412  14534470564130.8
268881  3940443931543.38
268881  4056726434354.41
268881  12545801909527.2
268881  14358614622224
268881  14528342529642.8
268881  14545101732467.8
276349  4043933613501.51
276349  4163492878275.46
276349  12545801884767.9
276349  14358611516339.9
276349  14538379048401
276349  14555806011744.5
283818  4147158853670.11
283818  4270047637954.78
283818  12545801859328.1
283818  14358608638699.7
283818  14548736814435.6
283818  14566924723142.2
291287  4250054771696.56
291287  4376257400796.9
291287  12545801832700.9
291287  14358605967763
291287  14559399691276.4
291287  14578638947362.7
298756  4352755205090.8
298756  4482222858818.65
298756  12545801806400.6
298756  14358603484712.7
298756  14570529433291.6
298756  14590770859358.5
306225  4455081145367.64
306225  4587920215368.26
306225  12545801778468.6
306225  14358601172099.2
306225  14582215624739.3
306225  14603081394330.3
313694  4557185253018.98
313694  4693328999536.15
313694  12545801750730.3
313694  14358599015575.4
313694  14594018849099.6
313694  14616024377879.9
321163  4658924637299.31
321163  4798432678956.04
321163  12545801721862.5
321163  14358597000515.9
321163  14606365261327.6
321163  14629354168601.9
328632  4760337283150.36
328632  4903219008914.24
328632  12545801693246.9
328632  14358595115871.2
328632  14619027968844
328632  14642901468094.5
336101  4861455855204.14
336101  5007680098863
336101  12545801662994.3
336101  14358593349792.7
336101  14632239166717.3
336101  14657036821405.2
343570  4962212402796.41
343570  5111812212018.9
343570  12545801632046.9
343570  14358591693369.2
343570  14645667226719.8
343570  14671636531507.8
351038  5062606463339.25
351038  5215615340756.13
351038  12545801600402.3
351038  14358590136515.1
351038  14659614083897.7
351038  14686666257754.1
358507  5162631710579.59
358507  5319028258727.71
358507  12545801568058.3
358507  14358588673241.7
358507  14674110927570.2
358507  14702141319635.2
365976  5262276453192.47
365976  5422063130143.24
365976  12545801535012.5
365976  14358587294470.6
365976  14689010378048.1
365976  14718122855555.3
373445  5361523696958.73
373445  5524761061089.46
373445  12545801501262.9
373445  14358585993556.4
373445  14704333948000.6
373445  14734739198057.8
380914  5460350813199.96
380914  5626996195891.79
380914  12545801466807.9
380914  14358584767132.3
380914  14720101059741.4
380914  14751548405171.8
388383  5558796104324.74
388383  5728863024436.78
388383  12545801432587.2
388383  14358583608346.8
388383  14736576183462.6
388383  14769058008828.6
395852  5656800574970.69
395852  5830312988788.57
395852  12545801396712.4
395852  14358582512170
395852  14753407373724.3
395852  14786967757057.9
403321  5754339235623.81
403321  5931285286704.55
403321  12545801360629.7
403321  14358581474807.8
403321  14770689126619.1
403321  14805580195502.7
410790  5851446543159.23
410790  6031819249733.5
410790  12545801322820.8
410790  14358580490888.7
410790  14788621511770.9
410790  14824659273640.6
418259  5948073936032.96
418259  6131891199157.37
418259  12545801284798.6
418259  14358579559028.4
418259  14807070828525.7
418259  14844216807376.7
425728  6044198919976.62
425728  6231484829348.74
425728  12545801246055.2
425728  14358578673112.1
425728  14825996296000.9
425728  14864411403236.3
433196  6139824038526.36
433196  6330591440080.56
433196  12545801207092.9
433196  14358577830666.2
433196  14845504135509.4
433196  14885209373098.6
440665  6234943377873.62
440665  6429164127564.35
440665  12545801165954
440665  14358577030277.7
440665  14865653756364.7
440665  14906454333521.1
448134  6329543352952.67
448134  6527196993756.33
448134  12545801125030.8
448134  14358576268889.8
448134  14886441982306.6
448134  14928410692948.1
455603  6423602823360.12
455603  6624725285207
455603  12545801083375.4
455603  14358575543681.5
455603  14907814350799.4
455603  14951027515331.4
463072  6517092591450.13
463072  6721640889988.16
463072  12545801041489.5
463072  14358574851704.4
463072  14929692935533.1
463072  14974271375709.7
470541  6609975334467.23
470541  6817996906834.13
470541  12545800997855.2
470541  14358574192432.2
470541  14952424502941.3
470541  14998079658060.3
478010  6702317753620.78
478010  6913765147424.14
478010  12545800953984.8
478010  14358573562206.5
478010  14975644938433.9
478010  15022611720272.6
485479  6794015875527.76
485479  7008913114470.72
485479  12545800910817
485479  14358572960574
485479  14999598032474.6
485479  15047834071910.1
492948  6885084395611.46
492948  7103420077111.83
492948  12545800865453.4
492948  14358572384959.4
492948  15024291176460.9
492948  15073782055653.6
500417  6975534318659.05
500417  7197277584338.47
500417  12545800818833.7
500417  14358571835244.1
500417  15049647774205
500417  15100459302568.7
507885  7065314677126.08
507885  7290488961936.42
507885  12545800772468.9
507885  14358571308177.3
507885  15075795318146.5
507885  15127730183209.6
515354  7154428172560.78
515354  7382973221234.84
515354  12545800724841.5
515354  14358570804212.8
515354  15102711515368
515354  15155876308582.9
522823  7242859769797.33
522823  7474792847635.11
522823  12545800677394.2
522823  14358570320377.7
522823  15130252430017.6
522823  15184777913928.1
530292  7330555259450.31
530292  7565849191546.14
530292  12545800627734.3
530292  14358569856849.6
530292  15158731843530
530292  15214373724008.8
537761  7417553205171.34
537761  7656167194639.37
537761  12545800577874.8
537761  14358569411687.8
537761  15187974528871
537761  15244825258587.3
545230  7503788406020.16
545230  7745730422479.07
545230  12545800527177.3
545230  14358568984736.9
545230  15218016389354.1
545230  15275993055987.4
552699  7589265000803.77
552699  7834506321892.1
552699  12545800475198.5
552699  14358568574584.9
552699  15248873413663.5
552699  15308004931575.8
560168  7673973649020.44
560168  7922455054606.07
560168  12545800424390.2
560168  14358568180897.6
560168  15280589255406.8
560168  15340927938916
567637  7757892416073.24
567637  8009617961871.85
567637  12545800371350.6
567637  14358567801731.1
567637  15313261606428.8
567637  15374707045635.1
575106  7840986406563.71
575106  8095907837197.1
575106  12545800318025.8
575106  14358567437840.8
575106  15346782993838.5
575106  15409288690790.5
582574  7923266405875.41
582574  8181337731796.94
582574  12545800263338.4
582574  14358567086115.8
582574  15381201476179.7
582574  15444818943825.7
590043  8004683158053.55
590043  8265895203505.77
590043  12545800207918
590043  14358566748048.5
590043  15416586162224.8
590043  15481159213132
597512  8085253170930.05
597512  8349552123189.79
597512  12545800153142.2
597512  14358566423007.6
597512  15452920947492.2
597512  15518460488828.8
604981  8164945156232.2
604981  8432262757299.9
604981  12545800095608.6
604981  14358566108877
604981  15490137804540.2
604981  15556703328270.7
612450  8243762444303.91
612450  8514061391348.62
612450  12545800037767.8
612450  14358565807268.3
612450  15528492026376.9
612450  15595925648273.1
619919  8321661464623.26
619919  8594905363834.16
619919  12545799979615.8
619919  14358565515904
619919  15567798801786.2
619919  15636074928259.7
627388  8398633860992.99
627388  8674755702973.51
627388  12545799919194.2
627388  14358565233278.2
627388  15608113117273
627388  15677178560990.8
634857  8474661418234.26
634857  8753598765405.19
634857  12545799859833
634857  14358564961877.6
634857  15649426139046.8
634857  15719348464493.5
642326  8549747883098.98
642326  8831446442130.58
642326  12545799799203.3
642326  14358564699091.6
642326  15691891190605.1
642326  15762423498110.9
649795  8623880992523.19
649795  8908264866091.88
649795  12545799736728.9
649795  14358564446310.3
649795  15735322284890.2
649795  15806575503112.3
657264  8697033021479.97
657264  8984049439655.18
657264  12545799674422.1
657264  14358564200910.2
657264  15779889823886.4
657264  15851738937060.6
664732  8769183676452.23
664732  9058764845262.96
664732  12545799611705.4
664732  14358563963366.2
664732  15825602726503.9
664732  15897939828349.6
672201  8840336530755.23
672201  9132404308816.42
672201  12545799546691.7
672201  14358563734481.4
672201  15872452197939.9
672201  15945262634859.7
679670  8910485426548.38
679670  9204988964691.25
679670  12545799481827.9
679670  14358563512825.1
679670  15920318085209.6
679670  15993523240553.6
687139  8979610493539.11
687139  9276429608669.64
687139  12545799415093.1
687139  14358563298444.8
687139  15969405165261.7
687139  16042895489520.4
694608  9047718688287.53
694608  9346777796865.78
694608  12545799349438.2
694608  14358563090481.7
694608  16019618074467.8
694608  16093365586244.7
702077  9114762673799.35
702077  9416014310935.23
702077  12545799281023.1
702077  14358562889241.8
702077  16071036334895.5
702077  16144986778400.6
709546  9180780623795.4
709546  9484115378035.72
709546  12545799212166.2
709546  14358562694036.8
709546  16123606775717.4
709546  16197540864040.5
717015  9245740205464.21
717015  9551073671749.31
717015  12545799142421.3
717015  14358562505284.5
717015  16177360377726.1
717015  16251296702084
724484  9309638668559.13
724484  9616881775840.16
724484  12545799072724.7
724484  14358562322067.8
724484  16232283383191.5
724484  16306140622939.6
731953  9372490676334.34
731953  9681546466889.86
731953  12545799000245.1
731953  14358562144381
731953  16288388173414.8
731953  16362062643887.4
739421  9434257281032.22
739421  9745071987180.15
739421  12545798927799.8
739421  14358561971388.5
739421  16345663850756.5
739421  16419151331475
746890  9494956317993.53
746890  9807393965592.79
746890  12545798854440
746890  14358561804344.1
746890  16404180226124.3
746890  16477279305908.3
754359  9554597207623.3
754359  9868581109677.36
754359  12545798781100.7
754359  14358561642148.5
754359  16463901454620.2
754359  16536567448079
761828  9613173575143.43
761828  9928599975067.48
761828  12545798706835.8
761828  14358561484501.2
761828  16524768467251.8
761828  16596948173585.2
769297  9670663620410.84
769297  9987450246983.72
769297  12545798629749.9
769297  14358561331845.9
769297  16586946047400.2
769297  16658456041152.6
776766  9727100521513.91
776766  10045164940422
776766  12545798554108.4
776766  14358561182484.6
776766  16650184924449.9
776766  16721079550335.5
784235  9782464702884.62
784235  10101679561692.8
784235  12545798475569.5
784235  14358561037720.7
784235  16714696296228.5
784235  16784842897194.9
791704  9836765557528.36
791704  10157056013440.3
791704  12545798397080
791704  14358560897230.6
791704  16780396468050.4
791704  16849645203508.4
799173  9889997352751.47
799173  10211289332284
799173  12545798317121.5
799173  14358560761489
799173  16847339731069.3
799173  16915544888573.1
806642  9942204991025.79
806642  10264382379820.6
806642  12545798237129.3
806642  14358560628235
806642  16915328840066.9
806642  16982488646997.8
814110  9993351841637.36
814110  10316322147597.5
814110  12545798155215.7
814110  14358560498829.5
814110  16984562813910
814110  17050625537597.3
821579  10043462035420
821579  10367138241523.1
821579  12545798072310.9
821579  14358560373764.2
821579  17054925897409.8
821579  17119813453868.9
829048  10092545311737.7
829048  10416843036091.6
829048  12545797988908.5
829048  14358560251193.1
829048  17126541488919.7
829048  17190050056164
836517  10140598271429
836517  10465455242910.1
836517  12545797903997.7
836517  14358560131874.8
836517  17199189484509.9
836517  17261260991518.5
843986  10187656503900.7
843986  10512940801547.1
843986  12545797818071
843986  14358560015920.8
843986  17273036960791.8
843986  17333583238485.5
851455  10233704011420.2
851455  10559374180788
851455  12545797731117.4
851455  14358559903873.7
851455  17347958840306.8
851455  17406931983495.2
858924  10278765834377
858924  10604731257058.1
858924  12545797644068.6
858924  14358559793680.2
858924  17423947028164.9
858924  17481336386296.9
866393  10322854639837.2
866393  10649016715267.3
866393  12545797555538.5
866393  14358559685862.5
866393  17501052294134.3
866393  17556720610119.8
873862  10365971924831.1
873862  10692264510533.4
873862  12545797464948.2
873862  14358559582471.7
873862  17579212009812.9
873862  17633111386497.8
881331  10408147046172.5
881331  10734515414082.8
881331  12545797375238.2
881331  14358559480678.5
881331  17658478071747.5
881331  17710556223431.7
888800  10449375019201.9
888800  10775737991381.5
888800  12545797282068.8
888800  14358559381665.6
888800  17738733710539
888800  17788869585851.3
896268  10489684091602.1
896268  10815971183275.5
896268  12545797189260.1
896268  14358559284505.3
896268  17819929790672.2
896268  17868144480210.6
903737  10529091979404.8
903737  10855246770773.7
903737  12545797095726.8
903737  14358559190551.4
903737  17902340932521.5
903737  17948397373934.8
911206  10567607202981
911206  10893537944820.8
911206  12545797000714
911206  14358559099306
911206  17985527924604.3
911206  18029654363313.2
918675  10605229544905
918675  10930915722137.7
918675  12545796903577.6
918675  14358559009709
918675  18069737123218.7
918675  18111643376712.1
926144  10642009132957
926144  10967357761959.3
926144  12545796807255.1
926144  14358558921630.7
926144  18154899256739.5
926144  18194720725776.6
933613  10677932777449.3
933613  11002911611048.5
933613  12545796707411.3
933613  14358558835878.4
933613  18241108020284
933613  18278467293913.1
941082  10713025719181.5
941082  11037582966274.6
941082  12545796606914.7
941082  14358558753008
941082  18328172439139.3
941082  18363160474918.7
948551  10747305000497.8
948551  11071398458827.3
948551  12545796506629.8
948551  14358558672277.6
948551  18416036445540.2
948551  18448744142741.6
956020  10780780442958.7
956020  11104376315455.9
956020  12545796404226.5
956020  14358558591793.8
956020  18504727011084.4
956020  18535239620665.2
963489  10813483156328.6
963489  11136507523126.7
963489  12545796300632.6
963489  14358558514432.2
963489  18594401590794.4
963489  18622255211169.6
970957  10845410908818.5
970957  11167841663511.9
970957  12545796197276
970957  14358558438897.3
970957  18684799444769.1
970957  18710400230224.7
978426  10876602177511.4
978426  11198397120318.5
978426  12545796090757.3
978426  14358558364623.5
978426  18776228238870.4
978426  18799081848083.6
985895  10907055520596.9
985895  11228180576981.8
985895  12545795984012.2
985895  14358558292945.1
985895  18868354628621
985895  18888523163120
993364  10936790979479.1
993364  11257215421192.1
993364  12545795875515.7
993364  14358558222030.7
993364  18961165240014.9
993364  18978800900379.4
1.00083e+06  10965822921959.6
1.00083e+06  11285540830153.7
1.00083e+06  12545795766264.5
1.00083e+06  14358558153131.8
1.00083e+06  19054615656053.2
1.00083e+06  19070046948325.4
1.0083e+06  10994174792284.8
1.0083e+06  11313119773217.8
1.0083e+06  12545795655235.3
1.0083e+06  14358558085385.8
1.0083e+06  19149109992482.9
1.0083e+06  19161380497680.5
1.01577e+06  11021862722321.9
1.01577e+06  11340050380629
1.01577e+06  12545795543351.3
1.01577e+06  14358558019505.7
1.01577e+06  19244196519402.6
1.01577e+06  19253703049429.5
1.02324e+06  11048891674772.9
1.02324e+06  11366255470134.8
1.02324e+06  12545795430665.8
1.02324e+06  14358557955111.9
1.02324e+06  19339752498981.7
1.02324e+06  19346518234718
1.03071e+06  11075281777208.8
1.03071e+06  11391819855853.3
1.03071e+06  12545795316154
1.03071e+06  14358557891741.2
1.03071e+06  19437984188068.1
1.03071e+06  19440519781205
1.03818e+06  11101060099292.3
1.03818e+06  11416750052345.9
1.03818e+06  12545795199932.7
1.03818e+06  14358557829716.4
1.03818e+06  19534763291910.6
1.03818e+06  19535129238021.3
1.04565e+06  11126228441887.1
1.04565e+06  11441064455949.8
1.04565e+06  12545795082291.5
1.04565e+06  14358557769847.6
1.04565e+06  19630646371061.5
1.05312e+06  11150803004610.7
1.05312e+06  11464781607100
1.05312e+06  12545794964216.3
1.05312e+06  14358557711337.2
1.05312e+06  19727650428828.7
1.06058e+06  11174799475309.8
1.06058e+06  11487865367331.9
1.06058e+06  12545794843814.1
1.06058e+06  14358557652564.8
1.06058e+06  19823503337021.7
1.06058e+06  19826843547686.4
1.06805e+06  11198245125528.6
1.06805e+06  11510424463153.4
1.06805e+06  12545794722506.3
1.06805e+06  14358557596094.1
1.06805e+06  19919491127862.9
1.06805e+06  19926941234610.9
1.07552e+06  11221133980237.9
1.07552e+06  11532380243552.4
1.07552e+06  12545794599705.7
1.07552e+06  14358557541667.5
1.07552e+06  20017202100677.8
1.07552e+06  20027271192933.2
1.08299e+06  11243492356592.2
1.08299e+06  11553826287513.1
1.08299e+06  12545794475024.1
1.08299e+06  14358557486708.5
1.08299e+06  20114695983354.5
1.08299e+06  20128128652166.7
1.09046e+06  11265324143063.9
1.09046e+06  11574753644501.2
1.09046e+06  12545794349880
1.09046e+06  14358557433758
1.09046e+06  20213433677074.6
1.09046e+06  20229745759525.6
1.09793e+06  11286660700711.9
1.09793e+06  11595152443555
1.09793e+06  12545794220810.7
1.09793e+06  14358557381878.5
1.09793e+06  20312475255698.7
1.09793e+06  20331351263955.1
1.1054e+06  11307498960122.3
1.1054e+06  11615053330250.2
1.1054e+06  12545794092177.7
1.1054e+06  14358557330816.9
1.1054e+06  20411981504000.8
1.1054e+06  20433698821468.8
1.11287e+06  11327855529798.6
1.11287e+06  11634454903152.6
1.11287e+06  12545793962453.5
1.11287e+06  14358557281083.2
1.11287e+06  20512016178019.1
1.11287e+06  20536518331408.8
1.12034e+06  11347744442362.3
1.12034e+06  11653380284340.4
1.12034e+06  12545793830246
1.12034e+06  14358557232562.2
1.12034e+06  20612554924575.3
1.12034e+06  20640032333185
1.1278e+06  11367177559327.5
1.1278e+06  11671863386312.8
1.1278e+06  12545793697404.8
1.1278e+06  14358557184410.6
1.1278e+06  20713532198317.7
1.1278e+06  20743658628983.4
1.13527e+06  11386164855285.7
1.13527e+06  11689937385793.5
1.13527e+06  12545793562034.4
1.13527e+06  14358557138435.8
1.13527e+06  20814878899737.7
1.13527e+06  20847882963443.2
1.14274e+06  11404718281427.4
1.14274e+06  11707511309339.5
1.14274e+06  12545793425050.2
1.14274e+06  14358557092157.1
1.14274e+06  20916981280461.6
1.14274e+06  20952592179771.8
1.15021e+06  11422861523008.6
1.15021e+06  11724731183362.7
1.15021e+06  12545793287361.9
1.15021e+06  14358557046823.5
1.15021e+06  21019289564668.3
1.15021e+06  21057743908869
1.15768e+06  11440584770511.4
1.15768e+06  11741488969746.2
1.15768e+06  12545793147575.5
1.15768e+06  14358557002774.9
1.15768e+06  21122186663411.9
1.15768e+06  21163335032980.2
1.16515e+06  11457918204210.7
1.16515e+06  11757869638930.7
1.16515e+06  12545793006034
1.16515e+06  14358556960642
1.16515e+06  21225319456397.7
1.16515e+06  21269388988015.4
1.17262e+06  11474852925242.5
1.17262e+06  11773881904731.2
1.17262e+06  12545792861906.5
1.17262e+06  14358556917039.6
1.17262e+06  21329025597696.3
1.17262e+06  21375764159215.1
1.18009e+06  11491421845126.5
1.18009e+06  11789522931361.1
1.18009e+06  12545792717909.7
1.18009e+06  14358556875958.1
1.18009e+06  21433115422782.9
1.18009e+06  21482482817732.1
1.18756e+06  11507619139129.9
1.18756e+06  11804794470986.5
1.18756e+06  12545792570709.6
1.18756e+06  14358556835711.6
1.18756e+06  21537560021156.5
1.18756e+06  21589744410867.5
1.19502e+06  11523456269117.1
1.19502e+06  11819703008060.6
1.19502e+06  12545792421211.6
1.19502e+06  14358556795572.4
1.19502e+06  21642375891318.5
1.19502e+06  21697184100829.7
1.20249e+06  11538944879540.3
1.20249e+06  11834259724764.9
1.20249e+06  12545792271823.9
1.20249e+06  14358556757076.1
1.20249e+06  21747561393092.8
1.20249e+06  21805172416997.1
1.20996e+06  11554095303948.2
1.20996e+06  11848480259845.2
1.20996e+06  12545792119146.1
1.20996e+06  14358556718252.7
1.20996e+06  21853100456350.9
1.20996e+06  21913335555728.1
1.21743e+06  11568916777754.4
1.21743e+06  11862384307744.3
1.21743e+06  12545791964581
1.21743e+06  14358556680328.5
1.21743e+06  21958967750456.1
1.21743e+06  22021916536489.5
1.2249e+06  11583417612090.3
1.2249e+06  11875995074385.2
1.2249e+06  12545791808602.6
1.2249e+06  14358556644051.4
1.2249e+06  22065155374824.7
1.2249e+06  22130870918494.9
1.23237e+06  11597605318407.9
1.23237e+06  11889291944834.9
1.23237e+06  12545791651107.6
1.23237e+06  14358556608015.7
1.23237e+06  22171800600980.7
1.23237e+06  22240153368668.1
1.23984e+06  11611486696446.4
1.23984e+06  11902262485521.4
1.23984e+06  12545791491132.1
1.23984e+06  14358556572236.2
1.23984e+06  22278681490090.6
1.23984e+06  22349696831578.4
1.24731e+06  11625067888414.4
1.24731e+06  11915008877265
1.24731e+06  12545791327772.4
1.24731e+06  14358556537484.5
1.24731e+06  22385874563566.3
1.24731e+06  22459547527648.7
1.25478e+06  11638370067807.7
1.25478e+06  11927387853538.6
1.25478e+06  12545791163791.6
1.25478e+06  14358556503664.1
1.25478e+06  22493416043724.4
1.25478e+06  22569714231482.7
1.26224e+06  11651385970263.8
1.26224e+06  11939567646754.7
1.26224e+06  12545790997226.1
1.26224e+06  14358556469599.5
1.26224e+06  22601223261947.1
1.26224e+06  22680167737959.1
1.26971e+06  11664127248037.5
1.26971e+06  11951428432877.7
1.26971e+06  12545790829967.8
1.26971e+06  14358556437196.9
1.26971e+06  22709312841785.5
1.26971e+06  22790862010137.9
1.27718e+06  11676605085396.2
1.27718e+06  11963047916191.3
1.27718e+06  12545790659116.2
1.27718e+06  14358556404579.7
1.27718e+06  22817746091800.2
1.27718e+06  22901838945651.7
1.28465e+06  11688820809739.6
1.28465e+06  11974447820312.5
1.28465e+06  12545790486494.7
1.28465e+06  14358556372323.8
1.28465e+06  22926404908019.9
1.28465e+06  23013109997832.6
1.29212e+06  11700783813653.8
1.29212e+06  11985576642528.5
1.29212e+06  12545790311694.5
1.29212e+06  14358556341945.6
1.29212e+06  23035307932246.9
1.29212e+06  23124691925718.1
1.29959e+06  11712503745233.7
1.29959e+06  11996449396131.4
1.29959e+06  12545790134609
1.29959e+06  14358556311027
1.29959e+06  23144523681963.1
1.29959e+06  23236435157864.8
1.30706e+06  11723979871429.4
1.30706e+06  12007103337946.2
1.30706e+06  12545789954697.6
1.30706e+06  14358556281534.7
1.30706e+06  23254008043860.2
1.30706e+06  23348464317508.4
1.31453e+06  11735222041367.9
1.31453e+06  12017538328026
1.31453e+06  12545789773346.4
1.31453e+06  14358556252126.4
1.31453e+06  23363731569068.4
1.31453e+06  23460757746756.2
1.322e+06  11746241287387
1.322e+06  12027756131031.6
1.322e+06  12545789588644.2
1.322e+06  14358556223502
1.322e+06  23473692946490.3
1.322e+06  23573237345806.5
1.32946e+06  11757037027173
1.32946e+06  12037760461246.7
1.32946e+06  12545789402844.3
1.32946e+06  14358556195133.6
1.32946e+06  23583887345325.8
1.32946e+06  23685987994786.8
1.33693e+06  11767615849858
1.33693e+06  12047556964135.4
1.33693e+06  12545789213227.3
1.33693e+06  14358556166451.2
1.33693e+06  23694307041405.8
1.33693e+06  23798941015351.7
1.3444e+06  11777983827491
1.3444e+06  12057153147096.1
1.3444e+06  12545789020979.7
1.3444e+06  14358556139501.8
1.3444e+06  23804942125130.3
1.3444e+06  23912094378393.7
1.35187e+06  11788146606099.3
1.35187e+06  12066558268499.5
1.35187e+06  12545788827048.3
1.35187e+06  14358556112835.9
1.35187e+06  23915853742327.4
1.35187e+06  24025512041051.8
1.35934e+06  11798109480201.7
1.35934e+06  12075783172011.4
1.35934e+06  12545788629016.6
1.35934e+06  14358556086020.4
1.35934e+06  24026973178226.6
1.35934e+06  24139086562236
1.36681e+06  11807877442938.9
1.36681e+06  12084826229226
1.36681e+06  12545788430187.3
1.36681e+06  14358556060285.6
1.36681e+06  24138279061537.4
1.36681e+06  24252853520290.2
1.37428e+06  11817455246805.5
1.37428e+06  12093632777844
1.37428e+06  12545788225780.2
1.37428e+06  14358556034805.6
1.37428e+06  24249756211188.9
1.37428e+06  24366840073803.1
1.38175e+06  11826847425324.6
1.38175e+06  12102285945388.2
1.38175e+06  12545788020829.1
1.38175e+06  14358556009735.5
1.38175e+06  24361507104755.4
1.38175e+06  24481028990551
1.38922e+06  11836058340186.4
1.38922e+06  12110802141181.9
1.38922e+06  12545787812541
1.38922e+06  14358555985778
1.38922e+06  24473420925655.2
1.38922e+06  24595407115222.9
1.39668e+06  11845092193984
1.39668e+06  12119125781066
1.39668e+06  12545787601720.2
1.39668e+06  14358555961337.1
1.39668e+06  24585500478391.7
1.39668e+06  24709961312994.5
1.40415e+06  11853957089509.7
1.40415e+06  12127264204805.2
1.40415e+06  12545787386005.4
1.40415e+06  14358555937791
1.40415e+06  24697823068198.5
1.40415e+06  24824667473320
1.41162e+06  11862653648385.3
1.41162e+06  12135308678115.7
1.41162e+06  12545787169054.1
1.41162e+06  14358555913773.4
1.41162e+06  24810260237764.6
1.41162e+06  24939553360535.3
1.41909e+06  11871185335289
1.41909e+06  12143117450974.6
1.41909e+06  12545786948938.2
1.41909e+06  14358555891425.4
1.41909e+06  24922950299426.4
1.41909e+06  25054613264304.1
1.42656e+06  11879557161525.7
1.42656e+06  12150834895378.5
1.42656e+06  12545786725576.9
1.42656e+06  14358555868813.1
1.42656e+06  25035757333091.4
1.42656e+06  25169843149159
1.43403e+06  11887775202536.8
1.43403e+06  12158366710176.6
1.43403e+06  12545786497974
1.43403e+06  14358555846642.2
1.43403e+06  25148766418633.1
1.43403e+06  25285223133042.3
1.4415e+06  11895839582611.1
1.4415e+06  12165791712612.8
1.4415e+06  12545786267473.5
1.4415e+06  14358555825178.7
1.4415e+06  25261940757575.3
1.4415e+06  25400746465195
1.44897e+06  11903756389456.6
1.44897e+06  12173033831251.2
1.44897e+06  12545786033932.7
1.44897e+06  14358555803518.3
1.44897e+06  25375234921134.4
1.44897e+06  25516424413911.4
1.45644e+06  11911528494484.2
1.45644e+06  12180209695079.7
1.45644e+06  12545785795909
1.45644e+06  14358555782411.4
1.45644e+06  25488746912387.5
1.45644e+06  25632257729428.1
1.46391e+06  11919158769347.1
1.46391e+06  12187157288060.4
1.46391e+06  12545785555171.8
1.46391e+06  14358555762702.1
1.46391e+06  25602399908447.2
1.46391e+06  25748248036383.8
1.47137e+06  11926651766909.8
1.47137e+06  12194046443982
1.47137e+06  12545785309777.2
1.47137e+06  14358555741639.7
1.47137e+06  25716182853828
1.47137e+06  25864397850165.5
1.47884e+06  11934009551500.6
1.47884e+06  12200790499287.5
1.47884e+06  12545785061053.6
1.47884e+06  14358555721988.2
1.47884e+06  25830099716961.9
1.47884e+06  25980663870299.5
1.48631e+06  11941236185174.4
1.48631e+06  12207378643478.1
1.48631e+06  12545784808413.2
1.48631e+06  14358555702214.9
1.48631e+06  25944206978635.8
1.48631e+06  26097046197086.9
