0  215131921210.271
0  283144100495.478
0  21570095608390.6
0  23758305306472.4
0  46317364105525.6
0  46317508494847.5
11550.9  430259500178.001
11550.9  566262457993.421
11550.9  21570095608390.6
11550.9  23759384979862.3
11550.9  46317361392007.2
11550.9  46317974543910.9
23101.8  645378450442.766
23101.8  849329291340.525
23101.8  21570095608390.5
23101.8  23761186372694
23101.8  46317360988209.4
23101.8  46318750177778.3
34652.7  860484445600.86
34652.7  1132318680402.45
34652.7  21570095608390.3
34652.7  23763712397237.2
34652.7  46317360852966.5
34652.7  46319834703966
46203.6  1075573160035.21
46203.6  1415204522178.49
46203.6  21570095608390.1
46203.6  23766967143192.4
46203.6  46317360791810.8
46203.6  46321229866668.5
57754.5  1290640262026.65
57754.5  1697960461126.05
57754.5  21570095608951.7
57754.5  23770955889727.4
57754.5  46317360758941
57754.5  46322935736547.1
69305.4  1505681413613.82
69305.4  1980559838701.56
69305.4  21570095608951.5
69305.4  23775685124250.7
69305.4  46317360739389.5
69305.4  46324952726286.4
80856.3  1720692267294
80856.3  2262975614191.72
80856.3  21570095608951.2
80856.3  23781162558752.4
80856.3  46317360727140.6
80856.3  46327281191786.8
92407.1  1935668465634.39
92407.1  2545180307987.16
92407.1  21570095608950.8
92407.1  23787397156225.9
92407.1  46317360719220.3
92407.1  46329921857921.8
103958  2150605654965.15
103958  2827145929096.29
103958  21570095608950.4
103958  23794399157788.4
103958  46317360713506
103958  46332875303636.7
115509  2365499420639.06
115509  3108843905217.77
115509  21570095608630.3
115509  23802180114517.4
115509  46317360709847.6
115509  46336142250545.2
127060  2580345393499.64
127060  3390245017294.51
127060  21570095608876.6
127060  23810752921425.9
127060  46317360707342.5
127060  46339723434109.5
138611  2795139155747.68
138611  3671319319863.53
138611  21570095608876.1
138611  23820131861004.7
138611  46317360705429.9
138611  46343619760417.4
150162  3009876278274.2
150162  3952036070398.16
150162  21570095608875.5
150162  23830332643569
150162  46317360704505.4
150162  46347832147926.4
161713  3224552313289.19
161713  4232363645403.58
161713  21570095608875
161713  23841372457876.3
161713  46317360704296.2
161713  46352361609005.6
173263  3439162793421.74
173263  4512269462761.99
173263  21570095608874.3
173263  23853270023411.3
173263  46317360703866.2
173263  46357209227252.8
184814  3653703228818.34
184814  4791719896532.19
184814  21570095608873.7
184814  23866045648052.1
184814  46317360704191.9
184814  46362376161191.4
196365  3868169107135.65
196365  5070680188406.15
196365  21570095609434.8
196365  23879721290156.2
196365  46317360704658.4
196365  46367863669057.7
207916  4082555890718.94
207916  5349114357255.42
207916  21570095609680.8
207916  23894320626811.9
207916  46317360705547.1
207916  46373673057414.7
219467  4296859016291.73
219467  5626985103541.74
219467  21570095609680
219467  23909869124483.1
219467  46317360706593.1
219467  46379805738707
231018  4511073892538.9
231018  5904253711733.94
231018  21570095609679.2
231018  23926394116414.2
231018  46317360707646.9
231018  46386263171906.9
242569  4725195898899.77
242569  6180879944960.34
242569  21570095609431.5
242569  23943924885778.8
242569  46317360709106.6
242569  46393046932935
254120  4939220384440.99
254120  6456821942699.67
254120  21570095609677.4
254120  23962492751168.4
254120  46317360710326.1
254120  46400158643701.1
265671  5153142665457.86
265671  6732036105505.63
265671  21570095609676.4
265671  23982131162119.3
265671  46317360712194.2
265671  46407600036920.4
277221  5366958024833.83
277221  7006476981353.98
277221  21570095610237.2
277221  24002875793410.7
277221  46317360713758.1
277221  46415372895529.2
288772  5580661709883.91
288772  7280097147735.1
288772  21570095610236.2
288772  24024764651367.3
288772  46317360715812.2
288772  46423479118950.8
300323  5794248930929.79
300323  7552847084874.26
300323  21570095610481.9
300323  24047838178022.6
300323  46317360717886.3
300323  46431920665128.7
311874  6007714860072.52
311874  7824675051633.84
311874  21570095610480.8
311874  24072139366311.5
311874  46317360720206.1
311874  46440699587643.7
323425  6221054628901.24
323425  8095526954104
323425  21570095610799.4
323425  24097713874802.6
323425  46317360722475.9
323425  46449818006125.6
334976  6434263327676.11
334976  8365346209740.15
334976  21570095611606.8
334976  24124610149605.2
334976  46317360724724.2
334976  46459278150987.5
346527  6647336003110.16
346527  8634073610544.81
346527  21570095611605.5
346527  24152879549459.7
346527  46317360727036.3
346527  46469082323029.3
358078  6860267657143.9
358078  8901647187606.98
358078  21570095611604.2
358078  24182576469089.4
358078  46317360729921.3
358078  46479232912283.8
369629  7073053245065.3
369629  9168002066172.75
369629  21570095611529.9
369629  24213758470256.6
369629  46317360732541.1
369629  46489732397317.7
381179  7285687674152.23
381179  9433070329407.08
381179  21570095612090.4
381179  24246486409189.8
381179  46317360735399.5
381179  46500583344521
392730  7498165801650.09
392730  9696780880007.89
392730  21570095612088.9
392730  24280824566588.2
392730  46317360738129.4
392730  46511788411180.6
404281  7710482433381.65
404281  9959059302598.94
404281  21570095612334.3
404281  24316840769742.9
404281  46317360741168.3
404281  46523350344286.8
415832  7922632322030.35
415832  10219827734795.6
415832  21570095612086
415832  24354606516278.4
415832  46317360744261
415832  46535271976067.2
427383  8134610165319.53
427383  10479004745566.5
427383  21570095612646.2
427383  24394197084620
427383  46317360747543.7
427383  46547556244628.9
438934  8346410604579
438934  10736505220691.8
438934  21570095612329.6
438934  24435691642065.7
438934  46317360750816
438934  46560206168655.2
450485  8558028222748.78
450485  10992240265627.4
450485  21570095612328
450485  24479173330473.7
450485  46317360754065.5
450485  46573224865518.8
462036  8769457542768.53
462036  11246117123311.2
462036  21570095612573.1
462036  24524729343568.2
462036  46317360757532.3
462036  46586615551775.6
473587  8980693025991.39
473587  11498039114027.2
473587  21570095613133.1
473587  24572450978514.6
473587  46317360761501.4
473587  46600381534732
485138  9191729070281.97
485138  11747905601026.5
485138  21570095613378.1
485138  24622433663526.7
485138  46317360764923.1
485138  46614526222618.5
496688  9402560008140.85
496688  11995611988080.8
496688  21570095613376.3
496688  24674776952263.3
496688  46317360768565.3
496688  46629053122396.5
508239  9613180105378.34
508239  12241049755185.4
508239  21570095613863.3
508239  24729584482888.1
508239  46317360772402.8
508239  46643965836344
519790  9823583558860.42
519790  12484106534766.7
519790  21570095613861.4
519790  24786963895439.8
519790  46317360776352.7
519790  46659268075013.1
531341  10033764495050.2
531341  12724666242202.8
531341  21570095614425.9
531341  24847026694606.7
531341  46317360780372
531341  46674963646787.2
542892  10243716968140
542892  12962609260481.8
542892  21570095614739
542892  24909888061676.5
542892  46317360784468.5
542892  46691056464788.8
554443  10453434958196.1
554443  13197812688769
554443  21570095614983.7
554443  24975666597318.1
554443  46317360788536.5
554443  46707550546275.5
565994  10662912369411.8
565994  13430150664976.3
565994  21570095614981.6
565994  25044483996751
565994  46317360792903.5
565994  46724450013892.6
577545  10872143028320.3
577545  13659494761775.1
577545  21570095615788
577545  25116464645162.6
577545  46317360797690
577545  46741759098269.7
589096  11081120682059.4
589096  13885714471921.2
589096  21570095615785.8
589096  25191735133663.2
589096  46317360802069.8
589096  46759482140384.3
600646  11289838996208.9
600646  14108677776646.4
600646  21570095616030.3
600646  25270423679982.6
600646  46317360806418
600646  46777623588532.1
612197  11498291553501.6
612197  14328251809781.3
612197  21570095616589.8
612197  25352659463889.9
612197  46317360811075.4
612197  46796188003496.6
623748  11706471851678.3
623748  14544303613333.7
623748  21570095616514.5
623748  25438571866325.9
623748  46317360816152.4
623748  46815180057052.9
635299  11914373301647.5
635299  14756700988126.5
635299  21570095617320.7
635299  25528289613764
635299  46317360820686.7
635299  46834604537322.1
646850  12121989225822.9
646850  14965313431716
646850  21570095617071.4
646850  25621939839949.8
646850  46317360825762
646850  46854466343609.7
658401  12329312856321.2
658401  15170013158652.1
658401  21570095617315.7
658401  25719647057388.7
658401  46317360830712.5
658401  46874770495929.2
669952  12536337333018
669952  15370676191455.5
669952  21570095617874.9
669952  25821532065790.1
669952  46317360835861.6
669952  46895522129952.4
681503  12743055701773.2
681503  15567183509691.4
681503  21570095618438.8
681503  25927710799887.7
681503  46317360841149.2
681503  46916726500191.2
693054  12949460912920.6
693054  15759422234820.7
693054  21570095619244.6
693054  26038293139442
693054  46317360846168.4
693054  46938388983282.4
704605  13155545818990.6
704605  15947286833588.4
704605  21570095619241.9
704605  26153381705537.9
704605  46317360851671.4
704605  46960515075642.2
716155  13361303173504.5
716155  16130680308128.5
716155  21570095619727.9
716155  26273070663231
716155  46317360857337.4
716155  46983110399303.3
727706  13566725628783.5
727706  16309515353245.8
727706  21570095619971.8
727706  26397444566539.8
727706  46317360862777.4
727706  47006180698136.6
739257  13771805734340.8
739257  16483715442294.9
739257  21570095619160.2
739257  26526577266934
739257  46317360868202.4
739257  47029731844715.1
750808  13976535935411.5
750808  16653215816515.5
750808  21570095619965.7
750808  26660530918929.4
750808  46317360873970.8
750808  47053769836192.9
762359  14180908570963.9
762359  16817964352451.4
762359  21570095620209.4
762359  26799355117692
762359  46317360879828.3
762359  47078300800945.9
773910  14384915872247.3
773910  16977922269840.1
773910  21570095620768
773910  26943086180940
773910  46317360885848.5
773910  47103330993007.3
785461  14588549960948.6
785461  17133064669877.5
785461  21570095621011.5
785461  27091746613714.4
785461  46317360891921.9
785461  47128866802183.4
797012  14791802848027.6
797012  17283380875645.6
797012  21570095621816.8
797012  27245344761380.8
797012  46317360897819.3
797012  47154914747107.7
808563  14994666431751
808563  17428874572590.6
808563  21570095622060.1
808563  27403874671779.3
808563  46317360904141.8
808563  47181481481238
820113  15197132496203.8
820113  17569563734732.7
820113  21570095622371.6
820113  27567316162829.2
820113  46317360910453.5
820113  47208573792233.7
831664  15399192710112.9
831664  17705480347040.2
831664  21570095622614.8
831664  27735635100013.1
831664  46317360916686.1
831664  47236198603961
843215  15600838625365.1
843215  17836669929275.1
843215  21570095623419.6
843215  27908783870309.1
843215  46317360923087.5
843215  47264362974741.9
854766  15802061675415
854766  17963190878580.9
854766  21570095623662.6
854766  28086702039623.4
854766  46317360929639
854766  47293074103536.6
866317  16002853174231.9
866317  18085113647882.8
866317  21570095624467.2
866317  28269317167865.3
866317  46317360936233.2
866317  47322339326961.9
877868  16203204315193.1
877868  18202519795606.7
877868  21570095624705.2
877868  28456545764133.5
877868  46317360943110.5
877868  47352166120528.2
889419  16403106169533.8
889419  18315500922020.7
889419  21570095624700.9
889419  28648294343583.3
889419  46317360949673.6
889419  47382562101057.4
900970  16602549685454.4
900970  18424157529331.7
900970  21570095625505.2
900970  28844460565165.5
900970  46317360956857.8
900970  47413535025692.5
912521  16801525687708.8
912521  18528597842435.8
912521  21570095626067.2
912521  29044934416153.1
912521  46317360963611.1
912521  47445092794763.1
924071  17000024875336.8
924071  18628936598022.9
924071  21570095626871.1
924071  29249599413469.3
924071  46317360970721.8
924071  47477243449670.9
935622  17198037822222.4
935622  18725293854680.1
935622  21570095627112.9
935622  29458333798866.7
935622  46317360978021.7
935622  47509995175399.5
947173  17395554975870.6
947173  18817793822083.3
947173  21570095627034.8
947173  29671011702952.8
947173  46317360985257.1
947173  47543356300529.8
958724  17592566656986.4
958724  18906563749988.5
958724  21570095627344.5
958724  29887504257204.3
958724  46317360992546.7
958724  47577335296894.1
970275  17789063058249.7
970275  18991732881665.1
970275  21570095627585.6
970275  30107680640923
970275  46317360999864.1
970275  47611940781009.8
981826  17985034245178.7
981826  19073431482621.9
981826  21570095628388.3
981826  30331409048572
981826  46317361007212.6
981826  47647181512465.1
993377  18180470154898.9
993377  19151789961902.4
993377  21570095628628.7
993377  30558557570162.3
993377  46317361015150.6
993377  47683066394948.4
1.00493e+06  18375360596596
1.00493e+06  19226938078080
1.00493e+06  21570095629430.6
1.00493e+06  30788994979620.6
1.00493e+06  46317361022685.5
1.00493e+06  47719604476969.9
1.01648e+06  18569695251615.9
1.01648e+06  19299004248417.7
1.01648e+06  21570095629985.2
1.01648e+06  31022591430730.4
1.01648e+06  46317361030276.2
1.01648e+06  47756804949158.7
1.02803e+06  18763463673904.9
1.02803e+06  19368114939294.1
1.02803e+06  21570095630224.2
1.02803e+06  31259219059117.5
1.02803e+06  46317361038271.9
1.02803e+06  47794677144866.6
1.03958e+06  18956655288497
1.03958e+06  19434394159091.1
1.03958e+06  21570095631024.3
1.03958e+06  31498752494926.8
1.03958e+06  46317361046067.2
1.03958e+06  47833230541029.7
1.05113e+06  19149259396192.4
1.05113e+06  19497963022650.9
1.05113e+06  21570095631823.5
1.05113e+06  31741069289836.9
1.05113e+06  46317361054236.1
1.05113e+06  47872474755364.6
1.06268e+06  19341265170320.7
1.06268e+06  19558939411541.4
1.06268e+06  21570095631740.1
1.06268e+06  31986050265809.6
1.06268e+06  46317361062300
1.06268e+06  47912419546032.2
1.07423e+06  19532661660063.2
1.07423e+06  19617437686669.4
1.07423e+06  21570095632290.2
1.07423e+06  32233579787037.7
1.07423e+06  46317361070571.9
1.07423e+06  47953074810234.5
1.08578e+06  19673568515202.1
1.08578e+06  19723437770844.5
1.08578e+06  21570095633405
1.08578e+06  32483545970896.8
1.08578e+06  46317361078776.7
1.08578e+06  47994450583907.3
1.09733e+06  19727438622750.2
1.09733e+06  19913582342654.6
1.09733e+06  21570095633636
1.09733e+06  32735840834610.6
1.09733e+06  46317361087184
1.09733e+06  48036557037852.8
1.10889e+06  19779150843928.1
1.10889e+06  20103084031044.5
1.10889e+06  21570095634425.6
1.10889e+06  32990360392614.5
1.10889e+06  46317361095727.6
1.10889e+06  48079404478512.5
1.12044e+06  19828803955871.6
1.12044e+06  20291931401659
1.12044e+06  21570095634329.1
1.12044e+06  33247004707852.9
1.12044e+06  46317361104057.9
1.12044e+06  48123003344426.3
1.13199e+06  19876492702669.5
1.13199e+06  20480112900631.7
1.13199e+06  21570095634298.6
1.13199e+06  33505677902784.9
1.13199e+06  46317361112985.6
1.13199e+06  48167364204240.7
1.14354e+06  19922307817428.7
1.14354e+06  20667616857320
1.14354e+06  21570095635065.7
1.14354e+06  33766288139501.9
1.14354e+06  46317361121695.9
1.14354e+06  48212497754483
1.15509e+06  19966336069409.1
1.15509e+06  20854431490504.5
1.15509e+06  21570095635813.1
1.15509e+06  34028747570073.4
1.15509e+06  46317361130236.6
1.15509e+06  48258414815492
1.16664e+06  20008660332085.7
1.16664e+06  21040544910033.5
1.16664e+06  21570095636840.1
1.16664e+06  34292972264783.2
1.16664e+06  46317361139392.9
1.16664e+06  48305126330755.1
1.17819e+06  20049359675925.6
1.17819e+06  21225945116734.7
1.17819e+06  21570095636314
1.17819e+06  34558882123554.4
1.17819e+06  46317361148325.8
1.17819e+06  48352643361369
1.18974e+06  20088509465907.7
1.18974e+06  21410620008588.6
1.18974e+06  21570095636695.7
1.18974e+06  34826400769512.2
1.18974e+06  46317361157426.5
1.18974e+06  48400977082919.7
1.20129e+06  20126181484305.8
1.20129e+06  21570095646872.3
1.20129e+06  21594557410396.8
1.20129e+06  35095455434683.9
1.20129e+06  46317361166625.2
1.20129e+06  48450138782505.8
1.21284e+06  20162444048401.1
1.21284e+06  21570095640512.2
1.21284e+06  21777744979794.5
1.21284e+06  35365976836545.5
1.21284e+06  46317361175727
1.21284e+06  48500139853320.7
1.22439e+06  20197362141139.4
1.22439e+06  21570095640307
1.22439e+06  21960170373262.1
1.22439e+06  35637899048789.7
1.22439e+06  46317361185465.8
1.22439e+06  48550991790570.6
1.23595e+06  20230997542132
1.23595e+06  21570095640383.1
1.23595e+06  22141821108574.3
1.23595e+06  35911159367037.3
1.23595e+06  46317361194564
1.23595e+06  48602706187019.3
1.2475e+06  20263408961313.7
1.2475e+06  21570095641423.9
1.2475e+06  22322684636156.4
1.2475e+06  36185698176951.8
1.2475e+06  46317361204094.4
1.2475e+06  48655294726775.9
1.25905e+06  20294652176316.6
1.25905e+06  21570095642177.5
1.25905e+06  22502748330145
1.25905e+06  36461458817528.4
1.25905e+06  46317361213812.6
1.25905e+06  48708769180440.6
1.2706e+06  20324780161589.2
1.2706e+06  21570095642070.9
1.2706e+06  22681999495758.3
1.2706e+06  36738387449133.1
1.2706e+06  46317361223429.7
1.2706e+06  48763141399289.9
1.28215e+06  20353843220470.5
1.28215e+06  21570095642284.2
1.28215e+06  22860425374405.5
1.28215e+06  37016432920710.3
1.28215e+06  46317361233278
1.28215e+06  48818423308369.9
1.2937e+06  20381889113388.2
1.2937e+06  21570095643070
1.2937e+06  23038013149986.7
1.2937e+06  37295546642032.2
1.2937e+06  46317361243078.2
1.2937e+06  48874626900087.2
1.30525e+06  20408963184675.2
1.30525e+06  21570095643860
1.30525e+06  23214749957217.2
1.30525e+06  37575682457006.3
1.30525e+06  46317361253252.8
1.30525e+06  48931764227493.5
1.3168e+06  20435108481052.2
1.3168e+06  21570095644972.5
1.3168e+06  23390622888017.6
1.3168e+06  37856796524821.4
1.3168e+06  46317361263183
1.3168e+06  48989847396791.6
1.32835e+06  20460365870621.8
1.32835e+06  21570095644885.8
1.32835e+06  23565618998551.7
1.32835e+06  38138847199519.8
1.32835e+06  46317361273314.9
1.32835e+06  49048888559100.2
1.3399e+06  20484774151273.3
1.3399e+06  21570095645682.2
1.3399e+06  23739725318129.6
1.3399e+06  38421794919373.4
1.3399e+06  46317361283532.1
1.3399e+06  49108899903119.3
1.35145e+06  20508370163543.7
1.35145e+06  21570095646479.8
1.35145e+06  23912928857254.9
1.35145e+06  38705602098564
1.35145e+06  46317361293789.1
1.35145e+06  49169893645604.9
1.36301e+06  20531188890531.2
1.36301e+06  21570095647278.3
1.36301e+06  24085216616242
1.36301e+06  38990233021983.3
1.36301e+06  46317361304244.6
1.36301e+06  49231882023148.9
1.37456e+06  20553263557054.4
1.37456e+06  21570095647757.9
1.37456e+06  24256575594663.5
1.37456e+06  39275653750318.8
1.37456e+06  46317361314959.8
1.37456e+06  49294877282924.9
1.38611e+06  20574625722708.4
1.38611e+06  21570095648877.5
1.38611e+06  24426992800582.6
1.38611e+06  39561832019063.3
1.38611e+06  46317361325453.8
1.38611e+06  49358891672289.3
1.39766e+06  20595305374002.3
1.39766e+06  21570095649677.8
1.39766e+06  24596455260963.1
1.39766e+06  39848737157640
1.39766e+06  46317361335954.5
1.39766e+06  49423937429706.4
1.40921e+06  20615331005053.3
1.40921e+06  21570095649601.7
1.40921e+06  24764950031324.4
1.40921e+06  40136339996473.2
1.40921e+06  46317361346845.6
1.40921e+06  49490026773351.2
1.42076e+06  20634729700291.8
1.42076e+06  21570095649836.2
1.42076e+06  24932464206993.5
1.42076e+06  40424612772418.9
1.42076e+06  46317361357565.8
1.42076e+06  49557171891376.8
1.43231e+06  20653527209943.4
1.43231e+06  21570095650637.5
1.43231e+06  25098984933544.8
1.43231e+06  40713529153358.5
1.43231e+06  46317361368363.4
1.43231e+06  49625384929299.7
1.44386e+06  20671748023602.1
1.44386e+06  21570095652005.7
1.44386e+06  25264499418848.3
1.44386e+06  41003063938928.7
1.44386e+06  46317361379351.4
1.44386e+06  49694677980188.9
1.45541e+06  20689415436708.8
1.45541e+06  21570095652560.6
1.45541e+06  25428994944068.8
1.45541e+06  41293193243930
1.45541e+06  46317361390488.1
1.45541e+06  49765063071462.5
1.46696e+06  20706551617170.6
1.46696e+06  21570095653042.8
1.46696e+06  25592458876222.4
1.46696e+06  41583894291126.6
1.46696e+06  46317361401635.9
1.46696e+06  49836552153578.9
1.47851e+06  20723177661289.5
1.47851e+06  21570095654091.7
1.47851e+06  25754878680175.7
1.47851e+06  41875145383188.1
1.47851e+06  46317361413104.3
1.47851e+06  49909157086781
1.49007e+06  20739313660087.6
1.49007e+06  21570095654893.9
1.49007e+06  25916241931584.6
1.49007e+06  42166925846249.6
1.49007e+06  46317361424460.2
1.49007e+06  49982889629656.4
1.50162e+06  20754978744972.6
1.50162e+06  21570095655696.2
1.50162e+06  26076536329347.6