0  215132085897.647
0  283142891782.802
0  21570445612699
0  23758305318198
0  46317495919988.5
0  46317502412586
11550.9  430259605602.095
11550.9  566261722185.465
11550.9  21570445612691.8
11550.9  23759384988516.8
11550.9  46317420774775.8
11550.9  46317904601645.4
23101.8  645378501745.338
23101.8  849328850092.357
23101.8  21570445612679.6
23101.8  23761186384128.8
23101.8  46317391883367.9
23101.8  46318705205597.2
34652.7  860484451530.698
34652.7  1132318339972.34
34652.7  21570445612662.5
34652.7  23763712409158.9
34652.7  46317379332635.6
34652.7  46319810938660.3
46203.6  1075573180968.48
46203.6  1415204235532.54
46203.6  21570445612640.6
46203.6  23766967146088.6
46203.6  46317372976634.6
46203.6  46321214150025.7
57754.5  1290640290562.1
57754.5  1697960390408.71
57754.5  21570445613175.6
57754.5  23770955893595.5
57754.5  46317369362659.5
57754.5  46322930459610.8
69305.4  1505681441591.68
69305.4  1980559750441.65
69305.4  21570445613144
69305.4  23775685135436.6
69305.4  46317367125660.1
69305.4  46324949771117.1
80856.3  1720692292514.78
80856.3  2262975581438.11
80856.3  21570445613107.5
80856.3  23781162569207.9
80856.3  46317365650003.2
80856.3  46327275023509.6
92407.1  1935668486742.3
92407.1  2545180156677.49
92407.1  21570445613066
92407.1  23787397163990.9
92407.1  46317364627534.2
92407.1  46329919217400.8
103958  2150605669241.36
103958  2827145806081.22
103958  21570445613019.7
103958  23794399165388.1
103958  46317363890436.8
103958  46332872288917.4
115509  2365499420720.73
115509  3108843788977.56
115509  21570445612648.8
115509  23802180125182
115509  46317363342547.8
115509  46336139599921.2
127060  2580345408840.53
127060  3390244892990.08
127060  21570445612839.5
127060  23810752932958.3
127060  46317362924340.9
127060  46339720718551.7
138611  2795139169064.62
138611  3671319214440.88
138611  21570445612778.5
138611  23820131869765.5
138611  46317362597852.5
138611  46343618075566.3
150162  3009876289706.6
150162  3952036042547.82
150162  21570445612712.6
150162  23830332653499.6
150162  46317362338717.9
150162  46347830339444.1
161713  3224552318735.3
161713  4232363566598.38
161713  21570445612641.8
161713  23841372466202.2
161713  46317362129765
161713  46352360193774.4
173263  3439162805384.53
173263  4512269370013.66
173263  21570445612566.1
173263  23853270034157.7
173263  46317361958209.8
173263  46357207726233.4
184814  3653703241319.2
184814  4791719809833.39
184814  21570445612485.4
184814  23866045651579.2
184814  46317361816511.6
184814  46362375144522.7
196365  3868169118055.2
196365  5070680111692.83
196365  21570445612961.5
196365  23879721300449
196365  46317361697823.2
196365  46367862703499.5
207916  4082555895334.05
207916  5349114301586.59
207916  21570445613117.7
207916  23894320636213.8
207916  46317361597771.7
207916  46373672078508.5
219467  4296859025298.91
219467  5626985095383.8
219467  21570445613022.2
219467  23909869132199
219467  46317361512564.7
219467  46379804802776
231018  4511073897844.69
231018  5904253639351.2
231018  21570445612921.7
231018  23926394122966.3
231018  46317361439338.8
231018  46386262287402.4
242569  4725195908700.83
242569  6180879894902.8
242569  21570445612569.4
242569  23943924890601.2
242569  46317361376374.7
242569  46393046659905.4
254120  4939220394136.41
254120  6456821882207.76
254120  21570445612705.7
254120  23962492751657.9
254120  46317361321359.8
254120  46400158006935.1
265671  5153142673228.48
265671  6732036088851.55
265671  21570445612590.2
265671  23982131169087.4
265671  46317361273850.1
265671  46407599603569.4
277221  5366958027632.45
277221  7006476971120.96
277221  21570445613031.4
277221  24002875799924.7
277221  46317361231824.6
277221  46415372427105.8
288772  5580661717680.68
288772  7280097110576.5
288772  21570445612905.8
288772  24024764659821.9
288772  46317361195205.5
288772  46423479032030.8
300323  5794248939639.29
300323  7552847036109.35
300323  21570445613021.9
300323  24047838185195.5
300323  46317361162811.7
300323  46431920385232.3
311874  6007714868312.76
311874  7824675001474.8
311874  21570445612886.2
311874  24072139372653.9
311874  46317361134280.1
311874  46440699114767.6
323425  6221054632090.37
323425  8095526943620.61
323425  21570445613065.1
323425  24097713882220.1
323425  46317361108826.8
323425  46449817585211.1
334976  6434263335649.56
334976  8365346165188.42
334976  21570445613727.7
334976  24124610154581.8
334976  46317361086071.5
334976  46459277733204.6
346527  6647336009990.22
346527  8634073585442.19
346527  21570445613576.5
346527  24152879554497.1
346527  46317361065754.7
346527  46469082107737.1
358078  6860267664745.49
358078  8901647146455.65
358078  21570445613420.3
358078  24182576472459.8
358078  46317361048093.2
358078  46479232544420.4
369629  7073053247925.25
369629  9168002065452.79
369629  21570445613185.8
369629  24213758476492.9
369629  46317361032002.4
369629  46489732052740.7
381179  7285687681057.78
381179  9433070307024.27
381179  21570445613580.9
381179  24246486409768.9
381179  46317361017772.8
381179  46500583165439.8
392730  7498165808056.24
392730  9696780834981.48
392730  21570445613409
392730  24280824571583.3
392730  46317361004855.3
392730  46511788112005
404281  7710482434289.58
404281  9959059283991.53
404281  21570445613478.6
404281  24316840774193.9
404281  46317360993529.4
404281  46523350100389.3
415832  7922632327478.36
415832  10219827695275.6
415832  21570445613049.3
415832  24354606519456.5
415832  46317360983403.7
415832  46535271706827.6
427383  8134610170077.92
427383  10479004744085.1
427383  21570445613423.2
427383  24394197088788.8
427383  46317360974495.1
427383  46547556142601.5
438934  8346410608588.51
438934  10736505219092.2
438934  21570445612914.9
438934  24435691645796.2
438934  46317360966499.8
438934  46560205932653.5
450485  8558028224138.63
450485  10992240224130
450485  21570445612716.3
450485  24479173333659.7
450485  46317360959314.2
450485  46573224638591.1
462036  8769457544838.81
462036  11246117094167.9
462036  21570445612758.9
462036  24524729346652.6
462036  46317360953097.9
462036  46586615397765.8
473587  8980693032333.32
473587  11498039102621
473587  21570445613111.1
473587  24572450979471.4
473587  46317360948065.1
473587  46600381385887.1
485138  9191729076849.77
485138  11747905576719.2
485138  21570445613142.7
485138  24622433664555
485138  46317360943104.4
485138  46614526185317.5
496688  9402560010906.38
496688  11995611960975.4
496688  21570445612921.9
496688  24674776954061.5
496688  46317360938927.4
496688  46629053051471.1
508239  9613180111417.6
508239  12241049741242.8
508239  21570445613184.3
508239  24729584483658.4
508239  46317360935459.5
508239  46643965792246.4
519790  9823583562479.14
519790  12484106509126
519790  21570445612952.1
519790  24786963895685.7
519790  46317360932573.5
519790  46659267906921.1
531341  10033764501568
531341  12724666208705.3
531341  21570445613280.7
531341  24847026694701
531341  46317360930187
531341  46674963604180.4
542892  10243716974561.4
542892  12962609234910
542892  21570445613351.9
542892  24909888061701.1
542892  46317360928272.4
542892  46691056403389.5
554443  10453434961129.4
554443  13197812653926.2
554443  21570445613349
554443  24975666596944.3
554443  46317360926692.1
554443  46707550492549.7
565994  10662912373191.3
565994  13430150633642.6
565994  21570445613093.3
565994  25044483996649.1
565994  46317360925744.7
565994  46724449962896.4
577545  10872143033723.4
577545  13659494760378.2
577545  21570445613640.1
577545  25116464644819.3
577545  46317360925524.6
577545  46741758963879.1
589096  11081120686895.5
589096  13885714436095
589096  21570445613372.2
589096  25191735131871.3
589096  46317360925182.6
589096  46759482123708.8
600646  11289839002046.2
600646  14108677743315.5
600646  21570445613344.8
600646  25270423678827.5
600646  46317360925072.3
600646  46777623497485.5
612197  11498291560071.9
612197  14328251773134.8
612197  21570445613626
612197  25352659461525.5
612197  46317360925515
612197  46796187892837.1
623748  11706471853069.4
623748  14544303578435.6
623748  21570445613266
623748  25438571864781
623748  46317360926603.4
623748  46815179953128.8
635299  11914373306834.9
635299  14756700952854.7
635299  21570445613781
635299  25528289610219.6
635299  46317360927359.7
635299  46834604465403.9
646850  12121989226368.9
646850  14965313397579.5
646850  21570445613233.8
646850  25621939838234.2
646850  46317360928852.2
646850  46854466318156.7
658401  12329312862961.7
658401  15170013155154.6
658401  21570445613173.4
658401  25719647053606.1
658401  46317360930402.2
658401  46874770396776.1
669952  12536337339343.5
669952  15370676157955.5
669952  21570445613420.9
669952  25821532064632.7
669952  46317360932320.6
669952  46895522114531.1
681503  12743055704675.7
681503  15567183475321.1
681503  21570445613666
681503  25927710794606.2
681503  46317360934536.1
681503  46916726408822.6
693054  12949460915046.6
693054  15759422215416.5
693054  21570445614145.8
693054  26038293133759.9
693054  46317360936631.5
693054  46938388921976.2
704605  13155545821540.1
704605  15947286796716.9
704605  21570445613809.3
704605  26153381701037.6
704605  46317360939349.3
704605  46960515066291.5
716155  13361303181042.8
716155  16130680273078.2
716155  21570445613953.9
716155  26273070660030.7
716155  46317360942359.9
716155  46983110342750.4
727706  13566725636752
727706  16309515348948.5
727706  21570445613848.4
727706  26397444563754.3
727706  46317360945266.4
727706  47006180625096.2
739257  13771805742251.8
739257  16483715403960.1
739257  21570445612679
739257  26526577263072
739257  46317360948272.3
739257  47029731768783.3
750808  13976535937642.7
750808  16653215777570
750808  21570445613118.4
750808  26660530917166.3
750808  46317360951728.8
750808  47053769763078.1
762359  14180908576238.2
762359  16817964341995.2
762359  21570445612986.9
762359  26799355110892.7
762359  46317360955375.3
762359  47078300732286.6
773910  14384915877334.7
773910  16977922248451.5
773910  21570445613161.2
773910  26943086176066.6
773910  46317360959279.4
773910  47103330931762.6
785461  14588549964399.6
785461  17133064651152.4
785461  21570445613010.7
785461  27091746604722.4
785461  46317360963326.2
785461  47128866750590.8
797012  14791802857550.2
797012  17283380844616.7
797012  21570445613411.9
797012  27245344753401.5
797012  46317360967281.4
797012  47154914711166.8
808563  14994666440931.1
808563  17428874539696.9
808563  21570445613240.5
808563  27403874664595.9
808563  46317360971741
808563  47181481472931.4
820113  15197132504626.8
820113  17569563714860.2
820113  21570445613126.2
820113  27567316153608
820113  46317360976264.9
820113  47208573762564.8
831664  15399192720951.9
831664  17705480340423.1
831664  21570445612931.6
831664  27735635091960.7
831664  46317360980780.6
831664  47236198548311.9
843215  15600838635886.5
843215  17836669886536.1
843215  21570445613286.4
843215  27908783859980.7
843215  46317360985532.1
843215  47264362930387.7
854766  15802061680881.9
854766  17963190831987.3
854766  21570445613065.9
854766  28086702029138.5
854766  46317360990496.9
854766  47293074076600.4
866317  16002853185533.8
866317  18085113612217.1
866317  21570445613392.8
866317  28269317157592.4
866317  46317360995564.4
866317  47322339281345.7
877868  16203204329253.4
877868  18202519788023.8
877868  21570445613137.8
877868  28456545760361.1
877868  46317361000971.7
877868  47352166075710.4
889419  16403106179945.4
889419  18315500921653.8
889419  21570445612623.9
889419  28648294332289.2
889419  46317361006118.7
889419  47382562079929.2
900970  16602549691500.8
900970  18424157479934.3
900970  21570445612900.8
900970  28844460561768.9
900970  46317361011937.5
900970  47413535013624.6
912521  16801525691101.5
912521  18528597804676.9
912521  21570445612915.8
912521  29044934410692.4
912521  46317361017373.8
912521  47445092766947.2
924071  17000024878925.7
924071  18628936570589.8
924071  21570445613151.3
924071  29249599405542.5
924071  46317361023213.3
924071  47477243404919.2
935622  17198037828227.3
935622  18725293790666.7
935622  21570445612800.9
935622  29458333787716.3
935622  46317361029285.5
935622  47509995173883.1
947173  17395554985361.4
947173  18817793754414.4
947173  21570445612104.2
947173  29671011701864.1
947173  46317361035334.4
947173  47543356266028
958724  17592566669413.9
958724  18906563717428.5
958724  21570445611765.9
958724  29887504256801.1
958724  46317361041476.6
958724  47577335260921.8
970275  17789063071706.3
970275  18991732803017.9
970275  21570445611325.7
970275  30107680628694.4
970275  46317361047683.9
970275  47611940764581.8
981826  17985034253977.3
981826  19073431442717.5
981826  21570445611409.3
981826  30331409040545.1
981826  46317361053957.7
981826  47647181476985.2
993377  18180470163842.5
993377  19151789871092.8
993377  21570445610887.1
993377  30558557564586.5
993377  46317361060854.3
993377  47683066377940.3
1.00493e+06  18375360636158.3
1.00493e+06  19226938033796.4
1.00493e+06  21570445610876
1.00493e+06  30788994979110.9
1.00493e+06  46317361067379.8
1.00493e+06  47719604452895.6
1.01648e+06  18569695309203
1.01648e+06  19299004244843.7
1.01648e+06  21570445610558.4
1.01648e+06  31022591422236.7
1.01648e+06  46317361073991.4
1.01648e+06  47756804915414.6
1.02803e+06  18763463694021.7
1.02803e+06  19368114844524
1.02803e+06  21570445609855
1.02803e+06  31259219044874.4
1.02803e+06  46317361081036.6
1.02803e+06  47794677113536.2
1.03958e+06  18956655376207.7
1.03958e+06  19434394050311.7
1.03958e+06  21570445609628.4
1.03958e+06  31498752480083.7
1.03958e+06  46317361087908.7
1.03958e+06  47833230507869.7
1.05113e+06  19149259544426.9
1.05113e+06  19497962965809.3
1.05113e+06  21570445609297.9
1.05113e+06  31741069282744.8
1.05113e+06  46317361095180.4
1.05113e+06  47872474749402.8
1.06268e+06  19341265422253.7
1.06268e+06  19558939276252.7
1.06268e+06  21570445607956.4
1.06268e+06  31986050260224.6
1.06268e+06  46317361102371.6
1.06268e+06  47912419529086.8
1.07423e+06  19532662271155.8
1.07423e+06  19617437353532.4
1.07423e+06  21570445607086.5
1.07423e+06  32233579778732.4
1.07423e+06  46317361109793.9
1.07423e+06  47953074794715.8
1.08578e+06  19673569083332.7
1.08578e+06  19723437213438.2
1.08578e+06  21570445606571.5
1.08578e+06  32483545965567.1
1.08578e+06  46317361117171.3
1.08578e+06  47994450573116.9
1.09733e+06  19727438748674
1.09733e+06  19913582138782.7
1.09733e+06  21570445604892.6
1.09733e+06  32735840820417.8
1.09733e+06  46317361124772
1.09733e+06  48036557026047.5
1.10889e+06  19779150973632
1.10889e+06  20103083899332.3
1.10889e+06  21570445603387.9
1.10889e+06  32990360379156
1.10889e+06  46317361132528.6
1.10889e+06  48079404460777.1
1.12044e+06  19828804046059.8
1.12044e+06  20291931314440.4
1.12044e+06  21570445600445.7
1.12044e+06  33247004707267.2
1.12044e+06  46317361140090.7
1.12044e+06  48123003343748.9
1.13199e+06  19876492705947
1.13199e+06  20480112786719.9
1.13199e+06  21570445596739.3
1.13199e+06  33505677886691.8
1.13199e+06  46317361148267.4
1.13199e+06  48167364182721.5
1.14354e+06  19922307856645.4
1.14354e+06  20667616746291.8
1.14354e+06  21570445592491.5
1.14354e+06  33766288121806.3
1.14354e+06  46317361156243.3
1.14354e+06  48212497754049.1
1.15509e+06  19966336093071.1
1.15509e+06  20854431415550.7
1.15509e+06  21570445585848.9
1.15509e+06  34028747551297.7
1.15509e+06  46317361164065
1.15509e+06  48258414800883.2
1.16664e+06  20008660346083.2
1.16664e+06  21040544851052.4
1.16664e+06  21570445574629.8
1.16664e+06  34292972260902.6
1.16664e+06  46317361172516.5
1.16664e+06  48305126311650.4
1.17819e+06  20049359682023.1
1.17819e+06  21225945024273.5
1.17819e+06  21570445549201.5
1.17819e+06  34558882109237.6
1.17819e+06  46317361180758.1
1.17819e+06  48352643340973.8
1.18974e+06  20088509465950.7
1.18974e+06  21410619689559.8
1.18974e+06  21570445468232.6
1.18974e+06  34826400756231.3
1.18974e+06  46317361189179.7
1.18974e+06  48400977078869.8
1.20129e+06  20126181479517.2
1.20129e+06  21570446609537.5
1.20129e+06  21594558415385.9
1.20129e+06  35095455427702.4
1.20129e+06  46317361197710.5
1.20129e+06  48450138763403.1
1.21284e+06  20162444044363.8
1.21284e+06  21570445737594.5
1.21284e+06  21777745237107.1
1.21284e+06  35365976832753.7
1.21284e+06  46317361206154.8
1.21284e+06  48500139834505.8
1.22439e+06  20197362129521.4
1.22439e+06  21570445682813.6
1.22439e+06  21960170480684.7
1.22439e+06  35637899033437.2
1.22439e+06  46317361215245.2
1.22439e+06  48550991789206.6
1.23595e+06  20230997541802.6
1.23595e+06  21570445662848.7
1.23595e+06  22141821174689.3
1.23595e+06  35911159345375.1
1.23595e+06  46317361223703.2
1.23595e+06  48602706165185.9
1.2475e+06  20263408948232.8
1.2475e+06  21570445653315
1.2475e+06  22322684681180.5
1.2475e+06  36185698151551
1.2475e+06  46317361232600.5
1.2475e+06  48655294705365.1
1.25905e+06  20294652154810.2
1.25905e+06  21570445647426.2
1.25905e+06  22502748364874.7
1.25905e+06  36461458809142.5
1.25905e+06  46317361241691.5
1.25905e+06  48708769158972.3
1.2706e+06  20324780133812.2
1.2706e+06  21570445642683.7
1.2706e+06  22681999495851.8
1.2706e+06  36738387428237.8
1.2706e+06  46317361250686.1
1.2706e+06  48763141382034.7
1.28215e+06  20353843193681.1
1.28215e+06  21570445639422
1.28215e+06  22860425384134.6
1.28215e+06  37016432905840.8
1.28215e+06  46317361259915.3
1.28215e+06  48818423297639.3
1.2937e+06  20381889090185
1.2937e+06  21570445637463.9
1.2937e+06  23038013151412.1
1.2937e+06  37295546630124.2
1.2937e+06  46317361269098.6
1.2937e+06  48874626884600.1
1.30525e+06  20408963175008.6
1.30525e+06  21570445635999.3
1.30525e+06  23214749968932.8
1.30525e+06  37575682421299.9
1.30525e+06  46317361278657
1.30525e+06  48931764207330.3
1.3168e+06  20435108454847
1.3168e+06  21570445635200.7
1.3168e+06  23390622894709
1.3168e+06  37856796483270
1.3168e+06  46317361287970.1
1.3168e+06  48989847379788.1
1.32835e+06  20460365838634
1.32835e+06  21570445633452.2
1.32835e+06  23565619003655.9
1.32835e+06  38138847158422.1
1.32835e+06  46317361297482.3
1.32835e+06  49048888545516.3
1.3399e+06  20484774108684.4
1.3399e+06  21570445632773.8
1.3399e+06  23739725323533.4
1.3399e+06  38421794865852
1.3399e+06  46317361307075.4
1.3399e+06  49108899890604.8
1.35145e+06  20508370128925.6
1.35145e+06  21570445632239.8
1.35145e+06  23912928859262.5
1.35145e+06  38705602056495.1
1.35145e+06  46317361316701.7
1.35145e+06  49169893632766.5
1.36301e+06  20531188846014.7
1.36301e+06  21570445631818.4
1.36301e+06  24085216619265.8
1.36301e+06  38990232944990.4
1.36301e+06  46317361326517.6
1.36301e+06  49231882009577.6
1.37456e+06  20553263507846.4
1.37456e+06  21570445631166.8
1.37456e+06  24256575595768.2
1.37456e+06  39275653667307.4
1.37456e+06  46317361336581.5
1.37456e+06  49294877269147.2
1.38611e+06  20574625684257.1
1.38611e+06  21570445631226.9
1.38611e+06  24426992800656.4
1.38611e+06  39561831903936.9
1.38611e+06  46317361346409.7
1.38611e+06  49358891659727.3
1.39766e+06  20595305323116.8
1.39766e+06  21570445631025.9
1.39766e+06  24596455261208.7
1.39766e+06  39848736965910.2
1.39766e+06  46317361356226.3
1.39766e+06  49423937421752.3
1.40921e+06  20615330955755.7
1.40921e+06  21570445629995.9
1.40921e+06  24764950031393.1
1.40921e+06  40136339678040.6
1.40921e+06  46317361366410.9
1.40921e+06  49490026769820.1
1.42076e+06  20634729643647.2
1.42076e+06  21570445629316.3
1.42076e+06  24932464206914.2
1.42076e+06  40424610773918
1.42076e+06  46317361376397.3
1.42076e+06  49557171875151.3
1.43231e+06  20653527198292.2
1.43231e+06  21570445629236.8
1.43231e+06  25098984933463.8
1.43231e+06  40713529262305.8
1.43231e+06  46317361386427.8
1.43231e+06  49625384916653.4
1.44386e+06  20671747962364.2
1.44386e+06  21570445629752
1.44386e+06  25264499418843.5
1.44386e+06  41003064046149.8
1.44386e+06  46317361396608.5
1.44386e+06  49694677963903.3
1.45541e+06  20689415401733.9
1.45541e+06  21570445629477.3
1.45541e+06  25428994944014.8
1.45541e+06  41293193398312.1
1.45541e+06  46317361406888.7
1.45541e+06  49765063063723.1
1.46696e+06  20706551593173.4
1.46696e+06  21570445629149.5
1.46696e+06  25592458875689.5
1.46696e+06  41583894374066.3
1.46696e+06  46317361417120.2
1.46696e+06  49836552146956.8
1.47851e+06  20723177600702.3
1.47851e+06  21570445629405.4
1.47851e+06  25754878678663.2
1.47851e+06  41875145467902.3
1.47851e+06  46317361427598.8
1.47851e+06  49909157071567.4
1.49007e+06  20739313596429
1.49007e+06  21570445629428.8
1.49007e+06  25916241929253.2
1.49007e+06  42166925890378.1
1.49007e+06  46317361437873.8
1.49007e+06  49982889617576.4
1.50162e+06  20754978734190.3
1.50162e+06  21570445629464.5
1.50162e+06  26076536328670.9
1.50162e+06  42459216049191.9
1.50162e+06  46317361448320
1.51317e+06  20770191076747.8
1.51317e+06  21570445629510.5
1.51317e+06  26235749706360.7
1.51317e+06  42751996969765.3
1.51317e+06  46317361458498.5
1.52472e+06  20784968213313.2
1.52472e+06  21570445629003.4
1.52472e+06  26393870054431
1.52472e+06  43045250981068.9
