0  139939821820.169
0  140336125653.363
0  23600087718846.2
0  23738548306839.2
0  24016267609995.1
9068.2  279838515455.078
9068.2  286760519919.576
9068.2  23600087718472.4
9068.2  23738562347032.9
9068.2  24016274914009.8
18136.4  419724009963.741
18136.4  431049591463.215
18136.4  23600087717849.4
18136.4  23738585753923.8
18136.4  24016287084582.8
27204.6  559603375491.807
27204.6  575191344625.091
27204.6  23600087716977.2
27204.6  23738618537373.5
27204.6  24016304117540.4
36272.8  699479117416.245
36272.8  718822958048.655
36272.8  23600087715855.8
36272.8  23738660711206
36272.8  24016326007046.5
45341  839352281090.656
45341  862594058296.64
45341  23600087714485.1
45341  23738712293227
45341  24016352745397.4
54409.2  979223325491.34
54409.2  1006484896624.1
54409.2  23600087712865
54409.2  23738773305247.1
54409.2  24016384324000.9
63477.4  1119092436210.37
63477.4  1150431084614.01
63477.4  23600087710995.6
63477.4  23738843773110.6
63477.4  24016420731418.1
72545.6  1258959656942.63
72545.6  1294205910348.68
72545.6  23600087708739.8
72545.6  23738923726864.3
72545.6  24016461955797.1
81613.8  1398824951392.43
81613.8  1437947673189.03
81613.8  23600087706371.4
81613.8  23739013200263.8
81613.8  24016507982834.8
90682  1538688235031.91
90682  1581774364689.45
90682  23600087703753.4
90682  23739112231619
90682  24016558797204.8
99750.2  1678549392514.5
99750.2  1725653645809.42
99750.2  23600087701349.4
99750.2  23739220862861.7
99750.2  24016614381368.8
108818  1818408287740.77
108818  1869468749933.23
108818  23600087698368.9
108818  23739339141407.6
108818  24016674716805.7
117887  1958264769921.71
117887  2013203929020.58
117887  23600087695001.6
117887  23739467118046
117887  24016739783199.5
126955  2098118677354.88
126955  2157001349867.04
126955  23600087691384.4
126955  23739604848015
126955  24016809559138.2
136023  2237969839832.26
136023  2300842457450.49
136023  23600087687909.3
136023  23739752390777.4
136023  24016884020936.2
145091  2377818080202.34
145091  2444666231132.32
145091  23600087683791.7
145091  23739909811497.6
145091  24016963144230.1
154159  2517663215384.88
154159  2588394548235.39
154159  23600087679887.2
154159  23740076848374.8
154159  24017046902703
163228  2657505057034.42
163228  2732171014706.02
163228  23600087675268.8
163228  23740253501783.6
163228  24017135268854.9
172296  2797343411954.28
172296  2875983678083.25
172296  23600087670007.5
172296  23740440249460.4
172296  24017228214046.5
181364  2937178082344.74
181364  3019799806158.08
181364  23600087665142.8
181364  23740637179832
181364  24017325708183.5
190432  3077008865934.65
190432  3163518609488.6
190432  23600087660235.2
190432  23740844388241.1
190432  24017427719352.3
199500  3216835556020.23
199500  3307276009427.94
199500  23600087654750
199500  23741061975751.8
199500  24017541327448.5
208569  3356657941437.82
208569  3451063669996.24
208569  23600087649268.5
208569  23741290048128.4
208569  24017675393638.1
217637  3496475806490.64
217637  3594860993428.05
217637  23600087643606.7
217637  23741528717828
217637  24017814745853.5
226705  3636288930832.91
226705  3738567231474.95
226705  23600087636837.8
226705  23741778104157.3
226705  24017959335379.5
235773  3776097089316.59
235773  3882305097355.77
235773  23600087629745.7
235773  23742038331076.4
235773  24018109110694.6
244841  3915900051816.74
244841  4026068436742
244841  23600087623582.9
244841  23742309528605.1
244841  24019335696214.7
244841  24020119778191.8
253910  4055697583038.41
253910  4169837924366
253910  23600087616449.4
253910  23742591836560.2
253910  24018781074736.6
253910  24020276239600.4
262978  4195489442283.51
262978  4313528412333.01
262978  23600087609199.8
262978  23742885399036.8
262978  24018379764530.8
262978  24020451023515.6
272046  4335275383215.89
272046  4457245139845.56
272046  23600087602023.5
272046  23743190367976.3
272046  24018076372301.6
272046  24020647191477.8
281114  4475055153602.22
281114  4600983363680.69
281114  23600087594130.9
281114  23743506903729.8
281114  24017839297532.6
281114  24020868544089.6
290182  4614840378372.14
290182  4744716925393.75
290182  23600087586839.5
290182  23743835172323
290182  24017649195480.1
290182  24021119860504
299251  4754622489003.97
299251  4888388348362.49
299251  23600087578302.8
299251  23744175350885.7
299251  24017493564142.4
299251  24021407231237.4
308319  4894397338435.72
308319  5032081641428.31
308319  23600087569785.3
308319  23744527621837.9
308319  24017363965891.9
308319  24021738539922.6
317387  5034164691573.74
317387  5175793022330.05
317387  23600087561339.4
317387  23744892177433.5
317387  24017254497650.5
317387  24022124176319.3
326455  5173924302334.96
326455  5319482946758.5
326455  23600087552175.9
326455  23745266010546.2
326455  24017160910543.9
326455  24022578113610.4
335523  5313675913729.65
335523  5463131812370.58
335523  23600087543083.3
335523  23745651243548.4
335523  24017080065639.2
335523  24023119598140.8
344592  5453419257876.49
344592  5606798858029.05
344592  23600087533409.1
344592  23746049419140.7
344592  24017009596313.1
344592  24023775894126.9
353660  5593154055928.15
353660  5750480981554.5
353660  23600087524469.9
353660  23746460781812
353660  24016947683604.2
353660  24024586941116.7
362728  5732880017955.35
362728  5894119623674.39
362728  23600087514283.5
362728  23746885590839.8
362728  24016892907525.3
362728  24025183908923.3
371796  5872596842736.82
371796  6037742203304.06
371796  23600087504302.9
371796  23747324114292.4
371796  24016844141928
371796  24025532693128.7
380864  6012304217529.88
380864  6181379732824.37
380864  23600087493466.2
380864  23747776635375.5
380864  24016800484603.8
380864  24025916772939.2
389933  6152001817754.91
389933  6325029605039.45
389933  23600087483498.9
389933  23748243447878.3
389933  24016761202640.2
389933  24026341427613.6
399001  6291689306668.14
399001  6468609192375.3
399001  23600087471891.9
399001  23748724863667.8
399001  24016725697150
399001  24026813060254.3
408069  6431366334939.84
408069  6612201451040.04
408069  23600087460809.2
408069  23749221204682.8
408069  24016693470182.2
408069  24027339511888.5
417137  6571032540200.67
417137  6755805744647.26
417137  23600087449793.1
417137  23749732810790.5
417137  24016664107020.3
417137  24027930488053.9
426205  6710687546605.01
426205  6899386229692.6
426205  23600087437546.2
426205  23750254874748.6
426205  24016637259670.7
426205  24028598148753
435274  6850330964209.05
435274  7042932278839.82
435274  23600087426147.3
435274  23750787549157.3
435274  24016612633098.5
435274  24029357936076.7
444342  6989964127056.96
444342  7186489830742.58
444342  23600087413960.2
444342  23751336632892.7
444342  24016589975974.8
444342  24030120085276.8
453410  7129600452039.38
453410  7330056689084.35
453410  23600087401323.2
453410  23751902559596.9
453410  24016569073047.1
453410  24030626367580
462478  7269223983985.25
462478  7473558372381.66
462478  23600087389140.9
462478  23752485784100.6
462478  24016549738300.6
462478  24031178118471.9
471546  7408834294185.83
471546  7617067732049.46
471546  23600087375914.8
471546  23753086786568.1
471546  24016531810735.8
471546  24031781413363.6
480615  7548430936095.21
480615  7760585724763.02
480615  23600087362609.4
480615  23753706069100
480615  24016515149644.3
480615  24032443471519.8
489683  7688013444579.29
489683  7904065677820.74
489683  23600087349775.2
489683  23754344159970.3
489683  24016499633633.4
489683  24033172942908.3
498751  7827581335096.08
498751  8047525078705.29
498751  23600087335759.1
498751  23755001571361.1
498751  24016485154901.9
498751  24033980276588.8
507819  7967134102778.75
507819  8190992258733.82
507819  23600087321200.2
507819  23755660140931.4
507819  24016471618162.8
507819  24034878216070
516887  8106671221473.56
516887  8334439742135.44
516887  23600087307181.3
516887  23756339245278.1
516887  24016458939723.9
516887  24035562870495.7
525956  8246192142706.07
525956  8477847071737.76
525956  23600087292760
525956  23757039568478.7
525956  24016447045336.2
525956  24036257259324.7
535024  8385696294540.44
535024  8621261151173.13
535024  23600087277935.6
535024  23757761831721.5
535024  24016435868444
535024  24037010376260.7
544092  8525183080369.21
544092  8764665534794
544092  23600087263045.4
544092  23758506796441.8
544092  24016425349165
544092  24037829677015.7
553160  8664664962530.49
553160  8908018302262.6
553160  23600087247821.6
553160  23759275268025.8
553160  24016415435225.6
553160  24038723949389.8
562228  8804135413491.28
562228  9051376615671.5
562228  23600087232192.4
562228  23760065601174.7
562228  24016406078438.8
562228  24039703623773.1
571297  8943586819408.87
571297  9194727274230.03
571297  23600087216956
571297  23760854107653.8
571297  24016397236000.2
571297  24040562403693.6
580365  9083018497164.34
580365  9338022573641.71
580365  23600087200786.2
580365  23761668684499.6
580365  24016388869352.2
580365  24041400062979.7
589433  9222429732089.54
589433  9481322037189.36
589433  23600087185007.1
589433  23762510388641.1
589433  24016380942660.3
589433  24042303618672
598501  9361819776227.6
598501  9624608251496.01
598501  23600087167507.8
598501  23763380347080.2
598501  24016373424755.8
598501  24043280873539.1
607569  9501187846373.99
607569  9767842719271.1
607569  23600087150520.6
607569  23764279754555.6
607569  24016366285455
607569  24044340926419.4
616638  9640533122056.91
616638  9911079783990.86
616638  23600087133531.1
616638  23765200336603.2
616638  24016359499194.4
616638  24045384386671.6
625706  9779859586226.65
625706  10054290644606.1
625706  23600087116383.8
625706  23766119423535
625706  24016353041809.8
625706  24046350216393.6
634774  9919179841781.74
634774  10197460409569.1
634774  23600087098842.3
634774  23767071672898.1
634774  24016346890547.5
634774  24047387337635.7
643842  10058475039613.6
643842  10340631007103
643842  23600087080887.3
643842  23768058692284.4
643842  24016341025422.8
643842  24048503690471.3
652910  10197744219345.3
652910  10483755317370.7
652910  23600087062907.1
652910  23769082204733.1
652910  24016335428597.2
652910  24049708455390
661979  10336986371849
661979  10626855941795.2
661979  23600087044529.5
661979  23770136145639.7
661979  24016330082232.2
661979  24050824931730.1
671047  10476200436118.4
671047  10769953768990.9
671047  23600087025988.4
671047  23771178579236.6
671047  24016324970123.1
671047  24051962839531.2
680115  10615385295902
680115  10912981596320.5
680115  23600087006587.7
680115  23772262690173.2
680115  24016320078554.6
680115  24053182103577.1
689183  10754553791685.6
689183  11056008006094.8
689183  23600086987091.9
689183  23773390848224.3
689183  24016315394152.2
689183  24054491558481.3
698251  10893703092365
698251  11198996743109.1
698251  23600086967582.9
698251  23774565619069.3
698251  24016310902757.2
698251  24055762408831.9
707320  11032820118967.8
707320  11341947018778.9
707320  23600086948041
707320  23775738800607.5
707320  24016306594934.9
707320  24057036870729.6
716388  11171903539244.1
716388  11484889719066.8
716388  23600086927686.9
716388  23776934526887.8
716388  24016302458608.3
716388  24058398835881.2
725456  11310951946673.6
725456  11627760651620.5
725456  23600086907315.3
725456  23778184487010.3
725456  24016298484612.8
725456  24059857474845.4
734524  11449964887900.2
734524  11770627044116.2
734524  23600086886770.6
734524  23779492330565.9
734524  24016294663525.2
734524  24061235252104.2
743592  11588967883930.2
743592  11913436600310.2
743592  23600086865816.5
743592  23780797225542.6
743592  24016290985527.2
743592  24062683376727.6
752661  11727931974564.9
752661  12056219438105.3
752661  23600086843838.6
752661  23782127177959.2
752661  24016287443440.2
752661  24064228895719.3
761729  11866855455359.6
761729  12198962021746.8
761729  23600086822684.1
761729  23783525620986.5
761729  24016284029358.6
761729  24065783054543.5
770797  12005736519769.9
770797  12341657542845
770797  23600086800961.3
770797  23784997925193.9
770797  24016280736846.9
770797  24067346036117.4
779865  12144584793428.4
779865  12484323487197
779865  23600086779210.7
779865  23786416228954.8
779865  24016277558086
779865  24069010347501.5
788933  12283407700927.9
788933  12626927679602.4
788933  23600086756500.3
788933  23787916425716
788933  24016274487394.4
788933  24070709934839.6
798002  12422183145477.3
798002  12769506929630.2
798002  23600086733758.3
798002  23789506041439.7
798002  24016271519235.3
798002  24072415453096
807070  12560908900679.4
807070  12912015493924.6
807070  23600086711287.2
807070  23791075111135.6
807070  24016268646789.4
807070  24074229036689.5
816138  12699593405723.4
816138  13054497584090.6
816138  23600086687475.8
816138  23792694766001.6
816138  24016265866380.9
816138  24076062254440.8
825206  12838248149916.2
825206  13196905891725.8
825206  23600086663543.3
825206  23794424729338.7
825206  24016263171361.9
825206  24077939344658.1
834274  12976846916077.8
834274  13339279920102.4
834274  23600086639570.5
834274  23796132827849.9
834274  24016260557553.4
834274  24079934057493.2
843343  13115386918612.9
843343  13481582966532.7
843343  23600086615401.4
843343  23797900072189.4
843343  24016258021006.5
843343  24081900934043.1
852411  13253893490173.6
852411  13623837564548.7
852411  23600086591509.5
852411  23799806877161.2
852411  24016255556566.8
852411  24083981856866
861479  13392346304697.5
861479  13766029916578.6
861479  23600086566589.4
861479  23801632018876.2
861479  24016253159990.3
861479  24086113532426.6
870547  13530732388455.1
870547  13908153213462.1
870547  23600086541465.6
870547  23803592380142.7
870547  24016250827782.2
870547  24088301925629.7
879615  13669071221249.4
879615  14050228949799.1
879615  23600086515444.1
879615  23805628845855.6
879615  24016248555901.2
879615  24090587233727.3
888684  13807355450023.3
888684  14192208530799.4
888684  23600086489741
888684  23807644301726
888684  24016246340478.2
888684  24092903334803.6
897752  13945563384682.2
897752  14334137850576.5
897752  23600086463908.3
897752  23809874350236.2
897752  24016244177688.2
897752  24095339689434.4
906820  14083721590840.3
906820  14475984031849.9
906820  23600086437473.4
906820  23811971128601.5
906820  24016242063682.4
906820  24097803767173.7
915888  14221809959667.4
915888  14617747024796.7
915888  23600086410451.6
915888  23814302282444.3
915888  24016239996797.7
915888  24100394713129.4
924956  14359814785313.6
924956  14759444298244.7
924956  23600086383682.8
924956  23816580486073.2
924956  24016237971261.4
924956  24103027885829
934025  14497770330014.4
934025  14901041559760.8
934025  23600086355775.6
934025  23819037429473.2
934025  24016235984726.2
934025  24105781706614.6
943093  14635629610169.2
943093  15042548118162.1
943093  23600086328248.9
943093  23821482012183.8
943093  24016234033327.3
943093  24108606675388.8
952161  14773423075982
952161  15183972164346.9
952161  23600086300173.4
952161  23824106798571.4
952161  24016232113568.7
952161  24111535636203.7
961229  14911124847083.2
961229  15325299121699.7
961229  23600086271809.4
961229  23826692742857.3
961229  24016230222729.1
961229  24114577433860.5
970297  15048742461370.1
970297  15466506134988.3
970297  23600086243292.9
970297  23829558527588.8
970297  24016228356089.5
970297  24117697446192.4
979366  15186267970556
979366  15607612478782.8
979366  23600086213689.9
979366  23832248354929.9
979366  24016226510508
979366  24120951480610.3
988434  15323697781877.3
988434  15748610822670.7
988434  23600086184171.6
988434  23835337204735.1
988434  24016224681639.9
988434  24124314899040.1
997502  15461025347269.8
997502  15889493571338.1
997502  23600086154422.8
997502  23838230300787.2
997502  24016222865320.1
997502  24127788281848.6
1.00657e+06  15598252509960.3
1.00657e+06  16030246663692.5
1.00657e+06  23600086123843.6
1.00657e+06  23841356275558.8
1.00657e+06  24016221057703.1
1.00657e+06  24131402535086.1
1.01564e+06  15735356890583.7
1.01564e+06  16170859100505.2
1.01564e+06  23600086093858.9
1.01564e+06  23844845367408.6
1.01564e+06  24016219253640.8
1.01564e+06  24135158413675.2
1.02471e+06  15872363179213.4
1.02471e+06  16311335169813.1
1.02471e+06  23600086062380
1.02471e+06  23847911171196.9
1.02471e+06  24016217447847.2
1.02471e+06  24139035638992.2
1.03377e+06  16009231099720.7
1.03377e+06  16451666421788.2
1.03377e+06  23600086030644.8
1.03377e+06  23851366303095.6
1.03377e+06  24016215634220.7
1.03377e+06  24143065316709.7
1.04284e+06  16145977926049.1
1.04284e+06  16591844154167.6
1.04284e+06  23600085999032.1
1.04284e+06  23855258984019.3
1.04284e+06  24016213807297.6
1.04284e+06  24147256122261.5
1.05191e+06  16282592415130.4
1.05191e+06  16731859416717
1.05191e+06  23600085967202.5
1.05191e+06  23858790287624
1.05191e+06  24016211959311
1.05191e+06  24151614110165.8
1.06098e+06  16419054203439.8
1.06098e+06  16871703016019.7
1.06098e+06  23600085934643.8
1.06098e+06  23862200492365.8
1.06098e+06  24016210081990.5
1.06098e+06  24156146768402.7
1.07005e+06  16555365800195.2
1.07005e+06  17011365520274
1.07005e+06  23600085901739.2
1.07005e+06  23865858331220.4
1.07005e+06  24016208165996.8
1.07005e+06  24160862896182.9
1.07912e+06  16691529829241.3
1.07912e+06  17150837263909.7
1.07912e+06  23600085868342.3
1.07912e+06  23870000331227.1
1.07912e+06  24016206199930.8
1.07912e+06  24165772540915.8
1.08818e+06  16827520179329.6
1.08818e+06  17290108351894.9
1.08818e+06  23600085834131.8
1.08818e+06  23879996644259.7
1.08818e+06  24016204171670
1.08818e+06  24170886988066.3
1.09725e+06  16963329386369.1
1.09725e+06  17429149327123.1
1.09725e+06  23600085799867.8
1.09725e+06  23881431150180.7
1.09725e+06  24016202064725.4
1.09725e+06  24176218794952.1
1.10632e+06  17098948922433.7
1.10632e+06  17567962041719.7
1.10632e+06  23600085765361.9
1.10632e+06  23885477423512.1
1.10632e+06  24016199861591.2
1.10632e+06  24181781866334
1.11539e+06  17234369100623.4
1.11539e+06  17706538457454.1
1.11539e+06  23600085730064.7
1.11539e+06  23890349309391.8
1.11539e+06  24016197537987.2
1.11539e+06  24187591577478.3
1.12446e+06  17369578959792.5
1.12446e+06  17844864764388.9
1.12446e+06  23600085694508
1.12446e+06  23895610114876.8
1.12446e+06  24016195066383.7
1.12446e+06  24193664950253.9
1.13352e+06  17504566125853.7
1.13352e+06  17982892531795.2
1.13352e+06  23600085658543.3
1.13352e+06  23901141516225.8
1.13352e+06  24016192410410.7
1.13352e+06  24200020603218
1.14259e+06  17639316645081
1.14259e+06  18120646327473.9
1.14259e+06  23600085621446.2
1.14259e+06  23906886206684.5
1.14259e+06  24016189523403.5
1.14259e+06  24206657746248.2
1.15166e+06  17773814783678.4
1.15166e+06  18258072736330.4
1.15166e+06  23600085585208.5
1.15166e+06  23912804045451.5
1.15166e+06  24016186344970.9
1.15166e+06  24213617704061.1
1.16073e+06  17908042786887
1.16073e+06  18395183058005.9
1.16073e+06  23600085547701.3
1.16073e+06  23918861008810
1.16073e+06  24016182794496.4
1.16073e+06  24220914842356
1.1698e+06  18041980587222.3
1.1698e+06  18531913972211.1
1.1698e+06  23600085509743.1
1.1698e+06  23925045411227.8
1.1698e+06  24016178760183.5
1.1698e+06  24228567347956.6
1.17887e+06  18175605450581.8
1.17887e+06  18668274559061.5
1.17887e+06  23600085470990.7
1.17887e+06  23932131568892.8
1.17887e+06  24016174086473
1.17887e+06  24236605237920.9
1.18793e+06  18308912024182.7
1.18793e+06  18804230677978.3
1.18793e+06  23600085431900.8
1.18793e+06  23939127351829
1.18793e+06  24016168544878.1
1.18793e+06  24245060060361.4
1.197e+06  18441868502309.9
1.197e+06  18939747360294.5
1.197e+06  23600085392187.6
1.197e+06  23946647355713.7
1.197e+06  24016161788760.5
1.197e+06  24253945039847.6
1.20607e+06  18574441193062.9
1.20607e+06  19074789128841.5
1.20607e+06  23600085352356.8
1.20607e+06  23954375640915
1.20607e+06  24016153266755.5
1.20607e+06  24263305485038.1
1.21514e+06  18706624208849.1
1.21514e+06  19209320359232.6
1.21514e+06  23600085311109.4
1.21514e+06  23962771449204.5
1.21514e+06  24016142038667.2
1.21514e+06  24273174987381.9
1.22421e+06  18838371205200.3
1.22421e+06  19343305675866.4
1.22421e+06  23600085269643.4
1.22421e+06  23971385320004.1
1.22421e+06  24016126366097
1.22421e+06  24283591506978
1.23328e+06  18969648927381.6
1.23328e+06  19476710373324.3
1.23328e+06  23600085228010.2
1.23328e+06  23980377643132.8
1.23328e+06  24016102634797.4
1.23328e+06  24294598661478.8
1.24234e+06  19100437278329.4
1.24234e+06  19609490062001.9
1.24234e+06  23600085185359.5
1.24234e+06  23989949025059.9
1.24234e+06  24016061877869.4
1.24234e+06  24306233396341.8
1.25141e+06  19230691761142.7
1.25141e+06  19741573437891.5
1.25141e+06  23600085142433.8
1.25141e+06  24000169551506.5
1.25141e+06  24015974061211.2
1.25141e+06  24318554557872.3
1.26048e+06  19360365718907.1
1.26048e+06  19872924447062.6
1.26048e+06  23600085098000.8
1.26048e+06  24012765581192.7
1.26048e+06  24015638067053.5
1.26048e+06  24331615262042.4
1.26955e+06  19489421572147.1
1.26955e+06  20003480636066.7
1.26955e+06  23600085052869.4
1.26955e+06  24017554238753.1
1.26955e+06  24021394459548.8
1.26955e+06  24345479322295.2
1.27862e+06  19617810522847.4
1.27862e+06  20133169958353
1.27862e+06  23600085007845.1
1.27862e+06  24016516451882.8
1.27862e+06  24034139169554
1.27862e+06  24360206839560.9
1.28768e+06  19745459744287.9
1.28768e+06  20261923503806.7
1.28768e+06  23600084962072.2
1.28768e+06  24016381420572.1
1.28768e+06  24046968140411
1.28768e+06  24375868498255.3
1.29675e+06  19872337214071.8
1.29675e+06  20389670611808.9
1.29675e+06  23600084915074.9
1.29675e+06  24016327919874.8
1.29675e+06  24060609929165.2
1.29675e+06  24392547600813.2
1.30582e+06  19998354512680.5
1.30582e+06  20516298239611.5
1.30582e+06  23600084867854.3
1.30582e+06  24016299047334.8
1.30582e+06  24075044598898.4
1.30582e+06  24410339599333.4
1.31489e+06  20123449080474.1
1.31489e+06  20641732761888.4
1.31489e+06  23600084819153.4
1.31489e+06  24016280864535.6
1.31489e+06  24090388947850.4
1.31489e+06  24429324611344.9
1.32396e+06  20247542952709.3
1.32396e+06  20765871359980.1
1.32396e+06  23600084769647.1
1.32396e+06  24016268283618.9
1.32396e+06  24106745970924.6
1.32396e+06  24449616301697.9
1.33303e+06  20370539748833.2
1.33303e+06  20888586778595.3
1.33303e+06  23600084719683.7
1.33303e+06  24016259007869
1.33303e+06  24124182240763.8
1.33303e+06  24471320063165.6
1.34209e+06  20492366183000.4
1.34209e+06  21009775432196.7
1.34209e+06  23600084668328.7
1.34209e+06  24016251845359.2
1.34209e+06  24142816938838.8
1.34209e+06  24494571105598.5
1.35116e+06  20612899048011
1.35116e+06  21129278797107.4
1.35116e+06  23600084616435.6
1.35116e+06  24016246117458.8
1.35116e+06  24162730370335.1
1.35116e+06  24519491941094.6
1.36023e+06  20732032687006.6
1.36023e+06  21246964100293
1.36023e+06  23600084563133.6
1.36023e+06  24016241410312.9
1.36023e+06  24184033504874.8
1.36023e+06  24546227718205.2
1.3693e+06  20849637302351.7
1.3693e+06  21362684846973.2
1.3693e+06  23600084508620.7
1.3693e+06  24016237454512.6
1.3693e+06  24206877163734.8
1.3693e+06  24574943846890.1
1.37837e+06  20965596553491.2
1.37837e+06  21476274715989
1.37837e+06  23600084453171.5
1.37837e+06  24016234069316.4
1.37837e+06  24231363588119
1.37837e+06  24605786669420.9
1.38743e+06  21079754490806.2
1.38743e+06  21587549238349.9
1.38743e+06  23600084396848
1.38743e+06  24016231127678.6
1.38743e+06  24257658015281.5
1.38743e+06  24638942173049.7
1.3965e+06  21191972458420.3
1.3965e+06  21696340112248.7
1.3965e+06  23600084339273.5
1.3965e+06  24016228539359.3
1.3965e+06  24285886854696.6
1.3965e+06  24674593722452.2
1.40557e+06  21302068975118.8
1.40557e+06  21802446503801.3
1.40557e+06  23600084280380.7
1.40557e+06  24016226236084.5
1.40557e+06  24316246406555.2
1.40557e+06  24712915693643.1
1.41464e+06  21409870677206.3
1.41464e+06  21905694860053.4
1.41464e+06  23600084219651.3
1.41464e+06  24016224166411.5
1.41464e+06  24348886967259.8
1.41464e+06  24754117684635.8
1.42371e+06  21515216717096.9
1.42371e+06  22005873068956
1.42371e+06  23600084157519
1.42371e+06  24016222292056.5
1.42371e+06  24383994247466.7
1.42371e+06  24798375575561.8
1.43278e+06  21617919615371.4
1.43278e+06  22102798160545.5
1.43278e+06  23600084094204.1
1.43278e+06  24016220582144.5
1.43278e+06  24421761218156.5
1.43278e+06  24845888080036.2
1.44184e+06  21717775436080.2
1.44184e+06  22196307137604.4
1.44184e+06  23600084029233.8
1.44184e+06  24016219011225.4
1.44184e+06  24462363670664.7
1.44184e+06  24896822302849.2
1.45091e+06  21814597564233.9
1.45091e+06  22286222683715.3
1.45091e+06  23600083962058.9
1.45091e+06  24016217561711.7
1.45091e+06  24505983619347.2
1.45091e+06  24951352800557
1.45998e+06  21908223786648.1
1.45998e+06  22372397796607.2
1.45998e+06  23600083893451.1
1.45998e+06  24016216215826.8
1.45998e+06  24552830065513.4
1.45998e+06  25009623244135.8
1.46905e+06  21998460894134.6
1.46905e+06  22454738309622
1.46905e+06  23600083822332.5
1.46905e+06  24016214961276.8
1.46905e+06  24603051456032.9
1.46905e+06  25071738775629.2
1.47812e+06  22085151291288.5
1.47812e+06  22533104650618.3
1.47812e+06  23600083749573.3
1.47812e+06  24016213786289.7
1.47812e+06  24656814300576.3
1.47812e+06  25137805155812.3
1.48718e+06  22168179366042.3
1.48718e+06  22607483629582.4
1.48718e+06  23600083674510.1
1.48718e+06  24016212682750.9
1.48718e+06  24714249026027.5
1.48718e+06  25207874040067.9
1.49625e+06  22247410997591.4
1.49625e+06  22677843927897.5
1.49625e+06  23600083597098.6
1.49625e+06  24016211642779.5
1.49625e+06  24775479145746.4
1.49625e+06  25281964632973.2
1.50532e+06  22322771347821.6
1.50532e+06  22744211274535.2
1.50532e+06  23600083516509
1.50532e+06  24016210658946.3
1.50532e+06  24840585046986.9
1.50532e+06  25360068131457.1
1.51439e+06  22394209759361
1.51439e+06  22806610306356.5
1.51439e+06  23600083432960.5
1.51439e+06  24016209726648.3
1.51439e+06  24909606919497
1.51439e+06  25442104673875.3
1.52346e+06  22461726786919.3
1.52346e+06  22865174664102
1.52346e+06  23600083346716.3
1.52346e+06  24016208840640.2
1.52346e+06  24982571507187.9
1.52346e+06  25528013834941.5
1.53253e+06  22525330772152.7
1.53253e+06  22919979295779.4
1.53253e+06  23600083257059.4
1.53253e+06  24016207996554.4
1.53253e+06  25059421819417.1
1.53253e+06  25617668369615.1
1.54159e+06  22585096185020.5
1.54159e+06  22971158484442.6
1.54159e+06  23600083163745.5
1.54159e+06  24016207191114.6
1.54159e+06  25140120821747.5
1.54159e+06  25710930050830.4
1.55066e+06  22641118598807.3
1.55066e+06  23018919610220.4
1.55066e+06  23600083065846.4
1.55066e+06  24016206420738.3
1.55066e+06  25224577772970
1.55066e+06  25807624087854
1.55973e+06  22693509319380.4
1.55973e+06  23063411916940.8
1.55973e+06  23600082963905.2
1.55973e+06  24016205682845.8
1.55973e+06  25312668858098.7
1.55973e+06  25907584396175.2
1.5688e+06  22742418593664.9
1.5688e+06  23104861990133.9
1.5688e+06  23600082857391.1
1.5688e+06  24016204974773.4
1.5688e+06  25404228312999.9
1.5688e+06  26010625828717.4
1.57787e+06  22788009067054.7
1.57787e+06  23143375410367.4
1.57787e+06  23600082744661.6
1.57787e+06  24016204294072.9
1.57787e+06  25499112586196.6
1.57787e+06  26116542355466.3
1.58693e+06  22830455869488.1
1.58693e+06  23179237694565
1.58693e+06  23600082626214.9
1.58693e+06  24016203638970.7
1.58693e+06  25597141448852
1.58693e+06  26225163001065
1.596e+06  22869950487236.6
1.596e+06  23212562543746.3
1.596e+06  23600082500967.2
1.596e+06  24016203008302.4
1.596e+06  25698121296185.9
1.596e+06  26336275607782.8
1.60507e+06  22906685356704.8
1.60507e+06  23243593378403.7
1.60507e+06  23600082367716.4
1.60507e+06  24016202399681.7
1.60507e+06  25801869177332.2
1.60507e+06  26449722237608.4
1.61414e+06  22940834254056.8
1.61414e+06  23272459563146.5
1.61414e+06  23600082226090.6
1.61414e+06  24016201811935.9
1.61414e+06  25908197078017.8
1.61414e+06  26565311781525.9
1.62321e+06  22972591389774.5
1.62321e+06  23299380251209.4
1.62321e+06  23600082075183
1.62321e+06  24016201243459
1.62321e+06  26016922014723.4
1.62321e+06  26682877840758.5
1.63228e+06  23002127672023.4
1.63228e+06  23324449485909.4
1.63228e+06  23600081912376.7
1.63228e+06  24016200693404.5
1.63228e+06  26127866672515
1.63228e+06  26802278930648.4
1.64134e+06  23029611942910.3
1.64134e+06  23347801273681.9
1.64134e+06  23600081737103.7
1.64134e+06  24016200160595.3
1.64134e+06  26240858095717.7
1.64134e+06  26923364714220.2
1.65041e+06  23055208133668.2
1.65041e+06  23369679308916.8
1.65041e+06  23600081546605.3
1.65041e+06  24016199644509.8
1.65041e+06  26355744378224.2
1.65041e+06  27046001005005
1.65948e+06  23079064301389.1
1.65948e+06  23390101247663.5
1.65948e+06  23600081339489.6
1.65948e+06  24016199142940
1.65948e+06  26472377874185.4
1.65948e+06  27170065903475
1.66855e+06  23101317316795.8
1.66855e+06  23409173689180.1
1.66855e+06  23600081112008.1
1.66855e+06  24016198656789.6
1.66855e+06  26590605195862.2
1.66855e+06  27295434403107
1.67762e+06  23122096350476.9
1.67762e+06  23427038359210.6
1.67762e+06  23600080859133.5
1.67762e+06  24016198184558.4
1.67762e+06  26710310671700.5
1.67762e+06  27422006328372.4
1.68669e+06  23141520079843.7
1.68669e+06  23443841547559.6
1.68669e+06  23600080577697.2
1.68669e+06  24016197724716.7
1.68669e+06  26831378788734.8
1.68669e+06  27549701764270.8
1.69575e+06  23159698265944.6
1.69575e+06  23459637874932.2
1.69575e+06  23600080261448.7
1.69575e+06  24016197277611.2
1.69575e+06  26953688980762.6
1.69575e+06  27678408227624.6
1.70482e+06  23176728823803.6
1.70482e+06  23474448534053.9
1.70482e+06  23600079899656.7
1.70482e+06  24016196842738.9
1.70482e+06  27077148429286.4
1.70482e+06  27808063220597.9
1.71389e+06  23192704785311.8
1.71389e+06  23488353630576.3
1.71389e+06  23600079483835.2
1.71389e+06  24016196418368.6
1.71389e+06  27201661374655.8
1.71389e+06  27938590638954.2
1.72296e+06  23207709335746.6
1.72296e+06  23501498120993.9
1.72296e+06  23600078996877.8
1.72296e+06  24016196005691.1
1.72296e+06  27327148400811.1
1.72296e+06  28069927293318.9
1.73203e+06  23221818714532.5
1.73203e+06  23513920724247.6
1.73203e+06  23600078417609.4
1.73203e+06  24016195603375.8
1.73203e+06  27453529885275.8
1.73203e+06  28201992525308.1
1.74109e+06  23235105981368.2
1.74109e+06  23525655986214.3
1.74109e+06  23600077712684.2
1.74109e+06  24016195209982.9
1.74109e+06  27580736963068.6
1.74109e+06  28334760096730
1.75016e+06  23247621856645.1
1.75016e+06  23536676183062.7
1.75016e+06  23600076835557.4
1.75016e+06  24016194826905.7
1.75016e+06  27708712374386.8
1.75016e+06  28468151474254.3
1.75923e+06  23259441192824.2
1.75923e+06  23547143862291.1
1.75923e+06  23600075707209.5
1.75923e+06  24016194452287.2
1.75923e+06  27837393432972.9
1.75923e+06  28602139812545.6
1.7683e+06  23270604566690.9
1.7683e+06  23557069235604
1.7683e+06  23600074194240.5
1.7683e+06  24016194087055.1
1.7683e+06  27966725171567.3
1.7683e+06  28736677929191.6
1.77737e+06  23281161518507.4
1.77737e+06  23566496878170.3
1.77737e+06  23600072049566.2
1.77737e+06  24016193729654.6
1.77737e+06  28096662701793.2
1.77737e+06  28871725193917
1.78644e+06  23291160217720.1
1.78644e+06  23575532835106.7
1.78644e+06  23600068756219.9
1.78644e+06  24016193380662.8
1.78644e+06  28227162371260.9
1.78644e+06  29007246486694.5
1.7955e+06  23300641240012.5
1.7955e+06  23583973615451.2
1.7955e+06  23600063017663.7
1.7955e+06  24016193038840.2
1.7955e+06  28358182110120.1
1.7955e+06  29143211365667.1
1.80457e+06  23309638184553.8
1.80457e+06  23591747298954.6
1.80457e+06  23600050418750.2
1.80457e+06  24016192704728.9
1.80457e+06  28489681694097.2
1.80457e+06  29279593395642.8
