      0.0000000 0.000000000000000e+00
      0.0550480 3.643193944657757e-11
      0.1100960 2.914555155726206e-10
      0.1651439 9.836623650575947e-10
      0.2201919 2.331644124580964e-09
      0.2752399 4.553992430822196e-09
      0.3302879 7.869298920460758e-09
      0.3853358 1.249615523017611e-08
      0.4403838 1.865315299664772e-08
      0.4954318 2.655888385655505e-08
      0.5504798 3.643193944657757e-08
      0.6055277 4.849091140339474e-08
      0.6605757 6.295439136368606e-08
      0.7156237 8.004097096413094e-08
      0.7706717 9.996924184140889e-08
      0.8257197 1.229577956321993e-07
      0.8807676 1.492252239731817e-07
      0.9358156 1.789901185010356e-07
      0.9908636 2.124710708524404e-07
      1.0459116 2.498866726640757e-07
      1.1009595 2.914555155726206e-07
      1.1560075 3.373961912147549e-07
      1.2110555 3.879272912271579e-07
      1.2661035 4.432674072465093e-07
      1.3211515 5.036351309094885e-07
      1.3761994 5.692490538527746e-07
      1.4312474 6.403277677130475e-07
      1.4862954 7.170898641269863e-07
      1.5413434 7.997539347312711e-07
      1.5963913 8.885385711625802e-07
      1.6514393 9.836623650575944e-07
      1.7064873 1.085343908052992e-06
      1.7615353 1.193801791785454e-06
      1.8165832 1.309254607891659e-06
      1.8716312 1.431920948008285e-06
      1.9266792 1.562019403772014e-06
      1.9817272 1.699768566819523e-06
      2.0367752 1.845387028787493e-06
      2.0918231 1.999093381312605e-06
      2.1468711 2.161106216031536e-06
      2.2019191 2.331644124580964e-06
      2.2569671 2.510925698597574e-06
      2.3120150 2.699169529718039e-06
      2.3670630 2.896594209579042e-06
      2.4221110 3.103418329817263e-06
      2.4771590 3.319860482069382e-06
      2.5322069 3.546139257972074e-06
      2.5872549 3.782473249162022e-06
      2.6423029 4.029081047275908e-06
      2.6973509 4.286181243950405e-06
      2.7523989 4.553992430822197e-06
      2.8074468 4.832733199527961e-06
      2.8624948 5.122622141704380e-06
      2.9175428 5.423877848988130e-06
      2.9725908 5.736718913015890e-06
      3.0276387 6.061363925424344e-06
      3.0826867 6.398031477850169e-06
      3.1377347 6.746940161930040e-06
      3.1927827 7.108308569300642e-06
      3.2478307 7.482355291598656e-06
      3.3028786 7.869298920460755e-06
      3.3579266 8.269358047523625e-06
      3.4129746 8.682751264423939e-06
      3.4680226 9.109697162798384e-06
      3.5230705 9.550414334283630e-06
      3.5781185 1.000512137051637e-05
      3.6331665 1.047403686313327e-05
      3.6882145 1.095737940377101e-05
      3.7432624 1.145536758406628e-05
      3.7983104 1.196821999565575e-05
      3.8533584 1.249615523017611e-05
      3.9084064 1.303939187926403e-05
      3.9634544 1.359814853455619e-05
      4.0185023 1.417264378768927e-05
      4.0735503 1.476309623029995e-05
      4.1285983 1.536972445402491e-05
      4.1836463 1.599274705050084e-05
      4.2386942 1.663238261136440e-05
      4.2937422 1.728885033231999e-05
      4.3487902 1.796577987132054e-05
      4.4038382 1.866701887795858e-05
      4.4588861 1.939337501678116e-05
      4.5139341 2.014565595233523e-05
      4.5689821 2.092466934916780e-05
      4.6240301 2.173122287182586e-05
      4.6790781 2.256612418485641e-05
      4.7341260 2.343018095280644e-05
      4.7891740 2.432420084022294e-05
      4.8442220 2.524899151165289e-05
      4.8992700 2.620536063164334e-05
      4.9543179 2.719411586474123e-05
      5.0093659 2.821606487549354e-05
      5.0644139 2.927201532844732e-05
      5.1194619 3.036277488814954e-05
      5.1745099 3.148915121914715e-05
      5.2295578 3.265195198598722e-05
      5.2846058 3.385198485321670e-05
      5.3396538 3.509005748538257e-05
      5.3947018 3.636697754703186e-05
      5.4497497 3.768355270271152e-05
      5.5047977 3.904059061696862e-05
      5.5598457 4.043889895435008e-05
      5.6148937 4.187928537940291e-05
      5.6699416 4.336255755667412e-05
      5.7249896 4.488952315071071e-05
      5.7800376 4.646098982605962e-05
      5.8350856 4.807776524726792e-05
      5.8901336 4.974065707888257e-05
      5.9451815 5.145050596711281e-05
      6.0002295 5.320908862881363e-05
      6.0552775 5.501793708499386e-05
      6.1103255 5.687823098809299e-05
      6.1653734 5.879114999055048e-05
      6.2204214 6.075787374480572e-05
      6.2754694 6.277958190329826e-05
      6.3305174 6.485745411846751e-05
      6.3855654 6.699267004275293e-05
      6.4406133 6.918640932859399e-05
      6.4956613 7.143985162843013e-05
      6.5507093 7.375417659470082e-05
      6.6057573 7.613056387984549e-05
      6.6608052 7.857019313630365e-05
      6.7158532 8.107424401651468e-05
      6.7709012 8.364389617291811e-05
      6.8259492 8.628032925795336e-05
      6.8809971 8.898472292405992e-05
      6.9360451 9.175825682367725e-05
      6.9910931 9.460211060924470e-05
      7.0461411 9.751746393320188e-05
      7.1011891 1.005054964479882e-04
      7.1562370 1.035676452723364e-04
      7.2112850 1.067066610814935e-04
      7.2663330 1.099257123789602e-04
      7.3213810 1.132279678431051e-04
      7.3764289 1.166165961522970e-04
      7.4314769 1.200947659849045e-04
      7.4865249 1.236656460192963e-04
      7.5415729 1.273324049338411e-04
      7.5966208 1.310994091732802e-04
      7.6516688 1.349791739080571e-04
      7.7067168 1.389768316143067e-04
      7.7617648 1.430955268084755e-04
      7.8168128 1.473384040070099e-04
      7.8718607 1.517086077263562e-04
      7.9269087 1.562092824829605e-04
      7.9819567 1.608435727932696e-04
      8.0370047 1.656146231737295e-04
      8.0920526 1.705255781407867e-04
      8.1471006 1.755795822108875e-04
      8.2021486 1.807797799004784e-04
      8.2571966 1.870353762430230e-04
      8.3122446 1.936999779185164e-04
      8.3672925 2.018088492952617e-04
      8.4223405 2.102207127402075e-04
      8.4773885 2.187277387908823e-04
      8.5324365 2.273211990708138e-04
      8.5874844 2.360019820480606e-04
      8.6425324 2.447600251072714e-04
      8.6975804 2.535849393075349e-04
      8.7526284 2.624939534153565e-04
      8.8076763 2.709479731343223e-04
      8.8627243 2.793822253038657e-04
      8.9177723 2.880421406342317e-04
      8.9728203 2.969523337353920e-04
      9.0278683 3.061110096950153e-04
      9.0829162 3.155126983914428e-04
      9.1379642 3.251502791993907e-04
      9.1930122 3.350113030852626e-04
      9.2480602 3.450897271592909e-04
      9.3031081 3.553803194295777e-04
      9.3581561 3.658778479042262e-04
      9.4132041 3.765770805913397e-04
      9.4682521 3.876112561226740e-04
      9.5233000 3.990505738434665e-04
      9.5783480 4.107858870291785e-04
      9.6333960 4.228211911590588e-04
      9.6884440 4.351604817123574e-04
      9.7434920 4.478077541683247e-04
      9.7985399 4.607670040062092e-04
      9.8535879 4.756779570925276e-04
      9.9086359 4.909153592600515e-04
      9.9636839 5.063876981218509e-04
     10.0187318 5.220976242394828e-04
     10.0737798 5.380477881745039e-04
     10.1288278 5.542408404884696e-04
     10.1838758 5.706794317429365e-04
     10.2389238 5.873662124994615e-04
     10.2939717 6.043038333195997e-04
     10.3490197 6.214949447649081e-04
     10.4040677 6.389421973969435e-04
     10.4591157 6.566482417772610e-04
     10.5141636 6.746157284674175e-04
     10.5692116 6.928516078384157e-04
     10.6242596 7.113681645759658e-04
     10.6793076 7.301688947279043e-04
     10.7343555 7.492569730913712e-04
     10.7894035 7.686355744635083e-04
     10.8444515 7.883078736414550e-04
     10.8994995 8.082770454223527e-04
     10.9545475 8.285462646033431e-04
     11.0095954 8.491187059815655e-04
     11.0646434 8.699975443541614e-04
     11.1196914 8.911859545182718e-04
     11.1747394 9.126871112710368e-04
     11.2297873 9.345041894095979e-04
     11.2848353 9.566403637310959e-04
     11.3398833 9.790988090326706e-04
     11.3949313 1.002081747353719e-03
     11.4499792 1.027515802711346e-03
     11.5050272 1.053274230809602e-03
     11.5600752 1.079360504063490e-03
     11.6151232 1.105778094888013e-03
     11.6701712 1.132724649558775e-03
     11.7252191 1.160154340647773e-03
     11.7802671 1.187949555595379e-03
     11.8353151 1.216375216297627e-03
     11.8903631 1.245599780345737e-03
     11.9454110 1.314985264031102e-03
     12.0004590 1.345338696566294e-03
     12.0555070 1.377473263063388e-03
     12.1105550 1.410373983124033e-03
     12.1656030 1.443699716573244e-03
     12.2206509 1.477461677782858e-03
     12.2756989 1.511671081124718e-03
     12.3307469 1.546339140970663e-03
     12.3857949 1.581477071692532e-03
     12.4408428 1.617992975497449e-03
     12.4958908 1.654420921365092e-03
     12.5509388 1.691490894434220e-03
     12.6059868 1.726327915820597e-03
     12.6610347 1.762257662698302e-03
     12.7160827 1.800713521848511e-03
     12.7711307 1.841730257776220e-03
     12.8261787 1.883391608641723e-03
     12.8812267 1.930306638228535e-03
     12.9362746 2.005487360382177e-03
     12.9913226 2.073770939471948e-03
     13.0463706 2.142166255435100e-03
     13.1014186 2.212104193499055e-03
     13.1564665 2.298103903011194e-03
     13.2115145 2.362088673544383e-03
     13.2665625 2.426072725795393e-03
     13.3216105 2.489806343323648e-03
     13.3766584 2.553130903531139e-03
     13.4317064 2.616970794347199e-03
     13.4867544 2.683444817531807e-03
     13.5418024 2.753707730428019e-03
     13.5968504 2.828796890712236e-03
     13.6518983 2.909607789619055e-03
     13.7069463 3.001481289078225e-03
     13.7619943 3.097448657132411e-03
     13.8170423 3.189055202272712e-03
     13.8720902 3.276866533566183e-03
     13.9271382 3.361448260079870e-03
     13.9821862 3.458071739701390e-03
     14.0372342 3.555834955646434e-03
     14.0922822 3.648270632521289e-03
     14.1473301 3.735631781709181e-03
     14.2023781 3.818171414593340e-03
     14.2574261 3.895952203449331e-03
     14.3124741 3.968877795533261e-03
     14.3675220 4.037184919829468e-03
     14.4225700 4.085354007157985e-03
     14.4776180 4.147655249667950e-03
     14.5326660 4.213435801051811e-03
     14.5877139 4.276966817973404e-03
     14.6427619 4.338533348130856e-03
     14.6978099 4.395370111327686e-03
     14.7528579 4.450462768550780e-03
     14.8079059 4.521900160432297e-03
     14.8629538 4.597002148837381e-03
     14.9180018 5.247642687136268e-03
     14.9730498 5.147803457046888e-03
     15.0280978 5.058833827796704e-03
     15.0831457 4.982715984522789e-03
     15.1381937 4.933039254502739e-03
     15.1932417 4.920591970293471e-03
     15.2482897 4.940543810893126e-03
     15.3033376 5.046980433073946e-03
     15.3583856 5.134559881265915e-03
     15.4134336 5.240271370022483e-03
     15.4684816 5.355175788995762e-03
     15.5235296 5.410319469044893e-03
     15.5785775 5.612330340057686e-03
     15.6336255 6.218183025840191e-03
     15.6886735 6.330080066865068e-03
     15.7437215 6.436352376478871e-03
     15.7987694 6.537241402662486e-03
     15.8538174 6.632988593396815e-03
     15.9088654 6.723835396662756e-03
     15.9639134 6.786206226456384e-03
     16.0189614 6.870493901545413e-03
     16.0740093 6.979742786861268e-03
     16.1290573 7.072404471955711e-03
     16.1841053 6.530532200619880e-03
     16.2391533 6.610266577132955e-03
     16.2942012 6.705633232948587e-03
     16.3492492 7.045171208170303e-03
     16.4042972 7.347710511531584e-03
     16.4593452 7.691210716410302e-03
     16.5143931 7.730008323734254e-03
     16.5694411 7.766912023136834e-03
     16.6244891 7.802247417493007e-03
     16.6795371 8.240692094156203e-03
     16.7345851 8.283453414797337e-03
     16.7896330 9.033084895294545e-03
     16.8446810 8.903426692537256e-03
     16.8997290 8.799249188879175e-03
     16.9547770 8.710124748965585e-03
     17.0098249 8.638189875737461e-03
     17.0648729 8.585581072135797e-03
     17.1199209 8.554470440605312e-03
     17.1749689 8.516233682285384e-03
     17.2300169 8.538295403934696e-03
     17.2850648 8.581555979781391e-03
     17.3401128 8.634196367619152e-03
     17.3951608 8.687440746795103e-03
     17.4502088 8.741563943637698e-03
     17.5052567 8.796840784475414e-03
     17.5603047 8.853546095636709e-03
     17.6153527 8.911954703450046e-03
     17.6704007 8.931967096203823e-03
     17.7254486 9.224611549023563e-03
     17.7804966 9.442436263439538e-03
     17.8355446 9.762505328588812e-03
     17.8905926 9.772329162304050e-03
     17.9456406 9.788944147615575e-03
     18.0006885 9.810309314464987e-03
     18.0557365 9.848694514736153e-03
     18.1107845 9.889298725042116e-03
     18.1658325 1.006176046452862e-02
     18.2208804 1.013294632776808e-02
     18.2759284 1.017511882135765e-02
     18.3309764 1.037117508007306e-02
     18.3860244 1.040415182686097e-02
     18.4410723 1.034156463864292e-02
     18.4961203 1.036138066663580e-02
     18.5511683 1.038345843009721e-02
     18.6062163 1.040512884644234e-02
     18.6612643 1.033514361721647e-02
     18.7163122 1.039950083840034e-02
     18.7713602 1.024098974123193e-02
     18.8264082 1.027066269393375e-02
     18.8814562 1.030890000475659e-02
     18.9365041 1.044410889759257e-02
     18.9915521 1.055783895965967e-02
     19.0466001 1.066995077261347e-02
     19.1016481 1.079898469187436e-02
     19.1566961 1.136685195883313e-02
     19.2117440 1.142409708236050e-02
     19.2667920 1.153187644702382e-02
     19.3218400 1.165708172205259e-02
     19.3768880 1.177757860016710e-02
     19.4319359 1.188277190851218e-02
     19.4869839 1.175418876528505e-02
     19.5420319 1.194681705304639e-02
     19.5970799 1.213714101302106e-02
     19.6521278 1.224507771790099e-02
     19.7071758 1.243284351174832e-02
     19.7622238 1.261997997112124e-02
     19.8172718 1.271964275546938e-02
     19.8723198 1.278595559029418e-02
     19.9273677 1.286006326289660e-02
     19.9824157 1.294001554586918e-02
     20.0374637 1.302232320962139e-02
     20.0925117 1.307662971628289e-02
     20.1475596 1.315448552993764e-02
     20.2026076 1.323110343559476e-02
     20.2576556 1.379722844459497e-02
     20.3127036 1.398984677500649e-02
     20.3677515 1.413636886143113e-02
     20.4227995 1.423831223899586e-02
     20.4778475 1.432981810636896e-02
     20.5328955 1.434148267838462e-02
     20.5879435 1.428373258474046e-02
     20.6429914 1.422306900116906e-02
     20.6980394 1.412558438661061e-02
     20.7530874 1.378887631227991e-02
     20.8081354 1.325522118289985e-02
     20.8631833 1.312497229428991e-02
     20.9182313 1.321255384464704e-02
     20.9732793 1.331136038214432e-02
     21.0283273 1.340650371354961e-02
     21.0833753 1.350758735288443e-02
     21.1384232 1.361446569124929e-02
     21.1934712 1.372701616561146e-02
     21.2485192 1.384535962093606e-02
     21.3035672 1.396992610057336e-02
     21.3586151 1.410181078286848e-02
     21.4136631 1.424149222766999e-02
     21.4687111 1.423158913101770e-02
     21.5237591 1.491169475991028e-02
     21.5788070 1.512014667957510e-02
     21.6338550 1.753706332455105e-02
     21.6889030 1.570246086627767e-02
     21.7439510 1.593230115046543e-02
     21.7989990 1.614636367002900e-02
     21.8540469 1.634713565206048e-02
     21.9090949 1.649523805543012e-02
     21.9641429 1.647073735989733e-02
     22.0191909 1.628406264957365e-02
     22.0742388 1.645738209040828e-02
     22.1292868 1.663518410162535e-02
     22.1843348 1.693125481286452e-02
     22.2393828 1.726159382546383e-02
     22.2944307 1.906423779307556e-02
     22.3494787 2.357450071294495e-02
     22.4045267 2.348255020588730e-02
     22.4595747 1.973181484814720e-02
     22.5146227 2.012010036496973e-02
     22.5696706 2.042907735261847e-02
     22.6247186 2.082179040789642e-02
     22.6797666 2.142355434090840e-02
     22.7348146 2.172658908185348e-02
     22.7898625 2.201533572122436e-02
     22.8449105 2.229341300120708e-02
     22.8999585 2.345105480909476e-02
     22.9550065 2.332398925767239e-02
     23.0100545 2.447781320412445e-02
     23.0651024 2.434463744047641e-02
     23.1201504 2.421479931352806e-02
     23.1751984 2.515057197693967e-02
     23.2302464 2.561789439213663e-02
     23.2852943 2.482240865985188e-02
     23.3403423 2.503854927100803e-02
     23.3953903 2.503915671052911e-02
     23.4504383 2.529332731767564e-02
     23.5054862 2.578095681296309e-02
     23.5605342 2.563924911536393e-02
     23.6155822 2.561934806594815e-02
     23.6706302 2.571180863336076e-02
     23.7256782 2.634138766932906e-02
     23.7807261 2.635682276600798e-02
     23.8357741 2.589016993777306e-02
     23.8908221 2.519796139013304e-02
     23.9458701 2.441131534649415e-02
     24.0009180 2.441790008154745e-02
     24.0559660 2.443637541014372e-02
     24.1110140 2.447192402576294e-02
     24.1660620 2.536183066981475e-02
     24.2211099 2.527275323401663e-02
     24.2761579 2.423607823832198e-02
     24.3312059 2.464323268906622e-02
     24.3862539 2.516384745427535e-02
     24.4413019 2.533099129759518e-02
     24.4963498 2.549613550042578e-02
     24.5513978 2.565133246394824e-02
     24.6064458 2.582852904678651e-02
     24.6614938 2.708746347528866e-02
     24.7165417 2.754955501944807e-02
     24.7715897 2.817817380450971e-02
     24.8266377 2.845309010622118e-02
     24.8816857 2.951172333122449e-02
     24.9367337 3.065974719849028e-02
     24.9917816 3.187752386182380e-02
     25.0468296 3.323166505046778e-02
     25.1018776 3.468250164493770e-02
     25.1569256 3.609340215108089e-02
     25.2119735 4.004185823728846e-02
     25.2670215 3.785591838952491e-02
     25.3220695 3.738310243239640e-02
     25.3771175 3.698271611482614e-02
     25.4321654 3.648996670589697e-02
     25.4872134 3.600850207079725e-02
     25.5422614 3.560049398840549e-02
     25.5973094 3.528559397410418e-02
     25.6523574 3.449036629459536e-02
     25.7074053 3.423267715142781e-02
     25.7624533 3.411072136829926e-02
     25.8175013 3.416237602838091e-02
     25.8725493 3.286506423681449e-02
     25.9275972 3.343066881040547e-02
     25.9826452 3.403080599734869e-02
     26.0376932 3.640162091959704e-02
     26.0927412 3.696338840243229e-02
     26.1477891 3.762554846725250e-02
     26.2028371 3.849552461788473e-02
     26.2578851 3.953022980812156e-02
     26.3129331 4.102753600825383e-02
     26.3679811 4.761001009370567e-02
     26.4230290 4.849737177381641e-02
     26.4780770 4.431138147138813e-02
     26.5331250 4.680988096826390e-02
     26.5881730 4.882334402707528e-02
     26.6432209 5.356115973227511e-02
     26.6982689 5.690520247552811e-02
     26.7533169 5.856742159711126e-02
     26.8083649 6.127634653579053e-02
     26.8634129 5.984516457571057e-02
     26.9184608 5.831986508834225e-02
     26.9735088 5.400367305983244e-02
     27.0285568 5.420272408449332e-02
     27.0836048 5.380960399171764e-02
     27.1386527 5.565967626493178e-02
     27.1937007 5.859967073117917e-02
     27.2487487 6.013212461278677e-02
     27.3037967 6.151622226874240e-02
     27.3588446 6.305757044916506e-02
     27.4138926 6.459815251121794e-02
     27.4689406 6.609209203175605e-02
     27.5239886 6.610938500152896e-02
     27.5790366 6.736890904010719e-02
     27.6340845 7.358877089823328e-02
     27.6891325 7.256136803877215e-02
     27.7441805 7.402645406942539e-02
     27.7992285 7.209089419676588e-02
     27.8542764 7.082392395413147e-02
     27.9093244 7.065161396686316e-02
     27.9643724 7.065059724689400e-02
     28.0194204 7.026832648709870e-02
     28.0744684 7.082068825209116e-02
     28.1295163 7.366166748547316e-02
     28.1845643 7.637800773221119e-02
     28.2396123 8.492737648942128e-02
     28.2946603 8.999698787836245e-02
     28.3497082 9.244600724632479e-02
     28.4047562 9.308464858404823e-02
     28.4598042 9.391420858676996e-02
     28.5148522 9.508920831402951e-02
     28.5699001 1.017084585050382e-01
     28.6249481 1.009003405993687e-01
     28.6799961 1.022676307492476e-01
     28.7350441 1.052148376004128e-01
     28.7900921 1.052501000083964e-01
     28.8451400 1.062066467280190e-01
     28.9001880 1.075125543612681e-01
     28.9552360 1.084600494053694e-01
     29.0102840 1.132656601211174e-01
     29.0653319 1.125665350997929e-01
     29.1203799 1.121118211973291e-01
     29.1754279 1.116378612484180e-01
     29.2304759 1.115659201289090e-01
     29.2855238 1.108816260409467e-01
     29.3405718 1.077026698504891e-01
     29.3956198 1.080107524411636e-01
     29.4506678 1.068783454870717e-01
     29.5057158 1.061343123146176e-01
     29.5607637 1.066013578743045e-01
     29.6158117 1.062232572443553e-01
     29.6708597 1.069321951279565e-01
     29.7259077 1.068650315516498e-01
     29.7809556 1.071748636925711e-01
     29.8360036 1.064479517968712e-01
     29.8910516 1.064432406326981e-01
     29.9460996 1.063313185177211e-01
     30.0011476 1.068555077272266e-01
     30.0561955 1.071170986907724e-01
     30.1112435 1.070782885171610e-01
     30.1662915 1.071276218349215e-01
     30.2213395 1.085088728419734e-01
     30.2763874 1.152058789296035e-01
     30.3314354 1.112375053665263e-01
     30.3864834 1.085955145407651e-01
     30.4415314 1.183954268590258e-01
     30.4965793 1.076002833895582e-01
     30.5516273 1.146466603832500e-01
     30.6066753 1.129958909936663e-01
     30.6617233 9.780421431198826e-02
     30.7167713 1.043458812968393e-01
     30.7718192 1.074287865245176e-01
     30.8268672 8.890688222687793e-02
     30.8819152 1.047661854895487e-01
     30.9369632 9.699467924423566e-02
     30.9920111 9.836623122093889e-02
     31.0470591 9.291958196246236e-02
     31.1021071 9.391101119715066e-02
     31.1571551 9.769230569117054e-02
     31.2122030 1.015706519189157e-01
     31.2672510 1.018366673719408e-01
     31.3222990 9.619236267782029e-02
     31.3773470 9.495332844398703e-02
     31.4323950 9.541374129187320e-02
     31.4874429 9.544269533395493e-02
     31.5424909 9.387189600775293e-02
     31.5975389 9.444399711212796e-02
     31.6525869 9.521276218832242e-02
     31.7076348 1.021994293788082e-01
     31.7626828 1.000541130257164e-01
     31.8177308 1.018448030900745e-01
     31.8727788 1.037860493250376e-01
     31.9278268 1.070744343439912e-01
     31.9828747 1.089716143517594e-01
     32.0379227 1.100990927989218e-01
     32.0929707 1.088073020208375e-01
     32.1480187 1.119985223298667e-01
     32.2030666 1.026724081268271e-01
     32.2581146 1.017102505157535e-01
     32.3131626 1.085552308177188e-01
     32.3682106 1.151205808937481e-01
     32.4232585 1.218520265364990e-01
     32.4783065 1.283596645504150e-01
     32.5333545 1.355451173374115e-01
     32.5884025 1.423372705485916e-01
     32.6434505 1.516517226151253e-01
     32.6984984 1.583510353881195e-01
     32.7535464 1.646038980014342e-01
     32.8085944 1.708661033210089e-01
     32.8636424 1.779512386505770e-01
     32.9186903 1.798899451046334e-01
     32.9737383 1.698010021378899e-01
     33.0287863 1.726429176349596e-01
     33.0838343 1.768676115758722e-01
     33.1388822 1.794449152411365e-01
     33.1939302 1.810115334952998e-01
     33.2489782 1.834990823311055e-01
     33.3040262 1.876716491898570e-01
     33.3590742 1.894376198984518e-01
     33.4141221 1.913501450509100e-01
     33.4691701 1.936810962324532e-01
     33.5242181 1.958875453238768e-01
     33.5792661 1.980036700536648e-01
     33.6343140 2.039980850371208e-01
     33.6893620 2.088833571915016e-01
     33.7444100 2.136354312469684e-01
     33.7994580 2.384138936676894e-01
     33.8545060 2.456295152672825e-01
     33.9095539 2.482279006118748e-01
     33.9646019 2.522053291635823e-01
     34.0196499 2.524024283011563e-01
     34.0746979 2.554178560423310e-01
     34.1297458 2.738454464389105e-01
     34.1847938 2.805893708489410e-01
     34.2398418 2.766084803459818e-01
     34.2948898 2.771351651773943e-01
     34.3499377 2.709270315809946e-01
     34.4049857 2.643192336576221e-01
     34.4600337 2.546001660815536e-01
     34.5150817 2.496865387065732e-01
     34.5701297 2.400755479410025e-01
     34.6251776 2.384141041616450e-01
     34.6802256 2.335282881541270e-01
     34.7352736 2.140746584681973e-01
     34.7903216 1.655996381952616e-01
     34.8453695 1.618262664719069e-01
     34.9004175 1.712391742879961e-01
     34.9554655 1.746347108172389e-01
     35.0105135 1.671311420544073e-01
     35.0655614 1.571449736278727e-01
     35.1206094 1.357587394651816e-01
     35.1756574 1.149626945078441e-01
     35.2307054 1.334788096574601e-01
     35.2857534 1.161625649989494e-01
     35.3408013 9.310300444877646e-02
     35.3958493 8.283458773932444e-02
     35.4508973 7.248204388896458e-02
     35.5059453 8.209046012001502e-02
     35.5609932 9.626467246287569e-02
     35.6160412 1.092747941147596e-01
     35.6710892 1.136313033127304e-01
     35.7261372 1.129387979142370e-01
     35.7811852 1.179396450199103e-01
     35.8362331 1.255305543720389e-01
     35.8912811 1.363376746859244e-01
     35.9463291 1.433341327076447e-01
     36.0013771 1.476282282632017e-01
     36.0564250 1.475124810100890e-01
     36.1114730 1.490748415729335e-01
     36.1665210 1.602098511089886e-01
     36.2215690 1.629443695922540e-01
     36.2766169 1.715995485819108e-01
     36.3316649 1.751830533769733e-01
     36.3867129 1.741148767647469e-01
     36.4417609 1.749211917763522e-01
     36.4968089 1.751568308244896e-01
     36.5518568 1.652484840852433e-01
     36.6069048 1.541280090806970e-01
     36.6619528 1.671441999671941e-01
     36.7170008 1.667312412011222e-01
     36.7720487 1.784500561669820e-01
     36.8270967 1.969295767117699e-01
     36.8821447 1.773900565355643e-01
     36.9371927 1.774806337717317e-01
     36.9922406 1.814310885569822e-01
     37.0472886 1.877551593036779e-01
     37.1023366 1.949300117386834e-01
     37.1573846 1.995782492630182e-01
     37.2124326 2.046287224611792e-01
     37.2674805 2.094380438455588e-01
     37.3225285 2.100985586479966e-01
     37.3775765 2.201281213802706e-01
     37.4326245 2.286995421636568e-01
     37.4876724 2.332721509642694e-01
     37.5427204 2.430032536270644e-01
     37.5977684 2.683508957622014e-01
     37.6528164 2.938853147345621e-01
     37.7078644 3.189246109350537e-01
     37.7629123 3.403715552460450e-01
     37.8179603 3.658224764917854e-01
     37.8730083 4.043180863769977e-01
     37.9280563 4.296372264672588e-01
     37.9831042 4.550608389292923e-01
     38.0381522 4.867180500816218e-01
     38.0932002 5.064941902392550e-01
     38.1482482 5.107583806717134e-01
     38.2032961 5.821934972917177e-01
     38.2583441 7.175112638777620e-01
     38.3133921 8.992369300772700e-01
     38.3684401 9.211801728132275e-01
     38.4234881 1.017590766303676e+00
     38.4785360 1.159222835428387e+00
     38.5335840 1.453353054976560e+00
     38.5886320 1.264314489619835e+00
     38.6436800 1.562447647633264e+00
     38.6987279 1.135985486960397e+00
     38.7537759 1.368561587631207e+00
     38.8088239 1.435445494372723e+00
     38.8638719 1.382895785213156e+00
     38.9189199 1.370487224628739e+00
     38.9739678 1.324627379282432e+00
     39.0290158 1.342778833394883e+00
     39.0840638 1.638346390499894e+00
     39.1391118 1.565029139032275e+00
     39.1941597 1.651858408960105e+00
     39.2492077 1.735287090713807e+00
     39.3042557 1.696372647525931e+00
     39.3593037 1.577902242453298e+00
     39.4143516 1.431341942137255e+00
     39.4693996 1.222531763778253e+00
     39.5244476 9.401436617618604e-01
     39.5794956 6.624337536801138e-01
     39.6345436 6.518230246693872e-01
     39.6895915 6.617018297090757e-01
     39.7446395 6.033962601008704e-01
     39.7996875 5.405743425570734e-01
     39.8547355 4.849224532333456e-01
     39.9097834 3.994767860153801e-01
     39.9648314 3.669201137167288e-01
     40.0198794 3.558392199310902e-01
     40.0749274 3.460008000406479e-01
     40.1299753 4.022754393403134e-01
     40.1850233 4.403749155141703e-01
     40.2400713 3.938294050673428e-01
     40.2951193 3.924252083454826e-01
     40.3501673 3.773286924102638e-01
     40.4052152 3.320506386205499e-01
     40.4602632 2.798188587226585e-01
     40.5153112 2.703494646550862e-01
     40.5703592 2.426634035046360e-01
     40.6254071 2.601553623830635e-01
     40.6804551 3.835367375697717e-01
     40.7355031 4.622404048786413e-01
     40.7905511 5.099662257396781e-01
     40.8455991 5.539805601439266e-01
     40.9006470 6.029858402140054e-01
     40.9556950 6.449703050464692e-01
     41.0107430 7.181495611975860e-01
     41.0657910 6.878095020029603e-01
     41.1208389 6.398570395546360e-01
     41.1758869 5.439623379649483e-01
     41.2309349 5.041832344060677e-01
     41.2859829 1.164062474125299e+00
     41.3410308 4.559357103696536e-01
     41.3960788 4.460483816970373e-01
     41.4511268 4.451667226138402e-01
     41.5061748 4.700265487320354e-01
     41.5612228 4.815470882089290e-01
     41.6162707 4.727581813249472e-01
     41.6713187 5.058670038008269e-01
     41.7263667 5.162660822021805e-01
     41.7814147 4.502586433949933e-01
     41.8364626 4.446986611044395e-01
     41.8915106 5.110157542609736e-01
     41.9465586 5.083266802858371e-01
     42.0016066 4.699917459534977e-01
     42.0566545 4.588405633831983e-01
     42.1117025 4.494704757943294e-01
     42.1667505 4.352289199318682e-01
     42.2217985 4.250017455040327e-01
     42.2768465 4.024646651489956e-01
     42.3318944 3.902644311343222e-01
     42.3869424 3.769039511123919e-01
     42.4419904 4.025534174364755e-01
     42.4970384 3.963469387998074e-01
     42.5520863 4.111362251721297e-01
     42.6071343 3.456502412353502e-01
     42.6621823 3.353339771287772e-01
     42.7172303 3.193065936736932e-01
     42.7722783 3.136505907546676e-01
     42.8273262 3.081175509024329e-01
     42.8823742 3.027113075475560e-01
     42.9374222 2.974356941206017e-01
     42.9924702 2.948194464304502e-01
     43.0475181 2.893007919651178e-01
     43.1025661 2.905591415287239e-01
     43.1576141 2.863517715435412e-01
     43.2126621 2.796202012472657e-01
     43.2677100 2.732039254331848e-01
     43.3227580 2.618239743297409e-01
     43.3778060 2.563654759849864e-01
     43.4328540 2.514619134790550e-01
     43.4879020 2.471038141711383e-01
     43.5429499 2.602724967915525e-01
     43.5979979 2.508781209937972e-01
     43.6530459 2.432748098116717e-01
     43.7080939 2.370711651381895e-01
     43.7631418 2.300698792552282e-01
     43.8181898 2.261203275485525e-01
     43.8732378 2.233705765793783e-01
     43.9282858 2.215695383470371e-01
     43.9833337 2.205206218573225e-01
     44.0383817 2.207256423876046e-01
     44.0934297 2.182933960980443e-01
     44.1484777 2.085588838283992e-01
     44.2035257 2.023496855875913e-01
     44.2585736 1.993905331162517e-01
     44.3136216 1.951427525684562e-01
     44.3686696 1.929792981333314e-01
     44.4237176 1.858018517789731e-01
     44.4787655 1.816036897684669e-01
     44.5338135 1.772707389752990e-01
     44.5888615 1.728605389911111e-01
     44.6439095 1.682915575453617e-01
     44.6989575 1.693358193624266e-01
     44.7540054 1.632676195621182e-01
     44.8090534 1.628293885468885e-01
     44.8641014 1.562562494004282e-01
     44.9191494 1.498041604163926e-01
     44.9741973 1.434646197929178e-01
     45.0292453 1.447035738147919e-01
     45.0842933 1.447448985448635e-01
     45.1393413 1.343799918926621e-01
     45.1943892 1.246729491516783e-01
     45.2494372 1.156640177137998e-01
     45.3044852 1.073943832194199e-01
     45.3595332 9.990523130893508e-02
     45.4145812 9.969897448600917e-02
     45.4696291 1.044571605210205e-01
     45.5246771 9.558708616241202e-02
     45.5797251 8.770542958379812e-02
     45.6347731 8.047355414132365e-02
     45.6898210 7.416221916217625e-02
     45.7448690 6.854474044167135e-02
     45.7999170 6.348852550465756e-02
     45.8549650 5.894304937365299e-02
     45.9100129 5.469017415864891e-02
     45.9650609 5.083672689085069e-02
     46.0201089 4.722660717596605e-02
     46.0751569 4.382385027028043e-02
     46.1302049 4.084175762023883e-02
     46.1852528 3.865558207616560e-02
     46.2403008 3.671702829589815e-02
     46.2953488 3.501141169765453e-02
     46.3503968 3.354691554083655e-02
     46.4054447 3.228871837947445e-02
     46.4604927 3.122088676047509e-02
     46.5155407 3.031718256937287e-02
     46.5705887 2.953863654556266e-02
     46.6256367 2.887380265463201e-02
     46.6806846 2.831229980789152e-02
     46.7357326 2.809522784651911e-02
     46.7907806 2.806302349898717e-02
     46.8458286 2.802882473873690e-02
     46.9008765 2.794452232977322e-02
     46.9559245 2.780954814084464e-02
     47.0109725 2.762706925960852e-02
     47.0660205 2.740025277372214e-02
     47.1210684 2.713226577084277e-02
     47.1761164 2.682627533862779e-02
     47.2311644 2.648544856473447e-02
     47.2862124 2.611328468415675e-02
     47.3412604 2.571641293896963e-02
     47.3963083 2.607098613418115e-02
     47.4513563 2.560038646962091e-02
     47.5064043 2.511438922846755e-02
     47.5614523 2.418236381555559e-02
     47.6165002 2.313725823334158e-02
     47.6715482 2.282651965765188e-02
     47.7265962 2.259893912412257e-02
     47.7816442 2.236944389573450e-02
     47.8366921 2.213801559179305e-02
     47.8917401 2.190463583160354e-02
     47.9467881 2.166928623447126e-02
     48.0018361 2.143194841970153e-02
     48.0568841 2.119260400659973e-02
     48.1119320 2.095123461447115e-02
     48.1669800 2.070782186262108e-02
     48.2220280 2.046234737035492e-02
     48.2770760 2.021479275697795e-02
     48.3321239 1.996513964179546e-02
     48.3871719 1.971336964411285e-02
     48.4422199 1.945946438323541e-02
     48.4972679 1.920340547846843e-02
     48.5523159 1.894517454911730e-02
     48.6073638 1.868475321448730e-02
     48.6624118 1.933669239647412e-02
     48.7174598 1.893421133639435e-02
     48.7725078 1.852470938583129e-02
     48.8275557 1.810844527355189e-02
     48.8826037 1.768567772832331e-02
     48.9376517 1.725666547891251e-02
     48.9926997 1.682166725408647e-02
     49.0477476 1.638094178261232e-02
     49.1027956 1.593474779325704e-02
     49.1578436 1.548334401478760e-02
     49.2128916 1.502698917597114e-02
     49.2679396 1.464188460237217e-02
     49.3229875 1.431745268949584e-02
     49.3780355 1.399032251443989e-02
     49.4330835 1.366074307585286e-02
     49.4881315 1.332896337238332e-02
     49.5431794 1.299523240267994e-02
     49.5982274 1.265979916539129e-02
     49.6532754 1.232291265916592e-02
     49.7083234 1.198482188265250e-02
     49.7633714 1.164577583449960e-02
     49.8184193 1.130602351335577e-02
     49.8734673 1.096581391786970e-02
     49.9285153 1.095079058849280e-02
     49.9835633 1.065111613494799e-02
     50.0386112 1.035834246223956e-02
     50.0936592 1.007254293081348e-02
     50.1487072 9.793790901115739e-03
     50.2037552 9.522159733592408e-03
     50.2588031 9.257722788689457e-03
     50.3138511 9.000553426852870e-03
     50.3688991 8.750725008528722e-03
     50.4239471 8.508310894162988e-03
     50.4789951 8.273384444201644e-03
     50.5340430 8.046019019090767e-03
     50.5890910 7.826287979276333e-03
     50.6441390 7.614264685204325e-03
     50.6991870 7.410022497320808e-03
     50.7542349 7.213634776071763e-03
     50.8092829 7.025174881903173e-03
     50.8643309 6.844716175261102e-03
     50.9193789 6.672332016591533e-03
     50.9744268 6.644072246682168e-03
     51.0294748 7.115191461221857e-03
     51.0845228 8.286196280012155e-03
     51.1395708 8.197661332468740e-03
     51.1946188 8.060083588328585e-03
     51.2496667 7.917732982675667e-03
     51.3047147 7.770750633259815e-03
     51.3597627 7.619277657830906e-03
     51.4148107 7.463455174138762e-03
     51.4698586 7.303424299933203e-03
     51.5249066 7.139326152964115e-03
     51.5799546 6.971301850981318e-03
     51.6350026 6.799492511734628e-03
     51.6900506 6.624039252973939e-03
     51.7450985 6.445083192449061e-03
     51.8001465 6.262765447909820e-03
     51.8551945 6.077227137106101e-03
     51.9102425 5.888609377787722e-03
     51.9652904 5.697053287704501e-03
     52.0203384 5.502699984606329e-03
     52.0753864 5.305690586243020e-03
     52.1304344 5.106166210364396e-03
     52.1854823 4.904267974720346e-03
     52.2405303 4.700136997060688e-03
     52.2955783 4.493914395135233e-03
     52.3506263 4.285741286693880e-03
     52.4056743 4.075758789486443e-03
     52.4607222 3.864108021262736e-03
     52.5157702 3.650930099772654e-03
     52.5708182 3.436366142766014e-03
     52.6258662 3.252107714945035e-03
     52.6809141 3.109816998276733e-03
     52.7359621 2.969610431760139e-03
     52.7910101 2.831576741073223e-03
     52.8460581 2.695783940622239e-03
     52.9011060 2.561987406795525e-03
     52.9561540 2.430185544057118e-03
     53.0112020 2.300501061368093e-03
     53.0662500 2.173056667689471e-03
     53.1212980 2.047975071982273e-03
     53.1763459 1.925378983207573e-03
     53.2313939 1.805391110326395e-03
     53.2864419 1.688134162299760e-03
     53.3414899 1.573730848088738e-03
     53.3965378 1.462303876654355e-03
     53.4515858 1.353975956957634e-03
     53.5066338 1.248869797959644e-03
     53.5616818 1.147108108621410e-03
     53.6167298 1.048813597903970e-03
     53.6717777 9.541089747683520e-04
     53.7268257 8.631169481756194e-04
     53.7818737 7.759602270867989e-04
     53.8369217 6.927615204629189e-04
     53.8919696 6.136435372650407e-04
     53.9470176 5.387289864541921e-04
     54.0020656 4.681405769914036e-04
     54.0571136 4.020010178377325e-04
     54.1121615 3.404330179542087e-04
     54.1672095 2.835592863018645e-04
     54.2222575 2.315025318417534e-04
     54.2773055 1.843854635349073e-04
     54.3323535 1.423307903423601e-04
     54.3874014 1.054612212251619e-04
     54.4424494 7.389946514434618e-05
     54.4974974 4.776823106094907e-05
     54.5525454 2.719022793601650e-05
     54.6075933 1.228816473058393e-05
     54.6626413 3.184750405689776e-06
     54.7176893 2.693922375582371e-09
     54.7727373 0.000000000000000e+00
     54.8277852 0.000000000000000e+00
     54.8828332 0.000000000000000e+00
     54.9378812 0.000000000000000e+00
     54.9929292 0.000000000000000e+00
