      0.0000000 0.000000000000000e+00
      0.0946694 6.970645636288448e-08
      0.1893388 5.299075892648160e-07
      0.2840082 1.649392845131358e-06
      0.3786776 3.564116671670357e-06
      0.4733470 6.327590097810108e-06
      0.5680164 1.075624992318790e-05
      0.6626858 1.682439869786670e-05
      0.7573552 2.468528846289233e-05
      0.8520246 3.469958132953754e-05
      0.9466940 4.718285213586512e-05
      1.0413634 6.096555328272812e-05
      1.1360328 7.542772387489948e-05
      1.2307022 9.127421258888831e-05
      1.3253715 1.092192071509950e-04
      1.4200409 1.291465480194746e-04
      1.5147103 1.513226169149187e-04
      1.6093797 1.760040934447088e-04
      1.7040491 2.022407465658118e-04
      1.7987185 2.619244304134941e-04
      1.8933879 3.772903544355762e-04
      1.9880573 5.167194201832198e-04
      2.0827267 6.805925131942381e-04
      2.1773961 8.168414212112476e-04
      2.2720655 9.511896503842190e-04
      2.3667349 1.060107217852074e-03
      2.4614043 1.213951518293333e-03
      2.5560737 1.292356704553432e-03
      2.6507431 1.316672404766601e-03
      2.7454125 1.368327982030582e-03
      2.8400819 1.432919748749275e-03
      2.9347513 1.529057421746621e-03
      3.0294207 1.634910103174127e-03
      3.1240901 1.750642816247719e-03
      3.2187595 1.806500790414503e-03
      3.3134289 1.782371898847910e-03
      3.4080983 1.828942580887479e-03
      3.5027677 1.884908621981579e-03
      3.5974371 1.938033441915958e-03
      3.6921065 1.982675434876118e-03
      3.7867759 2.013445677813102e-03
      3.8814453 2.057624048177243e-03
      3.9761146 2.106655097973368e-03
      4.0707840 2.153662355767980e-03
      4.1654534 2.163731710953263e-03
      4.2601228 2.171320677824253e-03
      4.3547922 2.187605043997294e-03
      4.4494616 2.198546729741273e-03
      4.5441310 2.208053777964791e-03
      4.6388004 2.232471056312295e-03
      4.7334698 2.258093561662689e-03
      4.8281392 2.286563568161342e-03
      4.9228086 2.318009868992547e-03
      5.0174780 2.349241590573324e-03
      5.1121474 2.380032115078513e-03
      5.2068168 2.409227608598510e-03
      5.3014862 2.434738056252358e-03
      5.3961556 2.448968061692740e-03
      5.4908250 2.446949246793418e-03
      5.5854944 2.451138396441936e-03
      5.6801638 2.457009450520565e-03
      5.7748332 2.466840249520853e-03
      5.8695026 2.481748288469342e-03
      5.9641720 2.497621841477480e-03
      6.0588414 2.514366199157724e-03
      6.1535108 2.535462638493917e-03
      6.2481802 2.557481804674738e-03
      6.3428496 2.580613069410237e-03
      6.4375190 2.603539581650078e-03
      6.5321884 2.626261439993129e-03
      6.6268577 2.648778743038261e-03
      6.7215271 2.671173463471913e-03
      6.8161965 2.687604245465266e-03
      6.9108659 2.691999248108798e-03
      7.0055353 2.700825367751200e-03
      7.1002047 2.706828490399984e-03
      7.1948741 2.716884055128262e-03
      7.2895435 2.728879530497216e-03
      7.3842129 2.743246006647961e-03
      7.4788823 2.758815430610232e-03
      7.5735517 2.774428665254323e-03
      7.6682211 2.789864041093155e-03
      7.7628905 2.805186138322399e-03
      7.8575599 2.820382245216234e-03
      7.9522293 2.835825199632347e-03
      8.0468987 2.852679364997158e-03
      8.1415681 2.870025599604027e-03
      8.2362375 2.887345779936563e-03
      8.3309069 2.904633830253486e-03
      8.4255763 2.921902151142523e-03
      8.5202457 2.938786848151300e-03
      8.6149151 2.952753252026042e-03
      8.7095845 2.965201683164379e-03
      8.8042539 2.978793211273257e-03
      8.8989233 2.992648418440784e-03
      8.9935927 3.006611128338092e-03
      9.0882621 3.020553489394852e-03
      9.1829315 3.034301819197841e-03
      9.2776008 3.048112147862372e-03
      9.3722702 3.062320738774151e-03
      9.4669396 3.076541748054619e-03
      9.5616090 3.090743441827688e-03
      9.6562784 3.105027863276535e-03
      9.7509478 3.119359479531466e-03
      9.8456172 3.133656060225992e-03
      9.9402866 3.147904492496854e-03
     10.0349560 3.162104782434980e-03
     10.1296254 3.176922046565393e-03
     10.2242948 3.192435104298944e-03
     10.3189642 3.215464983185225e-03
     10.4136336 3.248086496496898e-03
     10.5083030 3.270732345354622e-03
     10.6029724 3.292892828526595e-03
     10.6976418 3.314365021674584e-03
     10.7923112 3.332470395120231e-03
     10.8869806 3.350270179190380e-03
     10.9816500 3.367994167281008e-03
     11.0763194 3.385711930339444e-03
     11.1709888 3.403241294328298e-03
     11.2656582 3.420843179358395e-03
     11.3603276 3.438450159281752e-03
     11.4549970 3.455435227707802e-03
     11.5496664 3.472390914168665e-03
     11.6443358 3.489980319001833e-03
     11.7390052 3.507277098136939e-03
     11.8336746 3.524461478886092e-03
     11.9283439 3.542119759731170e-03
     12.0230133 3.560026658031244e-03
     12.1176827 3.591904592054426e-03
     12.2123521 3.645569989250059e-03
     12.3070215 3.688421321630050e-03
     12.4016909 3.716888853266794e-03
     12.4963603 3.745512683619707e-03
     12.5910297 3.774211640145039e-03
     12.6856991 3.802894368613544e-03
     12.7803685 3.831431225919585e-03
     12.8750379 3.857001878678370e-03
     12.9697073 3.881855586179411e-03
     13.0643767 3.906943132206357e-03
     13.1590461 3.932281667331380e-03
     13.2537155 3.957871193296715e-03
     13.3483849 3.983711773067110e-03
     13.4430543 4.009915570392418e-03
     13.5377237 4.036781473255083e-03
     13.6323931 4.063814797992482e-03
     13.7270625 4.091154218780627e-03
     13.8217319 4.125280176681379e-03
     13.9164013 4.212496777017599e-03
     14.0110707 4.275787257798404e-03
     14.1057401 4.333219576938645e-03
     14.2004095 4.389112653260575e-03
     14.2950789 4.436372172977047e-03
     14.3897483 4.480903149147744e-03
     14.4844176 4.525567924607781e-03
     14.5790870 4.571218175542967e-03
     14.6737564 4.618916167787319e-03
     14.7684258 4.667459110892463e-03
     14.8630952 4.716109362264360e-03
     14.9577646 4.764569972979732e-03
     15.0524340 4.813990242398659e-03
     15.1471034 4.864475576643479e-03
     15.2417728 4.925688477135039e-03
     15.3364422 4.983410885332652e-03
     15.4311116 5.071842175528661e-03
     15.5257810 5.214014688092174e-03
     15.6204504 5.336691262078943e-03
     15.7151198 5.439028598620189e-03
     15.8097892 5.543532206653632e-03
     15.9044586 5.649801410812012e-03
     15.9991280 5.756595663329687e-03
     16.0937974 5.860897634520979e-03
     16.1884668 5.966722456386307e-03
     16.2831362 6.074964634066291e-03
     16.3778056 6.185628908403050e-03
     16.4724750 6.301249613253537e-03
     16.5671444 6.437370518804710e-03
     16.6618138 6.592353796655503e-03
     16.7564832 6.799711200696807e-03
     16.8511526 7.119087207146321e-03
     16.9458220 7.398426325648667e-03
     17.0404914 7.663613778933688e-03
     17.1351607 7.919953973029954e-03
     17.2298301 8.188275210005017e-03
     17.3244995 8.549671840936267e-03
     17.4191689 9.006184544334786e-03
     17.5138383 9.522306619320202e-03
     17.6085077 1.005857914574306e-02
     17.7031771 1.063257878161134e-02
     17.7978465 1.142978052020397e-02
     17.8925159 1.300354293971002e-02
     17.9871853 1.542458101826344e-02
     18.0818547 1.833507218784304e-02
     18.1765241 2.526838127690683e-02
     18.2711935 2.857938920481468e-02
     18.3658629 6.176802015795683e-03
     18.4605323 3.086984396736636e-03
     18.5552017 1.901676649886126e-03
     18.6498711 1.527284414486120e-03
     18.7445405 9.401695471203949e-04
     18.8392099 9.583783261551391e-04
     18.9338793 9.715821313061203e-04
     19.0285487 9.852960075845615e-04
     19.1232181 9.989252170466700e-04
     19.2178875 1.011390728552157e-03
     19.3125569 1.024827612604252e-03
     19.4072263 1.037981103021191e-03
     19.5018957 1.051227949466105e-03
     19.5965651 1.064568154127318e-03
     19.6912345 1.077999486870132e-03
     19.7859038 1.095181847852224e-03
     19.8805732 1.114163161531206e-03
     19.9752426 1.133389692214715e-03
     20.0699120 1.152836023335817e-03
     20.1645814 1.172496477490541e-03
     20.2592508 1.192383440814827e-03
     20.3539202 1.212479855710432e-03
     20.4485896 1.231753806569803e-03
     20.5432590 1.249233141413431e-03
     20.6379284 1.266659646597363e-03
     20.7325978 1.284139775692336e-03
     20.8272672 1.301704699017820e-03
     20.9219366 1.319375559038990e-03
     21.0166060 1.337152355337750e-03
     21.1112754 1.355035087496004e-03
     21.2059448 1.374120694679824e-03
     21.3006142 1.394284478961310e-03
     21.3952836 1.413387120255345e-03
     21.4899530 1.431729882046214e-03
     21.5846224 1.449284554024817e-03
     21.6792918 1.466887893839541e-03
     21.7739612 1.483501556111007e-03
     21.8686306 1.501030284624093e-03
     21.9633000 1.519779382928084e-03
     22.0579694 1.540300749025349e-03
     22.1526388 1.563501154509049e-03
     22.2473082 1.589428498414055e-03
     22.3419776 1.618083110119262e-03
     22.4366469 1.649432689532677e-03
     22.5313163 1.683256234637913e-03
     22.6259857 1.722211947823787e-03
     22.7206551 1.766718765900351e-03
     22.8153245 1.810197012677766e-03
     22.9099939 1.856431243808268e-03
     23.0046633 1.905445613529158e-03
     23.0993327 1.958534483610563e-03
     23.1940021 2.028015535952337e-03
     23.2886715 2.159902749512588e-03
     23.3833409 2.729105066579903e-03
     23.4780103 3.581869716569369e-03
     23.5726797 4.657148156341891e-03
     23.6673491 5.983301934198733e-03
     23.7620185 7.318658652823139e-03
     23.8566879 8.705451478872200e-03
     23.9513573 1.027570214055180e-02
     24.0460267 1.170640066067043e-02
     24.1406961 1.329980117110813e-02
     24.2353655 1.553189075337075e-02
     24.3300349 1.855514299217554e-02
     24.4247043 2.252272947469757e-02
     24.5193737 4.687431231023736e-02
     24.6140431 6.291000476095952e-02
     24.7087125 7.379465635539030e-02
     24.8033819 6.482879811829119e-02
     24.8980513 6.541169753714203e-02
     24.9927207 6.715678700464593e-02
     25.0873900 6.916974981855552e-02
     25.1820594 7.094359846593891e-02
     25.2767288 7.419113747289068e-02
     25.3713982 7.255229759215391e-02
     25.4660676 6.539547726380905e-02
     25.5607370 6.223000880845934e-02
     25.6554064 6.370709930809344e-02
     25.7500758 6.734853423364248e-02
     25.8447452 7.066189429342797e-02
     25.9394146 7.185938054810055e-02
     26.0340840 7.322196235721420e-02
     26.1287534 7.583326304505809e-02
     26.2234228 8.091026012095585e-02
     26.3180922 8.824578686176165e-02
     26.4127616 9.564216590081898e-02
     26.5074310 1.030314941769516e-01
     26.6021004 1.110799280954276e-01
     26.6967698 1.220290304734460e-01
     26.7914392 1.288275224185292e-01
     26.8861086 1.371168067957519e-01
     26.9807780 1.542034142241953e-01
     27.0754474 1.959071542225871e-01
     27.1701168 3.963410868914959e-01
     27.2647862 3.134676885025622e-01
     27.3594556 2.250159061088692e-01
     27.4541250 1.778331028409798e-01
     27.5487944 1.496979687530756e-01
     27.6434637 1.210841824915949e-01
     27.7381331 1.197852827132070e-01
     27.8328025 1.102143759168758e-01
     27.9274719 7.925385573655458e-02
     28.0221413 2.355983241760281e-02
     28.1168107 8.919668698022742e-03
     28.2114801 8.044859115830470e-03
     28.3061495 7.265421873632448e-03
     28.4008189 6.578913834214378e-03
     28.4954883 5.981189988904079e-03
     28.5901577 5.471301258342242e-03
     28.6848271 5.047823494536602e-03
     28.7794965 4.719640113056821e-03
     28.8741659 4.475079040267116e-03
     28.9688353 4.305517595746655e-03
     29.0635047 4.194764285921386e-03
     29.1581741 4.124518566914609e-03
     29.2528435 4.096027962622784e-03
     29.3475129 4.088139261150589e-03
     29.4421823 4.098890267723463e-03
     29.5368517 4.126900429622295e-03
     29.6315211 4.167126562108158e-03
     29.7261905 4.217171611504908e-03
     29.8208599 4.270918288452973e-03
     29.9155293 4.337224736617590e-03
     30.0101987 4.391692851921636e-03
     30.1048681 4.447844542646326e-03
     30.1995375 4.512106949817588e-03
     30.2942068 4.621541899919005e-03
     30.3888762 4.723108792465107e-03
     30.4835456 4.800555096100578e-03
     30.5782150 4.875759905400892e-03
     30.6728844 4.951337733236807e-03
     30.7675538 5.027227558579158e-03
     30.8622232 5.103355078028702e-03
     30.9568926 5.178828494005244e-03
     31.0515620 5.250731580019108e-03
     31.1462314 5.322315003504261e-03
     31.2409008 5.391735034846229e-03
     31.3355702 5.461109406608350e-03
     31.4302396 5.532988976688549e-03
     31.5249090 5.771597401254199e-03
     31.6195784 5.967044652188111e-03
     31.7142478 6.092974090881032e-03
     31.8089172 6.219076260873074e-03
     31.9035866 6.347453324683185e-03
     31.9982560 6.479824197630174e-03
     32.0929254 6.749222507329484e-03
     32.1875948 7.206063883609230e-03
     32.2822642 7.743922355388529e-03
     32.3769336 8.499290798014703e-03
     32.4716030 8.562796447141661e-03
     32.5662724 8.414930217169431e-03
     32.6609418 8.260152648831761e-03
     32.7556112 8.094702845381148e-03
     32.8502806 7.887647888768740e-03
     32.9449499 7.404620649768760e-03
     33.0396193 6.999939895916732e-03
     33.1342887 7.004845285653331e-03
     33.2289581 7.044152722582169e-03
     33.3236275 7.075435090656421e-03
     33.4182969 7.099379741829777e-03
     33.5129663 7.124017907795562e-03
     33.6076357 7.175384030517322e-03
     33.7023051 7.237644114219411e-03
     33.7969745 7.299824777420218e-03
     33.8916439 7.351076695748682e-03
     33.9863133 7.385212425335518e-03
     34.0809827 7.406051931172158e-03
     34.1756521 7.415224768900541e-03
     34.2703215 7.423321066602747e-03
     34.3649909 7.401988515058828e-03
     34.4596603 7.367768412939382e-03
     34.5543297 7.319131068163179e-03
     34.6489991 7.237008657620670e-03
     34.7436685 7.172647495406716e-03
     34.8383379 7.082252876503344e-03
     34.9330073 7.074705833006428e-03
     35.0276767 7.072531233916404e-03
     35.1223461 7.076802225065616e-03
     35.2170155 7.108483670949903e-03
     35.3116849 7.122300935179910e-03
     35.4063543 7.206267434603291e-03
     35.5010237 7.329451110728175e-03
     35.5956930 7.510297388170793e-03
     35.6903624 7.969053797455930e-03
     35.7850318 8.353736602045180e-03
     35.8797012 8.855360323006566e-03
     35.9743706 9.371405914917856e-03
     36.0690400 9.788961281459724e-03
     36.1637094 1.029584992155767e-02
     36.2583788 1.085435120505910e-02
     36.3530482 1.144975775014441e-02
     36.4477176 1.214854421941382e-02
     36.5423870 1.294096364614910e-02
     36.6370564 1.364186847388099e-02
     36.7317258 1.442849674417059e-02
     36.8263952 1.538142217552848e-02
     36.9210646 1.575228559670465e-02
     37.0157340 1.601704744719649e-02
     37.1104034 1.604542266755523e-02
     37.2050728 1.620746093329517e-02
     37.2997422 1.651362936000345e-02
     37.3944116 1.937854415918795e-02
     37.4890810 2.384201038939262e-02
     37.5837504 2.656442857111622e-02
     37.6784198 2.019544625638333e-02
     37.7730892 1.923066195617572e-02
     37.8677586 1.766198187907638e-02
     37.9624280 1.684386184515348e-02
     38.0570974 1.624981133937365e-02
     38.1517668 1.639822692533148e-02
     38.2464361 1.613244045637912e-02
     38.3411055 1.596349560870403e-02
     38.4357749 1.586314201663623e-02
     38.5304443 1.524935542824343e-02
     38.6251137 1.471008188409667e-02
     38.7197831 1.454405089959735e-02
     38.8144525 1.437781037341201e-02
     38.9091219 1.421053043481336e-02
     39.0037913 1.417624120140468e-02
     39.0984607 1.416835924892561e-02
     39.1931301 1.424726361487809e-02
     39.2877995 1.438425691994313e-02
     39.3824689 1.450665291162300e-02
     39.4771383 1.459755596361408e-02
     39.5718077 1.566962398455812e-02
     39.6664771 1.539188530276143e-02
     39.7611465 1.484296740050633e-02
     39.8558159 1.497490727430908e-02
     39.9504853 1.496525038722274e-02
     40.0451547 1.491689343071498e-02
     40.1398241 1.488257124097423e-02
     40.2344935 1.489405262766626e-02
     40.3291629 1.488877750693148e-02
     40.4238323 1.485386722311022e-02
     40.5185017 1.503855203985327e-02
     40.6131711 1.512807313066947e-02
     40.7078405 1.515262410358464e-02
     40.8025098 1.517495268023481e-02
     40.8971792 1.527558576494983e-02
     40.9918486 1.512182175502304e-02
     41.0865180 1.528498329985917e-02
     41.1811874 1.519279419053944e-02
     41.2758568 1.526293611502678e-02
     41.3705262 1.535577004973048e-02
     41.4651956 1.545558586404394e-02
     41.5598650 1.560320423891162e-02
     41.6545344 1.581018082762236e-02
     41.7492038 1.575993275320848e-02
     41.8438732 1.584017502694242e-02
     41.9385426 1.599560089144906e-02
     42.0332120 1.616965905487099e-02
     42.1278814 1.621529705450056e-02
     42.2225508 1.628755446119948e-02
     42.3172202 1.643335772988100e-02
     42.4118896 1.653888091690266e-02
     42.5065590 1.663585485371438e-02
     42.6012284 1.674554248080328e-02
     42.6958978 1.686732391501954e-02
     42.7905672 1.703752461312568e-02
     42.8852366 1.747288785792355e-02
     42.9799060 1.754349675009126e-02
     43.0745754 1.767304578303837e-02
     43.1692448 1.777725196272204e-02
     43.2639142 1.788803363852883e-02
     43.3585836 1.741212817299329e-02
     43.4532529 1.741712832826920e-02
     43.5479223 1.789945164281866e-02
     43.6425917 1.786898915373232e-02
     43.7372611 1.827402947827190e-02
     43.8319305 1.920597618831926e-02
     43.9265999 1.954206824938157e-02
     44.0212693 2.054337699085178e-02
     44.1159387 2.182308708829070e-02
     44.2106081 2.294708527332923e-02
     44.3052775 2.372377572002789e-02
     44.3999469 2.415659305990264e-02
     44.4946163 2.437429216171314e-02
     44.5892857 3.702045456461019e-02
     44.6839551 3.681877284780222e-02
     44.7786245 3.712098683135267e-02
     44.8732939 3.898836606349513e-02
     44.9679633 4.104519858869193e-02
     45.0626327 4.314507740866735e-02
     45.1573021 4.473187569369808e-02
     45.2519715 4.576365876111680e-02
     45.3466409 4.717825071623188e-02
     45.4413103 4.995562267422538e-02
     45.5359797 5.180172314708528e-02
     45.6306491 5.355440628412148e-02
     45.7253185 5.535414318480195e-02
     45.8199879 6.400281888101643e-02
     45.9146573 7.800980558365038e-02
     46.0093267 6.530205640157029e-02
     46.1039960 6.143637895674914e-02
     46.1986654 5.560008679529686e-02
     46.2933348 5.381414989022085e-02
     46.3880042 5.388596823785286e-02
     46.4826736 5.564349962424181e-02
     46.5773430 4.869477957666603e-02
     46.6720124 4.548258775040779e-02
     46.7666818 6.118446431965124e-02
     46.8613512 8.672135082078862e-02
     46.9560206 9.054387855813924e-02
     47.0506900 9.531100510972913e-02
     47.1453594 1.044226648914476e-01
     47.2400288 1.110335612625903e-01
     47.3346982 1.178258429599532e-01
     47.4293676 1.259612622669151e-01
     47.5240370 1.359365726134692e-01
     47.6187064 1.542248699777728e-01
     47.7133758 1.681457633179406e-01
     47.8080452 2.073676287139476e-01
     47.9027146 2.275372837258830e-01
     47.9973840 2.208557997149898e-01
     48.0920534 2.252835322082296e-01
     48.1867228 2.318294372913233e-01
     48.2813922 2.473861780368244e-01
     48.3760616 2.434803974291724e-01
     48.4707310 2.130057146611919e-01
     48.5654004 1.846961037379546e-01
     48.6600698 1.438613847331099e-01
     48.7547391 1.181399991823681e-01
     48.8494085 9.599861616918941e-02
     48.9440779 6.714230991238380e-02
     49.0387473 4.446146629378592e-02
     49.1334167 4.673951801188075e-02
     49.2280861 5.136917435670418e-02
     49.3227555 6.938505153352169e-02
     49.4174249 5.957573178568355e-02
     49.5120943 5.250488649342613e-02
     49.6067637 4.865285204534504e-02
     49.7014331 4.866301077920013e-02
     49.7961025 4.879331874350953e-02
     49.8907719 4.850285897703633e-02
     49.9854413 4.694990172393748e-02
     50.0801107 4.570086303791959e-02
     50.1747801 4.567114680749238e-02
     50.2694495 4.571362622887961e-02
     50.3641189 4.583651571373131e-02
     50.4587883 4.551406627381902e-02
     50.5534577 4.506939721743378e-02
     50.6481271 4.466974396082091e-02
     50.7427965 4.433187353594412e-02
     50.8374659 4.420306496837918e-02
     50.9321353 4.431886691817544e-02
     51.0268047 4.452970946705151e-02
     51.1214741 4.474217772036047e-02
     51.2161435 4.491962924374630e-02
     51.3108129 4.497965422951811e-02
     51.4054822 4.533639175880595e-02
     51.5001516 4.621554944057560e-02
     51.5948210 4.712709322964983e-02
     51.6894904 4.734465302686908e-02
     51.7841598 4.692516088658690e-02
     51.8788292 4.625684939519952e-02
     51.9734986 4.551977486964611e-02
     52.0681680 4.467682391273802e-02
     52.1628374 4.413343502258065e-02
     52.2575068 4.436497264069059e-02
     52.3521762 4.570593642291579e-02
     52.4468456 4.949518924518709e-02
     52.5415150 5.262491722244706e-02
     52.6361844 5.107535967110841e-02
     52.7308538 4.922913385411062e-02
     52.8255232 5.005123221537075e-02
     52.9201926 4.916467436119559e-02
     53.0148620 4.720877347996105e-02
     53.1095314 4.105547108719249e-02
     53.2042008 4.077374440288730e-02
     53.2988702 4.155016823803863e-02
     53.3935396 4.280507278390897e-02
     53.4882090 4.381994727062088e-02
     53.5828784 4.531779177042245e-02
     53.6775478 4.755115256103085e-02
     53.7722172 4.965521411463666e-02
     53.8668866 5.092739167196456e-02
     53.9615559 5.060263440191037e-02
     54.0562253 5.127766233906526e-02
     54.1508947 5.265548573792109e-02
     54.2455641 5.393784593117901e-02
     54.3402335 5.514516779037137e-02
     54.4349029 5.698208869088573e-02
     54.5295723 5.817388598554907e-02
     54.6242417 5.942288316220284e-02
     54.7189111 6.017559072320791e-02
     54.8135805 6.030543511268640e-02
     54.9082499 6.066827595446220e-02
     55.0029193 6.330255969814413e-02
     55.0975887 6.338157543219043e-02
     55.1922581 6.365428629401738e-02
     55.2869275 6.419046652988877e-02
     55.3815969 6.477198135589060e-02
     55.4762663 6.534378791498331e-02
     55.5709357 6.586406203399919e-02
     55.6656051 6.664010271212685e-02
     55.7602745 6.733764113122415e-02
     55.8549439 6.783964840403547e-02
     55.9496133 6.896445262316069e-02
     56.0442827 8.072294372653567e-02
     56.1389521 8.201207972360829e-02
     56.2336215 1.002768572579076e-01
     56.3282909 8.911014716374316e-02
     56.4229603 7.012592403119970e-02
     56.5176297 6.699012633671958e-02
     56.6122990 6.614182819091226e-02
     56.7069684 7.103859280795784e-02
     56.8016378 7.511181526007535e-02
     56.8963072 7.634555947247364e-02
     56.9909766 7.591516374995551e-02
     57.0856460 7.775785401575666e-02
     57.1803154 8.104436534707259e-02
     57.2749848 8.654693865308329e-02
     57.3696542 9.297167933397572e-02
     57.4643236 9.103677747911242e-02
     57.5589930 8.981943804912329e-02
     57.6536624 8.695003497356800e-02
     57.7483318 8.619522755568576e-02
     57.8430012 8.739928129306014e-02
     57.9376706 8.854351960036906e-02
     58.0323400 8.925854101373919e-02
     58.1270094 8.984869074845094e-02
     58.2216788 8.963739395003638e-02
     58.3163482 8.996717716215825e-02
     58.4110176 9.024843223022039e-02
     58.5056870 9.041057159051830e-02
     58.6003564 9.067752188929588e-02
     58.6950258 9.412944080476686e-02
     58.7896952 9.573412700933398e-02
     58.8843646 9.670623429792381e-02
     58.9790340 9.728310597334294e-02
     59.0737034 9.799278575093283e-02
     59.1683728 9.918679523894201e-02
     59.2630421 1.007797369337887e-01
     59.3577115 1.059673469207867e-01
     59.4523809 1.085897469297753e-01
     59.5470503 1.060037564389007e-01
     59.6417197 1.014496259806770e-01
     59.7363891 9.747649830075611e-02
     59.8310585 9.492151373358494e-02
     59.9257279 9.398073750989054e-02
     60.0203973 9.430393004075098e-02
     60.1150667 9.586253253697230e-02
     60.2097361 9.515782761073387e-02
     60.3044055 8.509447078516197e-02
     60.3990749 7.529970786821001e-02
     60.4937443 1.156438735977200e-01
     60.5884137 1.347104598135050e-01
     60.6830831 1.444558022237881e-01
     60.7777525 1.405267896065759e-01
     60.8724219 1.456561424641702e-01
     60.9670913 1.624177798865748e-01
     61.0617607 1.400946523018064e-01
     61.1564301 1.129274900462181e-01
     61.2510995 1.139683533141822e-01
     61.3457689 1.157044080705178e-01
     61.4404383 1.152892870323515e-01
     61.5351077 1.132280562295649e-01
     61.6297771 1.109231866339325e-01
     61.7244465 1.113207133711196e-01
     61.8191159 1.124022079120304e-01
     61.9137852 1.133548177217691e-01
     62.0084546 1.143190842986529e-01
     62.1031240 1.155749548142749e-01
     62.1977934 1.193589156522764e-01
     62.2924628 1.214180535120734e-01
     62.3871322 1.232131798100331e-01
     62.4818016 1.250127780050044e-01
     62.5764710 1.268314070660063e-01
     62.6711404 1.299875988833236e-01
     62.7658098 1.316676610094593e-01
     62.8604792 1.331416535287932e-01
     62.9551486 1.346895652855442e-01
     63.0498180 1.368944529855088e-01
     63.1444874 1.373516722543730e-01
     63.2391568 1.376510855333791e-01
     63.3338262 1.380740274891616e-01
     63.4284956 1.387129280357721e-01
     63.5231650 1.394980701056346e-01
     63.6178344 1.414403672260361e-01
     63.7125038 1.446708740470358e-01
     63.8071732 1.490605818407412e-01
     63.9018426 1.529731623015155e-01
     63.9965120 1.569050641297582e-01
     64.0911814 1.593370878351040e-01
     64.1858508 1.617461419510992e-01
     64.2805202 1.640752703885851e-01
     64.3751896 1.666099377392543e-01
     64.4698590 1.727044048286269e-01
     64.5645283 1.741728051380648e-01
     64.6591977 1.761101929589226e-01
     64.7538671 1.781077092819995e-01
     64.8485365 1.796232299807023e-01
     64.9432059 1.810620824593164e-01
     65.0378753 1.837299354178372e-01
     65.1325447 1.919358643612143e-01
     65.2272141 1.943097621505020e-01
     65.3218835 1.955226837961319e-01
     65.4165529 1.933798556079770e-01
     65.5112223 2.000837355631543e-01
     65.6058917 2.054947614342860e-01
     65.7005611 2.115595094750840e-01
     65.7952305 2.173950621962370e-01
     65.8898999 2.212680088938826e-01
     65.9845693 2.249566042641509e-01
     66.0792387 2.297270884615189e-01
     66.1739081 2.388937036946941e-01
     66.2685775 2.506484808946338e-01
     66.3632469 2.620590713727359e-01
     66.4579163 2.715513696588919e-01
     66.5525857 2.789435986649595e-01
     66.6472551 2.848052180656819e-01
     66.7419245 3.390461917480704e-01
     66.8365939 3.520149159326428e-01
     66.9312633 3.637183211054540e-01
     67.0259327 3.749652552988993e-01
     67.1206020 3.851312221129675e-01
     67.2152714 3.807979398281187e-01
     67.3099408 4.865727736313852e-01
     67.4046102 4.506801464956239e-01
     67.4992796 4.342396331147283e-01
     67.5939490 4.253595056564954e-01
     67.6886184 4.141664992178380e-01
     67.7832878 4.056865196151845e-01
     67.8779572 3.982523891028828e-01
     67.9726266 3.901301936279631e-01
     68.0672960 3.957935622781697e-01
     68.1619654 3.957775072941191e-01
     68.2566348 4.782254882399533e-01
     68.3513042 5.730363075677313e-01
     68.4459736 6.729869318472832e-01
     68.5406430 5.942807809039705e-01
     68.6353124 5.999584812616510e-01
     68.7299818 6.071754127856175e-01
     68.8246512 6.141635600199162e-01
     68.9193206 6.136176758980775e-01
     69.0139900 6.131369086930211e-01
     69.1086594 7.510381282684676e-01
     69.2033288 7.862646241451551e-01
     69.2979982 8.218162219423690e-01
     69.3926676 8.893034770270961e-01
     69.4873370 6.367016710802175e-01
     69.5820064 6.510503550878797e-01
     69.6766758 6.533511525576478e-01
     69.7713451 5.542675249361378e-01
     69.8660145 5.399419539314576e-01
     69.9606839 5.212048055881561e-01
     70.0553533 5.031104313852165e-01
     70.1500227 4.857404057972026e-01
     70.2446921 4.681521569481706e-01
     70.3393615 4.569644634741368e-01
     70.4340309 4.806722282283886e-01
     70.5287003 4.800751776222883e-01
     70.6233697 4.754547385297468e-01
     70.7180391 4.310520822824586e-01
     70.8127085 4.165062801048497e-01
     70.9073779 4.080935318080853e-01
     71.0020473 4.032702542998070e-01
     71.0967167 4.054479904295163e-01
     71.1913861 4.281806969678930e-01
     71.2860555 5.124668961498547e-01
     71.3807249 3.895908779027233e-01
     71.4753943 3.544293362174178e-01
     71.5700637 3.740166985896725e-01
     71.6647331 3.371277621163873e-01
     71.7594025 1.931043344783176e-01
     71.8540719 1.912162343979571e-01
     71.9487413 1.924361083704021e-01
     72.0434107 1.931212962726574e-01
     72.1380801 1.935370471729359e-01
     72.2327495 1.915362708122131e-01
     72.3274189 1.934097400494374e-01
     72.4220882 1.905299106356154e-01
     72.5167576 1.889306756968347e-01
     72.6114270 1.902820486908872e-01
     72.7060964 1.945479849037909e-01
     72.8007658 1.947395747998079e-01
     72.8954352 1.619488769767317e-01
     72.9901046 4.043817202684941e-01
     73.0847740 2.279913992846334e-01
     73.1794434 2.034857122534327e-01
     73.2741128 1.987429656755703e-01
     73.3687822 2.186966663043394e-01
     73.4634516 2.384342368024457e-01
     73.5581210 2.576935548533499e-01
     73.6527904 2.764060226364967e-01
     73.7474598 2.769437216340158e-01
     73.8421292 2.557929713830927e-01
     73.9367986 2.694027352154442e-01
     74.0314680 2.931089810612161e-01
     74.1261374 2.972625844310873e-01
     74.2208068 2.994492230803396e-01
     74.3154762 3.007063310850743e-01
     74.4101456 3.111589035194671e-01
     74.5048150 3.286997449550650e-01
     74.5994844 3.452196573272276e-01
     74.6941538 3.648369895820611e-01
     74.7888232 4.166537484636172e-01
     74.8834926 4.753744512213592e-01
     74.9781620 2.923745163060536e+00
     75.0728313 1.189494058003534e+00
     75.1675007 9.877336907391127e-01
     75.2621701 8.645017805408072e-01
     75.3568395 8.199340420709579e-01
     75.4515089 8.577730025530671e-01
     75.5461783 8.518801384983558e-01
     75.6408477 8.259735614038052e-01
     75.7355171 7.712347709717920e-01
     75.8301865 7.597333510193301e-01
     75.9248559 7.911147842720094e-01
     76.0195253 7.338429139338928e-01
     76.1141947 7.685611028529444e-01
     76.2088641 8.005345068549258e-01
     76.3035335 7.412628407131693e-01
     76.3982029 7.111177102607528e-01
     76.4928723 6.863161882607359e-01
     76.5875417 6.717067719667579e-01
     76.6822111 6.604411813667178e-01
     76.7768805 6.504877083330777e-01
     76.8715499 6.465546872230469e-01
     76.9662193 6.571347010844021e-01
     77.0608887 6.240730776667534e-01
     77.1555581 6.070783789962336e-01
     77.2502275 6.070485190376499e-01
     77.3448969 6.088097900909835e-01
     77.4395663 6.112334292371394e-01
     77.5342357 6.075059196719530e-01
     77.6289051 5.835482591521671e-01
     77.7235744 5.687997343909147e-01
     77.8182438 5.612779791657189e-01
     77.9129132 5.538247326453815e-01
     78.0075826 5.461436236432954e-01
     78.1022520 5.386137131731478e-01
     78.1969214 5.313954522645704e-01
     78.2915908 5.231325046678643e-01
     78.3862602 5.166117968742149e-01
     78.4809296 5.117209444608236e-01
     78.5755990 5.071748930930845e-01
     78.6702684 5.026102492150949e-01
     78.7649378 4.978539612104123e-01
     78.8596072 4.931553050392337e-01
     78.9542766 4.879815644275172e-01
     79.0489460 4.834198584474596e-01
     79.1436154 4.790772367426250e-01
     79.2382848 4.748048406330453e-01
     79.3329542 4.706957083884611e-01
     79.4276236 4.669341235360945e-01
     79.5222930 4.642285262636046e-01
     79.6169624 4.600224117013625e-01
     79.7116318 4.560448914141244e-01
     79.8063012 4.531081971876735e-01
     79.9009706 4.503282961299604e-01
     79.9956400 4.495267401892227e-01
     80.0903094 4.459740270973049e-01
     80.1849788 4.396395622513138e-01
     80.2796481 4.344314551398603e-01
     80.3743175 4.386584095748743e-01
     80.4689869 4.329040175773327e-01
     80.5636563 4.149539491393786e-01
     80.6583257 3.812196713004083e-01
     80.7529951 3.257776124674864e-01
     80.8476645 3.333872324024253e-01
     80.9423339 3.419532630655940e-01
     81.0370033 3.495119665579380e-01
     81.1316727 3.503245960044188e-01
     81.2263421 3.505278875133939e-01
     81.3210115 3.517156338146436e-01
     81.4156809 3.532457423494029e-01
     81.5103503 3.547412038100574e-01
     81.6050197 3.556909870338680e-01
     81.6996891 3.570587929581037e-01
     81.7943585 3.595692928302668e-01
     81.8890279 3.649111861930139e-01
     81.9836973 3.689949497571516e-01
     82.0783667 3.721720216623680e-01
     82.1730361 3.750151071984397e-01
     82.2677055 3.778044318790040e-01
     82.3623749 3.814177275531285e-01
     82.4570443 3.859623978199769e-01
     82.5517137 3.940606989492769e-01
     82.6463831 4.086472696128836e-01
     82.7410525 4.220539895058803e-01
     82.8357219 4.340580561620402e-01
     82.9303912 4.462824993113990e-01
     83.0250606 4.650024042114509e-01
     83.1197300 5.300817824508854e-01
     83.2143994 6.653467235870382e-01
     83.3090688 5.718016583582571e-01
     83.4037382 4.752741226639816e-01
     83.4984076 4.255581850022210e-01
     83.5930770 3.913636193203740e-01
     83.6877464 3.645478822602446e-01
     83.7824158 3.431267620035545e-01
     83.8770852 3.229519005589764e-01
     83.9717546 3.058210964888394e-01
     84.0664240 2.917759303849370e-01
     84.1610934 2.844679032309796e-01
     84.2557628 2.401892243907715e-01
     84.3504322 2.825934517700298e-01
     84.4451016 2.444801195437953e-01
     84.5397710 2.338302643041777e-01
     84.6344404 2.253393213617018e-01
     84.7291098 2.150420023545380e-01
     84.8237792 2.075281490827493e-01
     84.9184486 1.983855679413332e-01
     85.0131180 1.911603564333489e-01
     85.1077874 1.847821061173731e-01
     85.2024568 1.771549593422491e-01
     85.2971262 1.724692159570075e-01
     85.3917956 1.661609157411551e-01
     85.4864650 1.609490647572676e-01
     85.5811343 1.553845124553802e-01
     85.6758037 1.500217610306212e-01
     85.7704731 1.454716380720520e-01
     85.8651425 1.409609681765571e-01
     85.9598119 1.376606928720018e-01
     86.0544813 1.341685791384074e-01
     86.1491507 1.295579775055540e-01
     86.2438201 1.246856337416528e-01
     86.3384895 1.206989048106438e-01
     86.4331589 1.176516935643016e-01
     86.5278283 1.143002985764925e-01
     86.6224977 1.115057682212691e-01
     86.7171671 1.091897268381094e-01
     86.8118365 1.058398998669276e-01
     86.9065059 1.035547033228249e-01
     87.0011753 1.024411478256013e-01
     87.0958447 1.006173531735656e-01
     87.1905141 9.715686758746940e-02
     87.2851835 9.599223986636418e-02
     87.3798529 9.716738281052496e-02
     87.4745223 1.013509388271012e-01
     87.5691917 1.045169134326362e-01
     87.6638611 1.125752729668009e-01
     87.7585305 1.198311289681680e-01
     87.8531999 1.268651186081204e-01
     87.9478693 1.367856341636810e-01
     88.0425387 1.403486929579700e-01
     88.1372081 1.240957483547087e-01
     88.2318774 1.177659522040961e-01
     88.3265468 1.141457074325035e-01
     88.4212162 1.122345621644631e-01
     88.5158856 1.118537435972109e-01
     88.6105550 1.133108720881571e-01
     88.7052244 1.187810342751172e-01
     88.7998938 1.179525643950777e-01
     88.8945632 1.174487250901909e-01
     88.9892326 1.174062797467436e-01
     89.0839020 1.201478158911820e-01
     89.1785714 1.266490125891797e-01
     89.2732408 1.352169389222591e-01
     89.3679102 1.647788378580957e-01
     89.4625796 2.063115566124255e-01
     89.5572490 2.144567189813143e-01
     89.6519184 1.829492697137326e-01
     89.7465878 1.566809533016682e-01
     89.8412572 6.384884974979577e-02
     89.9359266 2.871790822887589e-02
     90.0305960 2.771709305515569e-02
     90.1252654 2.679154589290359e-02
     90.2199348 2.568154360890983e-02
     90.3146042 2.474190891519236e-02
     90.4092736 2.404486186470296e-02
     90.5039430 2.300130792651383e-02
     90.5986124 2.211464673908183e-02
     90.6932818 2.146410921958198e-02
     90.7879512 2.084038790542030e-02
     90.8826205 1.996519601244145e-02
     90.9772899 1.931976915142719e-02
     91.0719593 1.853689532648591e-02
     91.1666287 1.762917979325498e-02
     91.2612981 1.680282006920509e-02
     91.3559675 1.620188203324089e-02
     91.4506369 1.549029451595467e-02
     91.5453063 1.472302413697833e-02
     91.6399757 1.400526487205113e-02
     91.7346451 1.342692507671110e-02
     91.8293145 1.294858235806657e-02
     91.9239839 1.238356308390024e-02
     92.0186533 1.169347427908299e-02
     92.1133227 1.098252109868982e-02
     92.2079921 1.034393791385779e-02
     92.3026615 9.681925824132227e-03
     92.3973309 9.006674800821747e-03
     92.4920003 8.580815367848889e-03
     92.5866697 8.113734322534162e-03
     92.6813391 7.625376952012894e-03
     92.7760085 7.160443698550981e-03
     92.8706779 6.391328775353714e-03
     92.9653473 5.741739770487413e-03
     93.0600167 5.234813821250965e-03
     93.1546861 4.800151736220438e-03
     93.2493555 4.173204478215996e-03
     93.3440249 3.784688996014727e-03
     93.4386942 3.226210714924484e-03
     93.5333636 2.733423632487581e-03
     93.6280330 2.690357885452784e-03
     93.7227024 1.665915784203899e-03
     93.8173718 9.855633863457478e-04
     93.9120412 4.918077966692340e-04
     94.0067106 1.606943755551491e-04
     94.1013800 1.246105842759275e-07
     94.1960494 0.000000000000000e+00
     94.2907188 0.000000000000000e+00
     94.3853882 0.000000000000000e+00
     94.4800576 0.000000000000000e+00
     94.5747270 0.000000000000000e+00
