      0.0000000 -1.154462998173203e-20
      0.0946694 1.938466197057678e-03
      0.1893388 2.830339310393692e-03
      0.2840082 3.536708718853883e-03
      0.3786776 4.050427548036737e-03
      0.4733470 4.588342315198990e-03
      0.5680164 4.794536272804260e-03
      0.6626858 5.157766392547159e-03
      0.7573552 5.257915590188753e-03
      0.8520246 5.344008436582159e-03
      0.9466940 5.495813285918313e-03
      1.0413634 5.061948924239892e-03
      1.1360328 4.542018854529692e-03
      1.2307022 3.752390607792011e-03
      1.3253715 2.593444926668634e-03
      1.4200409 2.838088162597458e-03
      1.5147103 3.116833322818724e-03
      1.6093797 3.389773366969359e-03
      1.7040491 3.683644304781805e-03
      1.7987185 4.904663289195095e-03
      1.8933879 6.769556237254732e-03
      1.9880573 8.453900959642742e-03
      2.0827267 1.014317099881684e-02
      2.1773961 1.119026522964951e-02
      2.2720655 1.213644559020126e-02
      2.3667349 1.275958254875545e-02
      2.4614043 1.384060249557813e-02
      2.5560737 1.407811398222834e-02
      2.6507431 1.358200037304990e-02
      2.7454125 1.360172580061569e-02
      2.8400819 1.374985393839752e-02
      2.9347513 1.416415633038159e-02
      3.0294207 1.464499349494425e-02
      3.1240901 1.518067192738984e-02
      3.2187595 1.531823202944215e-02
      3.3134289 1.500851617624901e-02
      3.4080983 1.490163303704211e-02
      3.5027677 1.501685683545824e-02
      3.5974371 1.514532654734670e-02
      3.6921065 1.588149977836534e-02
      3.7867759 1.530907179433159e-02
      3.8814453 1.529456106023700e-02
      3.9761146 1.540119061716724e-02
      4.0707840 1.556827471220119e-02
      4.1654534 1.563995853267141e-02
      4.2601228 1.549936808230634e-02
      4.3547922 1.541668130027719e-02
      4.4494616 1.523371514448787e-02
      4.5441310 1.526494917083922e-02
      4.6388004 1.519477649182794e-02
      4.7334698 1.518703075335821e-02
      4.8281392 1.519712060030072e-02
      4.9228086 1.534808942042554e-02
      5.0174780 1.540025277628157e-02
      5.1121474 1.539179109153210e-02
      5.2068168 1.533262073597235e-02
      5.3014862 1.514906724708606e-02
      5.3961556 1.497834674342489e-02
      5.4908250 1.489924636314987e-02
      5.5854944 1.478778444561582e-02
      5.6801638 1.469459920840282e-02
      5.7748332 1.462320531427883e-02
      5.8695026 1.476553194667014e-02
      5.9641720 1.470363579072541e-02
      6.0588414 1.471911143505304e-02
      6.1535108 1.528686796144289e-02
      6.2481802 1.617191446385567e-02
      6.3428496 1.565816928287326e-02
      6.4375190 1.547358064635906e-02
      6.5321884 1.474918199101146e-02
      6.6268577 1.488179427635506e-02
      6.7215271 1.465191450546126e-02
      6.8161965 1.432695933400386e-02
      6.9108659 1.408081825745358e-02
      7.0055353 1.392543534291367e-02
      7.1002047 1.410165398286505e-02
      7.1948741 1.416970600938508e-02
      7.2895435 1.477119935888836e-02
      7.3842129 1.515447896406182e-02
      7.4788823 1.450297139112802e-02
      7.5735517 1.418208260994539e-02
      7.6682211 1.396926551629908e-02
      7.7628905 1.379756219071335e-02
      7.8575599 1.366260788138480e-02
      7.9522293 1.353142575761630e-02
      8.0468987 1.337102299575282e-02
      8.1415681 1.325045932793281e-02
      8.2362375 1.315569611927078e-02
      8.3309069 1.309958229866589e-02
      8.4255763 1.313352096776647e-02
      8.5202457 2.165359765993215e-02
      8.6149151 2.144370127072406e-02
      8.7095845 2.357007976579749e-02
      8.8042539 2.353458403575009e-02
      8.8989233 2.317955753220163e-02
      8.9935927 2.349439186179571e-02
      9.0882621 2.448005207059552e-02
      9.1829315 2.653959096874128e-02
      9.2776008 2.899901795203439e-02
      9.3722702 2.747694149588455e-02
      9.4669396 2.680896493712640e-02
      9.5616090 3.011813352162919e-02
      9.6562784 3.360236295991310e-02
      9.7509478 3.125783508784452e-02
      9.8456172 2.870183478796970e-02
      9.9402866 2.755888694480760e-02
     10.0349560 2.642823462996794e-02
     10.1296254 2.504007811856071e-02
     10.2242948 2.421001795326404e-02
     10.3189642 2.382025043462424e-02
     10.4136336 2.362471921379348e-02
     10.5083030 2.349241210200468e-02
     10.6029724 2.357724589902321e-02
     10.6976418 2.366226484268709e-02
     10.7923112 2.370392832845921e-02
     10.8869806 2.372666972710419e-02
     10.9816500 2.371821070446490e-02
     11.0763194 2.369688006443159e-02
     11.1709888 2.367946220963700e-02
     11.2656582 2.365731950951737e-02
     11.3603276 2.357007916684523e-02
     11.4549970 2.330996196986360e-02
     11.5496664 2.289641007049914e-02
     11.6443358 2.230937571676557e-02
     11.7390052 2.156067374547301e-02
     11.8336746 2.091515676106345e-02
     11.9283439 2.072825442028508e-02
     12.0230133 2.093473285523327e-02
     12.1176827 2.135213773677292e-02
     12.2123521 2.180918630351203e-02
     12.3070215 2.214623702803847e-02
     12.4016909 2.240886332068841e-02
     12.4963603 2.259288233468154e-02
     12.5910297 2.279621336106000e-02
     12.6856991 2.326345951119868e-02
     12.7803685 2.339732056644529e-02
     12.8750379 2.292362574655895e-02
     12.9697073 2.411449906984674e-02
     13.0643767 2.563431601552663e-02
     13.1590461 2.609247832293373e-02
     13.2537155 2.557674645829745e-02
     13.3483849 2.518572783583236e-02
     13.4430543 2.494825274692075e-02
     13.5377237 2.481036810260571e-02
     13.6323931 2.483532411486584e-02
     13.7270625 2.561318035621121e-02
     13.8217319 2.531416507651527e-02
     13.9164013 2.531306009927513e-02
     14.0110707 2.530589475722942e-02
     14.1057401 2.554160269099000e-02
     14.2004095 2.571176130781592e-02
     14.2950789 2.578782812870705e-02
     14.3897483 2.597221104864434e-02
     14.4844176 2.632656063915704e-02
     14.5790870 2.653727027144155e-02
     14.6737564 2.665710992237412e-02
     14.7684258 2.683598322189025e-02
     14.8630952 2.709730826207082e-02
     14.9577646 2.738773901253772e-02
     15.0524340 2.768940272452796e-02
     15.1471034 2.791373276025569e-02
     15.2417728 2.820342510444973e-02
     15.3364422 2.848845906515067e-02
     15.4311116 2.871561312526312e-02
     15.5257810 2.893589931868074e-02
     15.6204504 2.921474880040745e-02
     15.7151198 2.958693564819912e-02
     15.8097892 2.998074573342182e-02
     15.9044586 3.039029524799474e-02
     15.9991280 3.081870283918565e-02
     16.0937974 3.126473648515853e-02
     16.1884668 3.204387413925330e-02
     16.2831362 3.279215314706108e-02
     16.3778056 3.331888295528840e-02
     16.4724750 3.434427175594209e-02
     16.5671444 3.636308064175404e-02
     16.6618138 4.010420304614708e-02
     16.7564832 4.269816369778403e-02
     16.8511526 4.676355918339931e-02
     16.9458220 4.941471346512522e-02
     17.0404914 4.834579998970760e-02
     17.1351607 4.633893473770262e-02
     17.2298301 4.389701282320427e-02
     17.3244995 3.955544516334511e-02
     17.4191689 3.489479313613456e-02
     17.5138383 2.978792250389374e-02
     17.6085077 2.477400680151816e-02
     17.7031771 2.323057131058180e-02
     17.7978465 2.482652414644997e-02
     17.8925159 2.903227612812023e-02
     17.9871853 3.884486686991252e-02
     18.0818547 5.115413074715430e-02
     18.1765241 6.995507509325501e-02
     18.2711935 8.064305738192670e-02
     18.3658629 4.957287236953448e-02
     18.4605323 4.805124775958602e-02
     18.5552017 4.810390228700701e-02
     18.6498711 4.750288048599130e-02
     18.7445405 4.616951916851358e-02
     18.8392099 4.186907828109321e-02
     18.9338793 4.098638516934444e-02
     19.0285487 4.036370877363720e-02
     19.1232181 4.032410363730769e-02
     19.2178875 4.089627010873991e-02
     19.3125569 4.175899688331067e-02
     19.4072263 4.263511220845830e-02
     19.5018957 4.357196987310938e-02
     19.5965651 4.465276164278231e-02
     19.6912345 4.577620971431778e-02
     19.7859038 4.696599162865620e-02
     19.8805732 4.819636496904786e-02
     19.9752426 4.953329089840502e-02
     20.0699120 5.097936065880395e-02
     20.1645814 5.244323827718173e-02
     20.2592508 5.380546239915820e-02
     20.3539202 5.506818798348778e-02
     20.4485896 5.630429896243522e-02
     20.5432590 5.775221900768595e-02
     20.6379284 5.927997453667724e-02
     20.7325978 6.086721197761961e-02
     20.8272672 6.288817786531768e-02
     20.9219366 6.440906527869608e-02
     21.0166060 6.547954398107796e-02
     21.1112754 6.653078366704115e-02
     21.2059448 6.782875633321060e-02
     21.3006142 6.870627105398143e-02
     21.3952836 6.944985424770501e-02
     21.4899530 6.954691334378259e-02
     21.5846224 6.897318302793819e-02
     21.6792918 6.764779167237889e-02
     21.7739612 6.654204918372099e-02
     21.8686306 6.596045844657880e-02
     21.9633000 6.592080489163336e-02
     22.0579694 6.690307042289445e-02
     22.1526388 6.358103097550868e-02
     22.2473082 5.993500970886114e-02
     22.3419776 5.716992345874460e-02
     22.4366469 5.280888154118047e-02
     22.5313163 4.776628333268621e-02
     22.6259857 4.377637616247820e-02
     22.7206551 4.044708891179043e-02
     22.8153245 3.696304189579225e-02
     22.9099939 3.038835148877278e-02
     23.0046633 2.745071104026464e-02
     23.0993327 2.584509043090923e-02
     23.1940021 2.451115290302819e-02
     23.2886715 2.441211402181414e-02
     23.3833409 3.135123345376863e-02
     23.4780103 3.743708614054430e-02
     23.5726797 4.250210846673957e-02
     23.6673491 4.751672211968191e-02
     23.7620185 4.958611758095555e-02
     23.8566879 5.128199521946438e-02
     23.9513573 5.453545327200395e-02
     24.0460267 5.724878059766993e-02
     24.1406961 6.187079380377748e-02
     24.2353655 7.793452648903322e-02
     24.3300349 9.624399852145089e-02
     24.4247043 1.159404857936365e-01
     24.5193737 2.184651151014821e-01
     24.6140431 2.814329685535323e-01
     24.7087125 3.085821328385182e-01
     24.8033819 2.396029679097180e-01
     24.8980513 2.238507794646112e-01
     24.9927207 2.162841789979295e-01
     25.0873900 2.116363529362351e-01
     25.1820594 2.102756996232430e-01
     25.2767288 2.173774569682355e-01
     25.3713982 2.063433211468666e-01
     25.4660676 1.738576646824803e-01
     25.5607370 1.577779315409103e-01
     25.6554064 1.540362077424944e-01
     25.7500758 1.549376757554880e-01
     25.8447452 1.570591137921263e-01
     25.9394146 1.546638791142653e-01
     26.0340840 1.515197311659444e-01
     26.1287534 1.514090066942464e-01
     26.2234228 1.570327853090527e-01
     26.3180922 1.671346095149152e-01
     26.4127616 1.771854077473230e-01
     26.5074310 1.865781639860875e-01
     26.6021004 1.964289398576440e-01
     26.6967698 2.096570418338560e-01
     26.7914392 2.154282863963556e-01
     26.8861086 2.232898698886858e-01
     26.9807780 2.435568100529237e-01
     27.0754474 2.972545831459244e-01
     27.1701168 5.659772800310515e-01
     27.2647862 4.507328038772340e-01
     27.3594556 3.264624716379471e-01
     27.4541250 2.592202909059311e-01
     27.5487944 2.187415622841539e-01
     27.6434637 1.780386052010189e-01
     27.7381331 1.746138786945728e-01
     27.8328025 1.602840872848507e-01
     27.9274719 1.174006870361792e-01
     28.0221413 4.153692879901579e-02
     28.1168107 2.198869998564455e-02
     28.2114801 2.129425141199158e-02
     28.3061495 2.206735515959160e-02
     28.4008189 1.920852772347825e-02
     28.4954883 1.693895769074407e-02
     28.5901577 1.807001938972036e-02
     28.6848271 1.764121502130246e-02
     28.7794965 1.562384061619688e-02
     28.8741659 1.534670941453252e-02
     28.9688353 1.513988260044356e-02
     29.0635047 1.527854329693792e-02
     29.1581741 1.582109363460437e-02
     29.2528435 1.640079453444914e-02
     29.3475129 2.165609321015512e-02
     29.4421823 1.853721825899372e-02
     29.5368517 1.981832132603474e-02
     29.6315211 2.071822941863777e-02
     29.7261905 1.921015948592947e-02
     29.8208599 1.867072325539804e-02
     29.9155293 1.842804819915809e-02
     30.0101987 1.816175308621279e-02
     30.1048681 1.780985961016911e-02
     30.1995375 1.746465988604446e-02
     30.2942068 1.734249284693859e-02
     30.3888762 1.736011720136559e-02
     30.4835456 1.740416326477616e-02
     30.5782150 1.742222754203500e-02
     30.6728844 1.743228598096285e-02
     30.7675538 1.748822561756636e-02
     30.8622232 1.754785458063096e-02
     30.9568926 1.763228401678763e-02
     31.0515620 1.771478009375018e-02
     31.1462314 1.780348014458097e-02
     31.2409008 1.789491805871375e-02
     31.3355702 1.799025682085329e-02
     31.4302396 1.808926225504430e-02
     31.5249090 1.838369509092273e-02
     31.6195784 1.862504028237813e-02
     31.7142478 1.878090461034797e-02
     31.8089172 1.893153270938057e-02
     31.9035866 1.906658727596575e-02
     31.9982560 1.921177968149010e-02
     32.0929254 1.953293746251823e-02
     32.1875948 2.008418351774192e-02
     32.2822642 2.074811432031480e-02
     32.3769336 2.167269974854638e-02
     32.4716030 2.179134319295464e-02
     32.5662724 2.166428827641434e-02
     32.6609418 2.153112131205342e-02
     32.7556112 2.139127351361677e-02
     32.8502806 2.120068874244493e-02
     32.9449499 2.069125600262807e-02
     33.0396193 2.026859165702280e-02
     33.1342887 2.030602464057338e-02
     33.2289581 2.038612100983464e-02
     33.3236275 2.046238850407122e-02
     33.4182969 2.053194808748112e-02
     33.5129663 2.060324117844469e-02
     33.6076357 2.070581134390141e-02
     33.7023051 2.082091846371553e-02
     33.7969745 2.093494787857622e-02
     33.8916439 2.103769517850305e-02
     33.9863133 2.112834564698556e-02
     34.0809827 2.121673043984329e-02
     34.1756521 2.129102768851165e-02
     34.2703215 2.137374607387669e-02
     34.3649909 2.144168014022901e-02
     34.4596603 2.148964475319154e-02
     34.5543297 2.151836899424857e-02
     34.6489991 2.150622786367041e-02
     34.7436685 2.150508365963050e-02
     34.8383379 2.147020813694060e-02
     34.9330073 2.152500328046343e-02
     35.0276767 2.158080848392086e-02
     35.1223461 2.164074727659495e-02
     35.2170155 2.173285043651005e-02
     35.3116849 2.180084083839312e-02
     35.4063543 2.196887179000703e-02
     35.5010237 2.218959800217098e-02
     35.5956930 2.248274852119594e-02
     35.6903624 2.310859457952599e-02
     35.7850318 2.365631870846320e-02
     35.8797012 2.432981973061047e-02
     35.9743706 2.501982630329151e-02
     36.0690400 2.560148702703362e-02
     36.1637094 2.628678430166672e-02
     36.2583788 2.702829146074519e-02
     36.3530482 2.781260660186703e-02
     36.4477176 2.871832881441508e-02
     36.5423870 2.973625794710573e-02
     36.6370564 3.065204734444982e-02
     36.7317258 3.164065697328060e-02
     36.8263952 3.279631455927477e-02
     36.9210646 3.329561365712325e-02
     37.0157340 3.367925416429948e-02
     37.1104034 3.381157139491292e-02
     37.2050728 3.407785836063532e-02
     37.2997422 3.441474180620740e-02
     37.3944116 3.764194680874794e-02
     37.4890810 4.265799027632059e-02
     37.5837504 4.575714248097220e-02
     37.6784198 3.879752846409390e-02
     37.7730892 3.782077872036543e-02
     37.8677586 3.618232016919117e-02
     37.9624280 3.538446521412692e-02
     38.0570974 3.482444994415032e-02
     38.1517668 3.507585585613951e-02
     38.2464361 3.487095249411661e-02
     38.3411055 3.477500057653896e-02
     38.4357749 3.477187086316431e-02
     38.5304443 3.420001056121338e-02
     38.6251137 3.371990710446613e-02
     38.7197831 3.366621539991282e-02
     38.8144525 3.364845683197493e-02
     38.9091219 3.366779395696819e-02
     39.0037913 3.399917458022665e-02
     39.0984607 3.420649816746878e-02
     39.1931301 3.467297503051005e-02
     39.2877995 3.529756334290911e-02
     39.3824689 3.601969967348274e-02
     39.4771383 3.665712998274561e-02
     39.5718077 3.837984479497244e-02
     39.6664771 3.867449793304960e-02
     39.7611465 3.866052901994436e-02
     39.8558159 3.944175390027089e-02
     39.9504853 4.010924371991658e-02
     40.0451547 4.093750037060474e-02
     40.1398241 4.309354098100236e-02
     40.2344935 4.448630636623543e-02
     40.3291629 4.706374316826385e-02
     40.4238323 5.203363949742007e-02
     40.5185017 5.855486799301624e-02
     40.6131711 5.740749762613228e-02
     40.7078405 6.010164374244792e-02
     40.8025098 6.307842381344368e-02
     40.8971792 6.669372238786313e-02
     40.9918486 7.064997651234868e-02
     41.0865180 7.531005907323185e-02
     41.1811874 8.050410788511160e-02
     41.2758568 8.569285841581342e-02
     41.3705262 9.095808750596578e-02
     41.4651956 1.021073904502758e-01
     41.5598650 1.141960160421657e-01
     41.6545344 1.054721010958607e-01
     41.7492038 1.088738425870117e-01
     41.8438732 1.136629438444313e-01
     41.9385426 1.363873306610958e-01
     42.0332120 1.362098358827952e-01
     42.1278814 1.063591013673422e-01
     42.2225508 9.534592106500915e-02
     42.3172202 8.874514005476979e-02
     42.4118896 8.427344785702394e-02
     42.5065590 8.099354004608746e-02
     42.6012284 7.773498271795291e-02
     42.6958978 7.547290530500374e-02
     42.7905672 7.228266981483920e-02
     42.8852366 6.999724147397780e-02
     42.9799060 7.476865187221261e-02
     43.0745754 7.017152650548200e-02
     43.1692448 6.911513135367489e-02
     43.2639142 6.814714143821708e-02
     43.3585836 6.709611126552666e-02
     43.4532529 6.606520333076808e-02
     43.5479223 6.634884571415232e-02
     43.6425917 6.586242758744668e-02
     43.7372611 6.573434826205141e-02
     43.8319305 6.633125621697751e-02
     43.9265999 6.646363356381083e-02
     44.0212693 6.702115837775785e-02
     44.1159387 6.809763391452570e-02
     44.2106081 6.907234729115633e-02
     44.3052775 6.942483025622603e-02
     44.3999469 6.983340854471816e-02
     44.4946163 6.991135788492502e-02
     44.5892857 8.563805133286632e-02
     44.6839551 8.516351159255507e-02
     44.7786245 8.553510531994717e-02
     44.8732939 8.781018919450355e-02
     44.9679633 9.021860013934148e-02
     45.0626327 9.290332613979103e-02
     45.1573021 9.481510934342324e-02
     45.2519715 9.645911830225760e-02
     45.3466409 9.769796174011784e-02
     45.4413103 1.014680256002074e-01
     45.5359797 1.043626481527393e-01
     45.6306491 1.070781414671018e-01
     45.7253185 1.100741954735705e-01
     45.8199879 1.228066619426937e-01
     45.9146573 1.419675459601145e-01
     46.0093267 1.254903989874640e-01
     46.1039960 1.205900680236608e-01
     46.1986654 1.133579382655192e-01
     46.2933348 1.122201847904761e-01
     46.3880042 1.132344211374447e-01
     46.4826736 1.159754721815833e-01
     46.5773430 1.073545131115537e-01
     46.6720124 1.041750159667505e-01
     46.7666818 1.263630762700839e-01
     46.8613512 1.627841190120051e-01
     46.9560206 1.711249744330312e-01
     47.0506900 1.815744100090909e-01
     47.1453594 1.988693796446317e-01
     47.2400288 2.140178145983192e-01
     47.3346982 2.298148754280737e-01
     47.4293676 2.464181568106778e-01
     47.5240370 2.624256952168230e-01
     47.6187064 2.878155543786551e-01
     47.7133758 3.090240069358572e-01
     47.8080452 3.663067267635243e-01
     47.9027146 3.951733701461295e-01
     47.9973840 3.846920446714586e-01
     48.0920534 3.912829426771292e-01
     48.1867228 4.035365827534514e-01
     48.2813922 4.454991538631568e-01
     48.3760616 4.087253580193901e-01
     48.4707310 3.408232874616346e-01
     48.5654004 2.842747624158812e-01
     48.6600698 2.151786519951010e-01
     48.7547391 1.714700050765957e-01
     48.8494085 1.337306746846104e-01
     48.9440779 8.653610096269983e-02
     49.0387473 5.002693313669896e-02
     49.1334167 5.246126897402131e-02
     49.2280861 5.740566373922062e-02
     49.3227555 7.664217383297742e-02
     49.4174249 6.622109615528791e-02
     49.5120943 5.869052060430421e-02
     49.6067637 5.457751915641882e-02
     49.7014331 5.458474299877988e-02
     49.7961025 5.472062023397098e-02
     49.8907719 5.441302243708624e-02
     49.9854413 5.276343715811863e-02
     50.0801107 5.143595165141215e-02
     50.1747801 5.140532072827379e-02
     50.2694495 5.145306507047249e-02
     50.3641189 5.160277844957222e-02
     50.4587883 5.126505440944099e-02
     50.5534577 5.078801741974354e-02
     50.6481271 5.035002122211879e-02
     50.7427965 4.997269939286501e-02
     50.8374659 4.981804984457441e-02
     50.9321353 4.992350852810259e-02
     51.0268047 5.012986331701132e-02
     51.1214741 5.033708045510704e-02
     51.2161435 5.050530217594748e-02
     51.3108129 5.054565889263676e-02
     51.4054822 5.090737098912288e-02
     51.5001516 5.182976874235987e-02
     51.5948210 5.278323311843430e-02
     51.6894904 5.299466987738130e-02
     51.7841598 5.252904701857528e-02
     51.8788292 5.180451328503386e-02
     51.9734986 5.102451800688344e-02
     52.0681680 5.013155130016626e-02
     52.1628374 4.955217562111313e-02
     52.2575068 4.979602436501159e-02
     52.3521762 5.121696414349586e-02
     52.4468456 5.521229325730037e-02
     52.5415150 5.850300267140594e-02
     52.6361844 5.685092577533721e-02
     52.7308538 5.488357059643443e-02
     52.8255232 5.573495762978997e-02
     52.9201926 5.478587332692270e-02
     53.0148620 5.270561874861737e-02
     53.1095314 4.619451272485459e-02
     53.2042008 4.588321974163270e-02
     53.2988702 4.668410395926487e-02
     53.3935396 4.800755971323566e-02
     53.4882090 4.907440135816465e-02
     53.5828784 5.065471251861370e-02
     53.6775478 5.302461937112855e-02
     53.7722172 5.525062828839050e-02
     53.8668866 5.657426494196461e-02
     53.9615559 5.616975647356112e-02
     54.0562253 5.684153290736654e-02
     54.1508947 5.826904986155826e-02
     54.2455641 5.959255137993199e-02
     54.3402335 6.083306058287278e-02
     54.4349029 6.276782268397831e-02
     54.5295723 6.399021501580818e-02
     54.6242417 6.526119059965395e-02
     54.7189111 6.601647090827206e-02
     54.8135805 6.610638540554237e-02
     54.9082499 6.645682934615570e-02
     55.0029193 6.925359179129248e-02
     55.0975887 6.928098577666182e-02
     55.1922581 6.951877659573553e-02
     55.2869275 7.003907533434030e-02
     55.3815969 7.061341831649275e-02
     55.4762663 7.117707669541122e-02
     55.5709357 7.168511851130970e-02
     55.6656051 7.246155815637678e-02
     55.7602745 7.315522840300903e-02
     55.8549439 7.364943551681796e-02
     55.9496133 7.479735437958961e-02
     56.0442827 8.718277131384757e-02
     56.1389521 8.848526472513474e-02
     56.2336215 1.076894520691125e-01
     56.3282909 9.583515108114020e-02
     56.4229603 7.577628329274362e-02
     56.5176297 7.242610390232553e-02
     56.6122990 7.149399502177049e-02
     56.7069684 7.661553515566615e-02
     56.8016378 8.087282672156616e-02
     56.8963072 8.213384359055359e-02
     56.9909766 8.163691544761741e-02
     57.0856460 8.352265031090762e-02
     57.1803154 8.691928197914099e-02
     57.2749848 9.262865906372854e-02
     57.3696542 9.929824115670409e-02
     57.4643236 9.725299324928717e-02
     57.5589930 9.591933275916303e-02
     57.6536624 9.284847126832096e-02
     57.7483318 9.197879465771297e-02
     57.8430012 9.314139434100417e-02
     57.9376706 9.424713436638395e-02
     58.0323400 9.491476414802726e-02
     58.1270094 9.545829700351600e-02
     58.2216788 9.516825272664119e-02
     58.3163482 9.544267137452915e-02
     58.4110176 9.566625152124693e-02
     58.5056870 9.576902651979036e-02
     58.6003564 9.598426324180963e-02
     58.6950258 9.953027901293744e-02
     58.7896952 1.011503787762004e-01
     58.8843646 1.021074493408651e-01
     58.9790340 1.026485512593732e-01
     59.0737034 1.033250421113018e-01
     59.1683728 1.045036379416170e-01
     59.2630421 1.060923973532149e-01
     59.3577115 1.114276118300601e-01
     59.4523809 1.140968221464479e-01
     59.5470503 1.113434367555382e-01
     59.6417197 1.065419550499621e-01
     59.7363891 1.023375414818661e-01
     59.8310585 9.960868639091962e-02
     59.9257279 9.855353052588052e-02
     60.0203973 9.881102364236839e-02
     60.1150667 1.003432084895519e-01
     60.2097361 9.954317395743995e-02
     60.3044055 8.907698321197992e-02
     60.3990749 7.889969288064318e-02
     60.4937443 1.205211414162290e-01
     60.5884137 1.401338062860610e-01
     60.6830831 1.501098581276294e-01
     60.7777525 1.459566580927440e-01
     60.8724219 1.510982451017520e-01
     60.9670913 1.681209956203863e-01
     61.0617607 1.452029734319259e-01
     61.1564301 1.173942392110863e-01
     61.2510995 1.184021145828950e-01
     61.3457689 1.201326273662657e-01
     61.4404383 1.196522496202290e-01
     61.5351077 1.174922688897406e-01
     61.6297771 1.150835754428894e-01
     61.7244465 1.154508423212086e-01
     61.8191159 1.165213382968054e-01
     61.9137852 1.174580865653049e-01
     62.0084546 1.184060774528092e-01
     62.1031240 1.196521955769760e-01
     62.1977934 1.234869971062573e-01
     62.2924628 1.255519870617757e-01
     62.3871322 1.273458012451319e-01
     62.4818016 1.291434696232535e-01
     62.5764710 1.309603574118092e-01
     62.6711404 1.341324692384030e-01
     62.7658098 1.358085497821869e-01
     62.8604792 1.372758444297663e-01
     62.9551486 1.388195730855081e-01
     63.0498180 1.410269470573441e-01
     63.1444874 1.414576102123898e-01
     63.2391568 1.417233218922853e-01
     63.3338262 1.421106309608560e-01
     63.4284956 1.427154367884433e-01
     63.5231650 1.434676629713210e-01
     63.6178344 1.454071147518588e-01
     63.7125038 1.486697835619569e-01
     63.8071732 1.531078122317988e-01
     63.9018426 1.570583813832555e-01
     63.9965120 1.610220983128073e-01
     64.0911814 1.634577030419657e-01
     64.1858508 1.658687004668567e-01
     64.2805202 1.681966823165423e-01
     64.3751896 1.707380952283742e-01
     64.4698590 1.769793360998522e-01
     64.5645283 1.784120853692106e-01
     64.6591977 1.803353402448494e-01
     64.7538671 1.823188957877825e-01
     64.8485365 1.837968024286684e-01
     64.9432059 1.851921261885370e-01
     65.0378753 1.878344560314851e-01
     65.1325447 1.960934060245797e-01
     65.2272141 1.984259350508364e-01
     65.3218835 1.995577618834357e-01
     65.4165529 1.971763673716619e-01
     65.5112223 2.039795405922496e-01
     65.6058917 2.094297847082921e-01
     65.7005611 2.155592205005571e-01
     65.7952305 2.214481820212698e-01
     65.8898999 2.253208009061256e-01
     65.9845693 2.290039340570220e-01
     66.0792387 2.338257599925828e-01
     66.1739081 2.431382349273440e-01
     66.2685775 2.550591370266617e-01
     66.3632469 2.666231419223660e-01
     66.4579163 2.762147069737199e-01
     66.5525857 2.836529389030167e-01
     66.6472551 2.895544959378963e-01
     66.7419245 3.443068783201599e-01
     66.8365939 3.573359100422140e-01
     66.9312633 3.690844966907149e-01
     67.0259327 3.803859743444853e-01
     67.1206020 3.906014427596924e-01
     67.2152714 3.861871120149631e-01
     67.3099408 4.930451055766418e-01
     67.4046102 4.566767624125234e-01
     67.4992796 4.400050869035424e-01
     67.5939490 4.309693848042520e-01
     67.6886184 4.196110672434709e-01
     67.7832878 4.110051870951832e-01
     67.8779572 4.034535488660783e-01
     67.9726266 3.952022731117403e-01
     68.0672960 4.009457513029597e-01
     68.1619654 4.008881376176991e-01
     68.2566348 4.841658741884983e-01
     68.3513042 5.798617595597428e-01
     68.4459736 6.807785777103902e-01
     68.5406430 6.010654094802502e-01
     68.6353124 6.066691522261479e-01
     68.7299818 6.138316971585199e-01
     68.8246512 6.207653210446377e-01
     68.9193206 6.200998048925065e-01
     69.0139900 6.195079428690718e-01
     69.1086594 7.585597024202405e-01
     69.2033288 7.939913956521817e-01
     69.2979982 8.297508108459081e-01
     69.3926676 8.977242518703097e-01
     69.4873370 6.428137711698778e-01
     69.5820064 6.571989799176344e-01
     69.6766758 6.594320093102709e-01
     69.7713451 5.594358916671290e-01
     69.8660145 5.449205206947538e-01
     69.9606839 5.259612679365313e-01
     70.0553533 5.076545588144991e-01
     70.1500227 4.900818480815620e-01
     70.2446921 4.722929339515741e-01
     70.3393615 4.609579682130984e-01
     70.4340309 4.847856499006020e-01
     70.5287003 4.841238203504354e-01
     70.6233697 4.794107178564807e-01
     70.7180391 4.346196375277774e-01
     70.8127085 4.199180183316463e-01
     70.9073779 4.113981526892405e-01
     71.0020473 4.064967994791557e-01
     71.0967167 4.086479764291640e-01
     71.1913861 4.314983443143300e-01
     71.2860555 5.163293972816567e-01
     71.3807249 3.925504971263359e-01
     71.4753943 3.571020447761073e-01
     71.5700637 3.767806650763335e-01
     71.6647331 3.396028854430302e-01
     71.7594025 1.945836905773557e-01
     71.8540719 1.926577759992727e-01
     71.9487413 1.938645624743819e-01
     72.0434107 1.945327876973580e-01
     72.1380801 1.949292345289358e-01
     72.2327495 1.928898677758859e-01
     72.3274189 1.947492062119988e-01
     72.4220882 1.918249405203145e-01
     72.5167576 1.901937231772838e-01
     72.6114270 1.915349047990553e-01
     72.7060964 1.958097038533526e-01
     72.8007658 1.959769536431253e-01
     72.8954352 1.629601964247382e-01
     72.9901046 4.067977907131803e-01
     73.0847740 2.293373171737083e-01
     73.1794434 2.046762290788963e-01
     73.2741128 1.998959143681456e-01
     73.3687822 2.199548791004138e-01
     73.4634516 2.397943553906952e-01
     73.5581210 2.591507059104621e-01
     73.6527904 2.779549425044891e-01
     73.7474598 2.784813681284697e-01
     73.8421292 2.572007435309995e-01
     73.9367986 2.708734310297131e-01
     74.0314680 2.946970822512321e-01
     74.1261374 2.988614645795301e-01
     74.2208068 3.010481552110522e-01
     74.3154762 3.023001067387309e-01
     74.4101456 3.127952781236594e-01
     74.5048150 3.304143544836577e-01
     74.5994844 3.470054088050294e-01
     74.6941538 3.667077216077366e-01
     74.7888232 4.187694876899859e-01
     74.8834926 4.777651257241874e-01
     74.9781620 2.938316565949555e+00
     75.0728313 1.195376978567150e+00
     75.1675007 9.925828972077432e-01
     75.2621701 8.687146609855784e-01
     75.3568395 8.238989163580679e-01
     75.4515089 8.618890388398883e-01
     75.5461783 8.559366765319973e-01
     75.6408477 8.298765321494163e-01
     75.7355171 7.748528449017084e-01
     75.8301865 7.632719295293526e-01
     75.9248559 7.947738903112169e-01
     76.0195253 7.372125532958865e-01
     76.1141947 7.720659054924667e-01
     76.2088641 8.041604858825515e-01
     76.3035335 7.445970312864659e-01
     76.3982029 7.142943532360259e-01
     76.4928723 6.893607523047317e-01
     76.5875417 6.746656202892383e-01
     76.6822111 6.633299335234967e-01
     76.7768805 6.533127857072291e-01
     76.8715499 6.493424944342648e-01
     76.9662193 6.599473001223823e-01
     77.0608887 6.267258553826331e-01
     77.1555581 6.096407667793304e-01
     77.2502275 6.095922444386164e-01
     77.3448969 6.113427215794153e-01
     77.4395663 6.137586208470291e-01
     77.5342357 6.099986184526074e-01
     77.6289051 5.859274357278842e-01
     77.7235744 5.711036937235586e-01
     77.8182438 5.635362956866780e-01
     77.9129132 5.560381433824549e-01
     78.0075826 5.483116986907161e-01
     78.1022520 5.407375220163703e-01
     78.1969214 5.334766796831119e-01
     78.2915908 5.251676378909066e-01
     78.3862602 5.186080230355871e-01
     78.4809296 5.136849087572071e-01
     78.5755990 5.091084226976822e-01
     78.6702684 5.045137271555101e-01
     78.7649378 4.997270837344259e-01
     78.8596072 4.949987299742766e-01
     78.9542766 4.897940290193669e-01
     79.0489460 4.852039089409535e-01
     79.1436154 4.808339033887458e-01
     79.2382848 4.765346117859270e-01
     79.3329542 4.723993952946979e-01
     79.4276236 4.686131822460404e-01
     79.5222930 4.658868560977891e-01
     79.6169624 4.616550273725140e-01
     79.7116318 4.576528809415134e-01
     79.8063012 4.546954698077064e-01
     79.9009706 4.518955193693965e-01
     79.9956400 4.510806983678242e-01
     80.0903094 4.475057417126091e-01
     80.1849788 4.411401716117427e-01
     80.2796481 4.359049826680217e-01
     80.3743175 4.401356088838885e-01
     80.4689869 4.343526684792230e-01
     80.5636563 4.163355466025323e-01
     80.6583257 3.824852536501333e-01
     80.7529951 3.268607894202757e-01
     80.8476645 3.344871577305581e-01
     80.9423339 3.430727490049795e-01
     81.0370033 3.506473878767633e-01
     81.1316727 3.514550293541528e-01
     81.2263421 3.516514495323603e-01
     81.3210115 3.528353487595414e-01
     81.4156809 3.543626843460468e-01
     81.5103503 3.558552234007642e-01
     81.6050197 3.568003765693161e-01
     81.6996891 3.581648717731481e-01
     81.7943585 3.606754767748638e-01
     81.8890279 3.660260407273520e-01
     81.9836973 3.701144236310476e-01
     82.0783667 3.732932494696499e-01
     82.1730361 3.761369719130168e-01
     82.2677055 3.789266605770861e-01
     82.3623749 3.825427108049541e-01
     82.4570443 3.870927379828631e-01
     82.5517137 3.952063506156007e-01
     82.6463831 4.098266722975428e-01
     82.7410525 4.232631624958232e-01
     82.8357219 4.352924719920286e-01
     82.9303912 4.475423059777168e-01
     83.0250606 4.663055105624722e-01
     83.1197300 5.315549625905962e-01
     83.2143994 6.671801103796060e-01
     83.3090688 5.733670592733610e-01
     83.4037382 4.765675900693402e-01
     83.4984076 4.267089202234161e-01
     83.5930770 3.924148502303897e-01
     83.6877464 3.655204189333290e-01
     83.7824158 3.440357417797080e-01
     83.8770852 3.238013548561238e-01
     83.9717546 3.066197144224660e-01
     84.0664240 2.925322071586763e-01
     84.1610934 2.851998067283139e-01
     84.2557628 2.408024048789577e-01
     84.3504322 2.833100474084957e-01
     84.4451016 2.450952000911631e-01
     84.5397710 2.344140075415419e-01
     84.6344404 2.258975736329162e-01
     84.7291098 2.155704952228855e-01
     84.8237792 2.080341163386472e-01
     84.9184486 1.988652859000985e-01
     85.0131180 1.916188110813905e-01
     85.1077874 1.852215659325155e-01
     85.2024568 1.775726384006975e-01
     85.2971262 1.728724269360390e-01
     85.3917956 1.665459073152454e-01
     85.4864650 1.613187074756058e-01
     85.5811343 1.557380936367311e-01
     85.6758037 1.503599076726780e-01
     85.7704731 1.457964340364947e-01
     85.8651425 1.412725730473047e-01
     85.9598119 1.379619620902701e-01
     86.0544813 1.344594572803127e-01
     86.1491507 1.298360521058834e-01
     86.2438201 1.249504289329362e-01
     86.3384895 1.209525495909960e-01
     86.4331589 1.178963985556426e-01
     86.5278283 1.145354807783461e-01
     86.6224977 1.117327579995896e-01
     86.7171671 1.094094788157281e-01
     86.8118365 1.060502546154879e-01
     86.9065059 1.037581408640710e-01
     87.0011753 1.026402296649129e-01
     87.0958447 1.008105896651098e-01
     87.1905141 9.734081615571448e-02
     87.2851835 9.617187492359590e-02
     87.3798529 9.734746320378250e-02
     87.4745223 1.015372677897364e-01
     87.5691917 1.047077317559767e-01
     87.6638611 1.127792685835757e-01
     87.7585305 1.200466069777035e-01
     87.8531999 1.270914835210279e-01
     87.9478693 1.370278109341526e-01
     88.0425387 1.405953136468325e-01
     88.1372081 1.243123218587984e-01
     88.2318774 1.179700247646162e-01
     88.3265468 1.143420931095496e-01
     88.4212162 1.124262713708197e-01
     88.5158856 1.120434104025151e-01
     88.6105550 1.135015779359186e-01
     88.7052244 1.189794165502823e-01
     88.7998938 1.181481021798353e-01
     88.8945632 1.176419874334641e-01
     88.9892326 1.175980433019096e-01
     89.0839020 1.203425947963293e-01
     89.1785714 1.268528352205217e-01
     89.2732408 1.354328899283710e-01
     89.3679102 1.650397859206987e-01
     89.4625796 2.066357648774305e-01
     89.5572490 2.147913870530979e-01
     89.6519184 1.832333120357526e-01
     89.7465878 1.569230971567823e-01
     89.8412572 6.394650162908309e-02
     89.9359266 2.876113818497417e-02
     90.0305960 2.775850394504356e-02
     90.1252654 2.683127283536629e-02
     90.2199348 2.571933610254402e-02
     90.3146042 2.477804406089050e-02
     90.4092736 2.407971409696835e-02
     90.5039430 2.303439632004602e-02
     90.5986124 2.214621844409126e-02
     90.6932818 2.149451854714324e-02
     90.7879512 2.086968929521112e-02
     90.8826205 1.999305794626669e-02
     90.9772899 1.934652795479271e-02
     91.0719593 1.856237542838709e-02
     91.1666287 1.765323028507456e-02
     91.2612981 1.682557288500783e-02
     91.3559675 1.622365626475495e-02
     91.4506369 1.551095337347409e-02
     91.5453063 1.474251016774616e-02
     91.6399757 1.402366136338928e-02
     91.7346451 1.344442843920231e-02
     91.8293145 1.296533376586698e-02
     91.9239839 1.239946223685326e-02
     92.0186533 1.170837525115748e-02
     92.1133227 1.099641148308808e-02
     92.2079921 1.035692229078385e-02
     92.3026615 9.693987642045206e-03
     92.3973309 9.017811706820686e-03
     92.4920003 8.591344655889965e-03
     92.5866697 8.123612897155708e-03
     92.6813391 7.634589176613663e-03
     92.7760085 7.169030008457286e-03
     92.8706779 6.398937016856530e-03
     92.9653473 5.748524064563353e-03
     93.0600167 5.240952222908910e-03
     93.1546861 4.805736802525196e-03
     93.2493555 4.178023403973563e-03
     93.3440249 3.789025821771692e-03
     93.4386942 3.229880029917433e-03
     93.5333636 2.736508504162857e-03
     93.6280330 2.693369980307957e-03
     93.7227024 1.667767004434749e-03
     93.8173718 9.866505755360209e-04
     93.9120412 4.923460403764385e-04
     94.0067106 1.608688550740841e-04
     94.1013800 1.247448394885907e-07
     94.1960494 0.000000000000000e+00
     94.2907188 0.000000000000000e+00
     94.3853882 0.000000000000000e+00
     94.4800576 0.000000000000000e+00
     94.5747270 0.000000000000000e+00
