      0.0000000 0.000000000000000e+00
      0.0944377 1.282200216898410e-07
      0.1888753 9.824418094747936e-07
      0.2833130 3.082212306534727e-06
      0.3777507 6.695088567826575e-06
      0.4721883 1.208705328357980e-05
      0.5666260 1.992096643292274e-05
      0.6610637 3.036127259821578e-05
      0.7555013 4.393039861961542e-05
      0.8499390 6.120433956881914e-05
      0.9443767 8.071386644019711e-05
      1.0388144 1.003280841045849e-04
      1.1332520 1.213926409475770e-04
      1.2276897 1.454610989012999e-04
      1.3221274 1.726490798385609e-04
      1.4165650 2.026535029548019e-04
      1.5110027 2.357807915535929e-04
      1.6054404 3.071630178895646e-04
      1.6998780 4.424285332877963e-04
      1.7943157 6.073215485264710e-04
      1.8887534 7.937191592851765e-04
      1.9831910 9.412162608871574e-04
      2.0776287 1.055438299605721e-03
      2.1720664 1.181384515377985e-03
      2.2665040 1.341723483389209e-03
      2.3609417 1.409431359757160e-03
      2.4553794 1.437366223873857e-03
      2.5498170 1.495333174689693e-03
      2.6442547 1.565539452381761e-03
      2.7386924 1.679438700575058e-03
      2.8331301 1.784798998686680e-03
      2.9275677 1.891821427763751e-03
      3.0220054 1.933304937231952e-03
      3.1164431 1.910542700948155e-03
      3.2108807 1.951218973800865e-03
      3.3053184 2.005957209846303e-03
      3.3997561 2.053432081730642e-03
      3.4941937 2.087530286890368e-03
      3.5886314 2.116814436704807e-03
      3.6830691 2.165628403776547e-03
      3.7775067 2.211215304368738e-03
      3.8719444 2.255586441257234e-03
      3.9663821 2.298689811380001e-03
      4.0608197 2.280085202325953e-03
      4.1552574 2.295132674433790e-03
      4.2496951 2.305144976405466e-03
      4.3441327 2.304737573573861e-03
      4.4385704 2.327077529702831e-03
      4.5330081 2.350995684047697e-03
      4.6274457 2.377298829595064e-03
      4.7218834 2.407264350178559e-03
      4.8163211 2.437115797486476e-03
      4.9107588 2.466839113752185e-03
      5.0051964 2.496563529311612e-03
      5.0996341 2.522387246061116e-03
      5.1940718 2.544511172141243e-03
      5.2885094 2.548402965669409e-03
      5.3829471 2.544612538511575e-03
      5.4773848 2.549749926540097e-03
      5.5718224 2.555668855453442e-03
      5.6662601 2.567814444964529e-03
      5.7606978 2.581708521395965e-03
      5.8551354 2.596256077641308e-03
      5.9495731 2.613247966083999e-03
      6.0440108 2.633527975708892e-03
      6.1384484 2.655021123794000e-03
      6.2328861 2.676994561604759e-03
      6.3273238 2.698758079133242e-03
      6.4217614 2.720311773962043e-03
      6.5161991 2.741655743673762e-03
      6.6106368 2.761547596386053e-03
      6.7050745 2.776728515815072e-03
      6.7995121 2.779954459047885e-03
      6.8939498 2.787406633673070e-03
      6.9883875 2.793575828653404e-03
      7.0828251 2.803067746625339e-03
      7.1772628 2.814514315333624e-03
      7.2717005 2.828796015874104e-03
      7.3661381 2.843936326054185e-03
      7.4605758 2.858524266218308e-03
      7.5550135 2.873025072955880e-03
      7.6494511 2.887356546200901e-03
      7.7438888 2.901577746864600e-03
      7.8383265 2.916047976961831e-03
      7.9327641 2.931756120553148e-03
      8.0272018 2.947899270536917e-03
      8.1216395 2.964021586706028e-03
      8.2160771 2.980104085057714e-03
      8.3105148 2.996163367208727e-03
      8.4049525 3.012013270830496e-03
      8.4993902 3.025813060111647e-03
      8.5938278 3.038115414498187e-03
      8.6882655 3.051020463323339e-03
      8.7827032 3.064063580983289e-03
      8.8771408 3.077048124897586e-03
      8.9715785 3.090017154074133e-03
      9.0660162 3.102777969089331e-03
      9.1604538 3.115473876248299e-03
      9.2548915 3.128448985083526e-03
      9.3493292 3.141453022001158e-03
      9.4437668 3.154418565823894e-03
      9.5382045 3.167455351847072e-03
      9.6326422 3.180516389183955e-03
      9.7270798 3.193522100267369e-03
      9.8215175 3.206459846617127e-03
      9.9159552 3.219329647097491e-03
     10.0103928 3.232238073028752e-03
     10.1048305 3.245749954054639e-03
     10.1992682 3.264108081609002e-03
     10.2937058 3.298056379156070e-03
     10.3881435 3.319837346564783e-03
     10.4825812 3.341086249268854e-03
     10.5770189 3.361774337083696e-03
     10.6714565 3.379472981600521e-03
     10.7658942 3.395985213055204e-03
     10.8603319 3.412412356508457e-03
     10.9547695 3.428806187447942e-03
     11.0492072 3.444949260193855e-03
     11.1436449 3.461106709525702e-03
     11.2380825 3.477278678116003e-03
     11.3325202 3.493130875085556e-03
     11.4269579 3.508476748452711e-03
     11.5213955 3.524064852710618e-03
     11.6158332 3.540063566479462e-03
     11.7102709 3.555973995486825e-03
     11.8047085 3.571980085693576e-03
     11.8991462 3.588202921888264e-03
     11.9935839 3.606726437810079e-03
     12.0880215 3.660112393395164e-03
     12.1824592 3.709909817833479e-03
     12.2768969 3.737353650267424e-03
     12.3713346 3.764328635582716e-03
     12.4657722 3.791282300008408e-03
     12.5602099 3.818314733620246e-03
     12.6546476 3.845283791323690e-03
     12.7490852 3.870453949776884e-03
     12.8435229 3.893528462636263e-03
     12.9379606 3.916724232314883e-03
     13.0323982 3.940116478250841e-03
     13.1268359 3.963727929088479e-03
     13.2212736 3.987560490850841e-03
     13.3157112 4.011629802575669e-03
     13.4101489 4.036245524257459e-03
     13.5045866 4.061306910430654e-03
     13.5990242 4.086401753813970e-03
     13.6934619 4.112063489616743e-03
     13.7878996 4.183646715807426e-03
     13.8823372 4.254663263450410e-03
     13.9767749 4.310435526942202e-03
     14.0712126 4.365901964819337e-03
     14.1656503 4.415439900037478e-03
     14.2600879 4.457943463382452e-03
     14.3545256 4.500704739310798e-03
     14.4489633 4.543716643863447e-03
     14.5434009 4.588445309298620e-03
     14.6378386 4.634512684199001e-03
     14.7322763 4.681117448245592e-03
     14.8267139 4.727208834846734e-03
     14.9211516 4.773839175833970e-03
     15.0155893 4.821493320508997e-03
     15.1100269 4.870171285396460e-03
     15.2044646 4.925875838896202e-03
     15.2989023 4.991669886864059e-03
     15.3933399 5.115897150980431e-03
     15.4877776 5.254126072119139e-03
     15.5822153 5.355305609975721e-03
     15.6766529 5.455882756225575e-03
     15.7710906 5.558481848390434e-03
     15.8655283 5.662545165195918e-03
     15.9599659 5.764973287935429e-03
     16.0544036 5.866670225798256e-03
     16.1488413 5.970643213457334e-03
     16.2432790 6.076959128156094e-03
     16.3377166 6.185623632683619e-03
     16.4321543 6.305332233121822e-03
     16.5265920 6.446800240039771e-03
     16.6210296 6.624446322873719e-03
     16.7154673 6.905153164422375e-03
     16.8099050 7.187058091472649e-03
     16.9043426 7.452957224976805e-03
     16.9987803 7.704881250997740e-03
     17.0932180 7.957751008798810e-03
     17.1876556 8.239032796268151e-03
     17.2820933 8.654188934468229e-03
     17.3765310 9.136000684664868e-03
     17.4709686 9.657088420275092e-03
     17.5654063 1.019177499952077e-02
     17.6598440 1.083259586213059e-02
     17.7542816 1.179849654855970e-02
     17.8487193 1.389891239646882e-02
     17.9431570 1.652059596029041e-02
     18.0375947 1.955276636350729e-02
     18.1320323 3.965138195726233e-02
     18.2264700 1.289026378552950e-02
     18.3209077 3.996983744514474e-03
     18.4153453 2.288687937134158e-03
     18.5097830 1.495611481374490e-03
     18.6042207 9.206475034530645e-04
     18.6986583 9.324599236076895e-04
     18.7930960 9.462083391974258e-04
     18.8875337 9.637235561417413e-04
     18.9819713 9.770402170590166e-04
     19.0764090 9.901852645705595e-04
     19.1708467 1.002513575008963e-03
     19.2652843 1.016209696611386e-03
     19.3597220 1.029275761352718e-03
     19.4541597 1.042389608353762e-03
     19.5485973 1.055597447642060e-03
     19.6430350 1.068895027634573e-03
     19.7374727 1.083628685207835e-03
     19.8319104 1.102484726939228e-03
     19.9263480 1.121576700314828e-03
     20.0207857 1.140879466592262e-03
     20.1152234 1.160400909903955e-03
     20.2096610 1.180142799306693e-03
     20.3040987 1.200090775628500e-03
     20.3985364 1.220028736899625e-03
     20.4929740 1.237887806663326e-03
     20.5874117 1.255194845938835e-03
     20.6818494 1.272556609593207e-03
     20.7762870 1.290014194078975e-03
     20.8707247 1.307576296369898e-03
     20.9651624 1.325242916147547e-03
     21.0596000 1.343014053093497e-03
     21.1540377 1.361834897127449e-03
     21.2484754 1.381938730699682e-03
     21.3429130 1.401083828429598e-03
     21.4373507 1.419504700163253e-03
     21.5317884 1.437015480412559e-03
     21.6262260 1.454560442514007e-03
     21.7206637 1.471246970814770e-03
     21.8151014 1.488683354542332e-03
     21.9095391 1.507252276534120e-03
     22.0039767 1.527199465085262e-03
     22.0984144 1.549089419139312e-03
     22.1928521 1.572938970361151e-03
     22.2872897 1.598748104727650e-03
     22.3817274 1.626513959794560e-03
     22.4761651 1.656081413026218e-03
     22.5706027 1.687456610644090e-03
     22.6650404 1.726211809775263e-03
     22.7594781 1.764307327520961e-03
     22.8539157 1.803045042573484e-03
     22.9483534 1.843793661657543e-03
     23.0427911 1.887340035330372e-03
     23.1372287 1.939125764663851e-03
     23.2316664 2.005428063343499e-03
     23.3261041 2.107404121428387e-03
     23.4205417 2.285886042837923e-03
     23.5149794 3.008510652213409e-03
     23.6094171 4.113608113283700e-03
     23.7038548 5.400644818757276e-03
     23.7982924 6.942141737829781e-03
     23.8927301 8.450151221501221e-03
     23.9871678 1.003139186299462e-02
     24.0816054 1.168988717884463e-02
     24.1760431 1.325914021872104e-02
     24.2704808 1.507331222505363e-02
     24.3649184 1.851151265234768e-02
     24.4593561 2.294430912485168e-02
     24.5537938 4.820698691606437e-02
     24.6482314 6.710256142102602e-02
     24.7426691 7.090398926764084e-02
     24.8371068 6.407716992379633e-02
     24.9315444 6.474871237414168e-02
     25.0259821 6.704761483714415e-02
     25.1204198 6.986307559149499e-02
     25.2148574 7.409305411726240e-02
     25.3092951 8.088209052183626e-02
     25.4037328 7.003503511215603e-02
     25.4981705 6.466289321532027e-02
     25.5926081 6.129872354851957e-02
     25.6870458 6.039133807988695e-02
     25.7814835 6.298836251627095e-02
     25.8759211 6.658971439612854e-02
     25.9703588 6.878484327124293e-02
     26.0647965 6.987696517700652e-02
     26.1592341 7.218262497943541e-02
     26.2536718 7.648004671180859e-02
     26.3481095 8.278039992025056e-02
     26.4425471 9.064026654469193e-02
     26.5369848 9.893431433737560e-02
     26.6314225 1.077117243614863e-01
     26.7258601 1.163262962483048e-01
     26.8202978 1.218577271813003e-01
     26.9147355 1.275551339191243e-01
     27.0091731 1.391923391147365e-01
     27.1036108 1.604382211810742e-01
     27.1980485 2.843545009855098e-01
     27.2924861 3.731020127728021e-01
     27.3869238 2.520791317915581e-01
     27.4813615 1.888535131792698e-01
     27.5757992 1.589106979157745e-01
     27.6702368 1.242594629675708e-01
     27.7646745 1.114696189449781e-01
     27.8591122 1.210324313454228e-01
     27.9535498 8.870347744875806e-02
     28.0479875 4.715986076728049e-02
     28.1424252 1.022213260301024e-02
     28.2368628 9.159494080978284e-03
     28.3313005 8.208840628258293e-03
     28.4257382 7.363227722166008e-03
     28.5201758 6.620202850708890e-03
     28.6146135 5.979252539878934e-03
     28.7090512 5.441285815617306e-03
     28.8034888 5.014861496707187e-03
     28.8979265 4.683834013354786e-03
     28.9923642 4.440563384355288e-03
     29.0868018 4.269748240675254e-03
     29.1812395 4.168271818006355e-03
     29.2756772 4.105529373411618e-03
     29.3701149 4.076281138611863e-03
     29.4645525 4.080869452196319e-03
     29.5589902 4.112478167512901e-03
     29.6534279 4.160818471519253e-03
     29.7478655 4.211422964926448e-03
     29.8423032 4.268744289179006e-03
     29.9367409 4.330529333248516e-03
     30.0311785 4.384057047935218e-03
     30.1256162 4.439184770206659e-03
     30.2200539 4.509824607926047e-03
     30.3144915 4.619764222573426e-03
     30.4089292 4.714487211750677e-03
     30.5033669 4.789850235574373e-03
     30.5978045 4.864475783815799e-03
     30.6922422 4.939598800739114e-03
     30.7866799 5.015185957743214e-03
     30.8811175 5.091124121281075e-03
     30.9755552 5.166179411235282e-03
     31.0699929 5.239151005548556e-03
     31.1644306 5.308906549613871e-03
     31.2588682 5.377837627192500e-03
     31.3533059 5.447078046456121e-03
     31.4477436 5.526361213763666e-03
     31.5421812 5.774680010012640e-03
     31.6366189 5.955789477049211e-03
     31.7310566 6.080221318408345e-03
     31.8254942 6.206096845657312e-03
     31.9199319 6.334369051930706e-03
     32.0143696 6.468032889564925e-03
     32.1088072 6.751209035754664e-03
     32.2032449 7.204666361643206e-03
     32.2976826 7.733148455196430e-03
     32.3921202 8.465442500826445e-03
     32.4865579 8.516384158360752e-03
     32.5809956 8.373225756027449e-03
     32.6754332 8.222726356307485e-03
     32.7698709 8.061253511121367e-03
     32.8643086 7.855607464868358e-03
     32.9587462 7.377306309717393e-03
     33.0531839 6.971996196805746e-03
     33.1476216 6.974123476015690e-03
     33.2420593 7.015064178336358e-03
     33.3364969 7.043953244688792e-03
     33.4309346 7.063505098725450e-03
     33.5253723 7.079719418441922e-03
     33.6198099 7.118192078981139e-03
     33.7142476 7.165305277666866e-03
     33.8086853 7.219623263493925e-03
     33.9031229 7.267745001559983e-03
     33.9975606 7.301853035423490e-03
     34.0919983 7.324257575764318e-03
     34.1864359 7.351993500297212e-03
     34.2808736 7.353522621478238e-03
     34.3753113 7.339811643859435e-03
     34.4697489 7.311592441613176e-03
     34.5641866 7.262294054039086e-03
     34.6586243 7.194539627158300e-03
     34.7530619 7.196795175842765e-03
     34.8474996 7.067997375442774e-03
     34.9419373 7.038121980108229e-03
     35.0363750 7.002461279355008e-03
     35.1308126 6.981389068360691e-03
     35.2252503 6.978346599873624e-03
     35.3196880 7.023519454276837e-03
     35.4141256 7.092222786632876e-03
     35.5085633 7.205622981466531e-03
     35.6030010 7.357898666375755e-03
     35.6974386 7.533795861050102e-03
     35.7918763 7.728623916657698e-03
     35.8863140 8.137503504275674e-03
     35.9807516 8.579133318607731e-03
     36.0751893 9.074658498773128e-03
     36.1696270 9.633162259780212e-03
     36.2640646 1.009821309736877e-02
     36.3585023 1.059819866176216e-02
     36.4529400 1.114784467604812e-02
     36.5473776 1.174547555217821e-02
     36.6418153 1.240467999932155e-02
     36.7362530 1.325946396430098e-02
     36.8306907 1.451172618790925e-02
     36.9251283 1.459135831939871e-02
     37.0195660 1.471320959022882e-02
     37.1140037 1.551993201400886e-02
     37.2084413 1.620669996537792e-02
     37.3028790 1.672768580963355e-02
     37.3973167 1.608039023407072e-02
     37.4917543 1.636834683900096e-02
     37.5861920 1.642047880759932e-02
     37.6806297 2.083715470159196e-02
     37.7750673 2.246541215219663e-02
     37.8695050 2.028900022878414e-02
     37.9639427 1.940664313343014e-02
     38.0583803 1.766201974554001e-02
     38.1528180 1.705250076950626e-02
     38.2472557 1.667492007056633e-02
     38.3416933 1.646177459250384e-02
     38.4361310 1.621968546701240e-02
     38.5305687 1.588291366757341e-02
     38.6250063 1.571347306459937e-02
     38.7194440 1.544973197318469e-02
     38.8138817 1.482962234372884e-02
     38.9083194 1.474685039207119e-02
     39.0027570 1.461198729278848e-02
     39.0971947 1.448352302342275e-02
     39.1916324 1.449018879240530e-02
     39.2860700 1.447833537400366e-02
     39.3805077 1.452944491138414e-02
     39.4749454 1.477012307764372e-02
     39.5693830 1.497519204504658e-02
     39.6638207 1.531992678122399e-02
     39.7582584 1.548936196856524e-02
     39.8526960 1.506886248290285e-02
     39.9471337 1.477838135430025e-02
     40.0415714 1.492508454870969e-02
     40.1360090 1.502209272901602e-02
     40.2304467 1.498176771691719e-02
     40.3248844 1.496581611155166e-02
     40.4193220 1.508625472093817e-02
     40.5137597 1.521435852713333e-02
     40.6081974 1.529510719440287e-02
     40.7026351 1.532547181101328e-02
     40.7970727 1.547369508385798e-02
     40.8915104 1.530831757161305e-02
     40.9859481 1.538783863607306e-02
     41.0803857 1.540274149729569e-02
     41.1748234 1.540657964906151e-02
     41.2692611 1.548943696177498e-02
     41.3636987 1.560972868621533e-02
     41.4581364 1.576730972458944e-02
     41.5525741 1.576982514724722e-02
     41.6470117 1.577812452957433e-02
     41.7414494 1.585813694435256e-02
     41.8358871 1.596925406299441e-02
     41.9303247 1.615029894979040e-02
     42.0247624 1.631769601525309e-02
     42.1192001 1.638349878150867e-02
     42.2136377 1.650402379202733e-02
     42.3080754 1.661621164776010e-02
     42.4025131 1.679124711920223e-02
     42.4969508 1.696898032928688e-02
     42.5913884 1.713765556603032e-02
     42.6858261 1.728927577136461e-02
     42.7802638 1.755050607807285e-02
     42.8747014 1.777745842571639e-02
     42.9691391 1.783673278602027e-02
     43.0635768 1.810202944927491e-02
     43.1580144 1.849645781434664e-02
     43.2524521 1.907988795944721e-02
     43.3468898 1.896207378009407e-02
     43.4413274 1.885747782229321e-02
     43.5357651 1.871270337368527e-02
     43.6302028 1.889642793491118e-02
     43.7246404 1.796062680837852e-02
     43.8190781 1.904129828585629e-02
     43.9135158 1.946304064909125e-02
     44.0079534 2.009257505177891e-02
     44.1023911 2.089047230868942e-02
     44.1968288 2.181471464671048e-02
     44.2912664 2.296218433410362e-02
     44.3857041 2.421283398122040e-02
     44.4801418 1.349047442190801e-01
     44.5745795 3.724479400537465e-02
     44.6690171 3.681427906862959e-02
     44.7634548 3.804390231138601e-02
     44.8578925 3.998484965421280e-02
     44.9523301 4.202250759774301e-02
     45.0467678 4.398233695704740e-02
     45.1412055 4.531676183105479e-02
     45.2356431 4.654915501443502e-02
     45.3300808 4.872578285915950e-02
     45.4245185 5.115913839446106e-02
     45.5189561 5.301748583915045e-02
     45.6133938 5.474107577859267e-02
     45.7078315 6.209114178526703e-02
     45.8022691 8.167192518893175e-02
     45.8967068 6.720780572607581e-02
     45.9911445 6.170185066911860e-02
     46.0855821 5.629710773041584e-02
     46.1800198 5.343527052221634e-02
     46.2744575 5.275013271553208e-02
     46.3688952 5.343449195365316e-02
     46.4633328 4.973629416363613e-02
     46.5577705 4.465923136256039e-02
     46.6522082 5.564961414550101e-02
     46.7466458 9.094762444754438e-02
     46.8410835 8.669766680807550e-02
     46.9355212 9.164050043271543e-02
     47.0299588 9.661711479288597e-02
     47.1243965 1.070098575808195e-01
     47.2188342 1.148608485897103e-01
     47.3132718 1.226390168046332e-01
     47.4077095 1.311369448048903e-01
     47.5021472 1.439480247533426e-01
     47.5965848 1.600763265320958e-01
     47.6910225 1.798593062861527e-01
     47.7854602 2.245764536240328e-01
     47.8798978 2.249601581593263e-01
     47.9743355 2.228644720987867e-01
     48.0687732 2.371374122175971e-01
     48.1632109 2.317496794299503e-01
     48.2576485 2.352824649541468e-01
     48.3520862 2.232504409947543e-01
     48.4465239 1.945177036877918e-01
     48.5409615 1.569526696306689e-01
     48.6353992 1.276002038312058e-01
     48.7298369 1.055490655130509e-01
     48.8242745 8.254003045811205e-02
     48.9187122 4.817648289540775e-02
     49.0131499 4.193666978735563e-02
     49.1075875 4.420602579007755e-02
     49.2020252 4.649932051263372e-02
     49.2964629 4.878711752972992e-02
     49.3909005 5.976636754868678e-02
     49.4853382 6.167712770019879e-02
     49.5797759 5.467775113159453e-02
     49.6742135 4.970037123175668e-02
     49.7686512 4.949846608527705e-02
     49.8630889 4.937793230947216e-02
     49.9575265 4.856919698171133e-02
     50.0519642 4.756536957880966e-02
     50.1464019 4.617195500724305e-02
     50.2408396 4.593929522301193e-02
     50.3352772 4.622534813698145e-02
     50.4297149 4.593728377138278e-02
     50.5241526 4.550121203884336e-02
     50.6185902 4.504090830240956e-02
     50.7130279 4.465363968777436e-02
     50.8074656 4.443662001298645e-02
     50.9019032 4.433773314114511e-02
     50.9963409 4.444580779776481e-02
     51.0907786 4.469256440859435e-02
     51.1852162 4.490818598461607e-02
     51.2796539 4.503146705662056e-02
     51.3740916 4.556284858167758e-02
     51.4685292 4.595989411170648e-02
     51.5629669 4.658509525042026e-02
     51.6574046 4.748910946622933e-02
     51.7518422 4.771613756976121e-02
     51.8462799 4.773135724069454e-02
     51.9407176 4.747657990724530e-02
     52.0351553 4.707085771434444e-02
     52.1295929 4.658632022509099e-02
     52.2240306 4.614157228276991e-02
     52.3184683 4.628459826436288e-02
     52.4129059 4.708984001941183e-02
     52.5073436 5.090828916940319e-02
     52.6017813 5.275358778747141e-02
     52.6962189 5.204095244524876e-02
     52.7906566 5.072348630607312e-02
     52.8850943 4.981904821867344e-02
     52.9795319 5.213415574486341e-02
     53.0739696 4.866532456109381e-02
     53.1684073 4.483993161347010e-02
     53.2628449 4.214089355059866e-02
     53.3572826 4.342747221553162e-02
     53.4517203 4.445305189460330e-02
     53.5461579 4.608747976328060e-02
     53.6405956 4.844655133142050e-02
     53.7350333 5.028793390658642e-02
     53.8294710 5.127559930268513e-02
     53.9239086 5.084668302442838e-02
     54.0183463 5.192657034420831e-02
     54.1127840 5.327954786760469e-02
     54.2072216 5.453125237733369e-02
     54.3016593 5.577985588921585e-02
     54.3960970 5.758465529395860e-02
     54.4905346 5.867961796177271e-02
     54.5849723 5.987526567229238e-02
     54.6794100 6.072225142481252e-02
     54.7738476 6.061818551117502e-02
     54.8682853 6.054226303893993e-02
     54.9627230 6.414310350188385e-02
     55.0571606 6.432691640094243e-02
     55.1515983 6.443153327469286e-02
     55.2460360 6.513278131539003e-02
     55.3404736 6.587551296777189e-02
     55.4349113 6.665747262583532e-02
     55.5293490 6.744315039311256e-02
     55.6237866 6.830909109418644e-02
     55.7182243 6.900125373024614e-02
     55.8126620 6.957251346037487e-02
     55.9070997 7.048597458403066e-02
     56.0015373 7.993262225155183e-02
     56.0959750 9.060268902702841e-02
     56.1904127 9.105837602152551e-02
     56.2848503 8.927601284977882e-02
     56.3792880 6.788015076464841e-02
     56.4737257 6.613795694476518e-02
     56.5681633 6.565250004412758e-02
     56.6626010 6.768219640431879e-02
     56.7570387 7.474670325510853e-02
     56.8514763 7.549699251703905e-02
     56.9459140 7.655690588898721e-02
     57.0403517 7.892487458838675e-02
     57.1347893 8.296243483865262e-02
     57.2292270 8.808393494317018e-02
     57.3236647 9.753566682790650e-02
     57.4181023 9.395363197890726e-02
     57.5125400 9.072250466469362e-02
     57.6069777 8.529302067625251e-02
     57.7014154 8.448954609696634e-02
     57.7958530 8.549690067441029e-02
     57.8902907 8.709289972004758e-02
     57.9847284 8.833496189024487e-02
     58.0791660 8.951618578919944e-02
     58.1736037 8.983525179964280e-02
     58.2680414 9.035714272908342e-02
     58.3624790 9.070843311511372e-02
     58.4569167 9.086453199120366e-02
     58.5513544 9.146975752394031e-02
     58.6457920 9.420484922724663e-02
     58.7402297 9.534465487535854e-02
     58.8346674 9.640484833680470e-02
     58.9291050 9.698448408831230e-02
     59.0235427 9.760631029838081e-02
     59.1179804 9.873437894104571e-02
     59.2124180 1.003617619140475e-01
     59.3068557 1.041220838964521e-01
     59.4012934 1.064579620937742e-01
     59.4957311 1.065925254285505e-01
     59.5901687 1.047239863858113e-01
     59.6846064 1.022947679901740e-01
     59.7790441 1.006628425304747e-01
     59.8734817 1.002446092928741e-01
     59.9679194 1.011223466660520e-01
     60.0623571 1.028150791160014e-01
     60.1567947 1.043586940310136e-01
     60.2512324 9.319073517098488e-02
     60.3456701 7.534017930740627e-02
     60.4401077 9.868306796309047e-02
     60.5345454 1.186535657409896e-01
     60.6289831 1.440824243601650e-01
     60.7234207 1.373018410354910e-01
     60.8178584 1.387346766747639e-01
     60.9122961 1.514640450665537e-01
     61.0067337 1.595278932325835e-01
     61.1011714 1.157849851128005e-01
     61.1956091 1.158847697025566e-01
     61.2900468 1.175455546857992e-01
     61.3844844 1.181279502466801e-01
     61.4789221 1.138556362047832e-01
     61.5733598 1.105244213992408e-01
     61.6677974 1.112707401528346e-01
     61.7622351 1.125089671585134e-01
     61.8566728 1.136204551559628e-01
     61.9511104 1.147257247209578e-01
     62.0455481 1.161066431944145e-01
     62.1399858 1.200684859942571e-01
     62.2344234 1.218867514338754e-01
     62.3288611 1.236943765800626e-01
     62.4232988 1.254923766556723e-01
     62.5177364 1.272912747054892e-01
     62.6121741 1.304494706081353e-01
     62.7066118 1.320719533720833e-01
     62.8010494 1.334679046585985e-01
     62.8954871 1.349948149937481e-01
     62.9899248 1.371868085439905e-01
     63.0843624 1.376300040092560e-01
     63.1788001 1.379377486200553e-01
     63.2732378 1.383630088689115e-01
     63.3676755 1.390002790730186e-01
     63.4621131 1.397981163985144e-01
     63.5565508 1.416472403321420e-01
     63.6509885 1.447998089458874e-01
     63.7454261 1.491679960943108e-01
     63.8398638 1.533583852835218e-01
     63.9343015 1.567873104597826e-01
     64.0287391 1.592526489800249e-01
     64.1231768 1.615230444952147e-01
     64.2176145 1.639133810999681e-01
     64.3120521 1.663461195414968e-01
     64.4064898 1.697772636619737e-01
     64.5009275 1.740952571720174e-01
     64.5953651 1.772021002793966e-01
     64.6898028 1.793066081639251e-01
     64.7842405 1.808171925088981e-01
     64.8786781 1.824119975169169e-01
     64.9731158 1.876795941854991e-01
     65.0675535 1.942782756559118e-01
     65.1619912 1.978879267268616e-01
     65.2564288 2.011572163223105e-01
     65.3508665 2.062416152067098e-01
     65.4453042 2.027512949640268e-01
     65.5397418 2.057316656696604e-01
     65.6341795 2.164131972423032e-01
     65.7286172 2.198995984939904e-01
     65.8230548 2.230591567898420e-01
     65.9174925 2.252170187533440e-01
     66.0119302 2.264362092619592e-01
     66.1063678 2.326011171544126e-01
     66.2008055 2.427654065372679e-01
     66.2952432 2.542932291299278e-01
     66.3896808 2.655529320020749e-01
     66.4841185 2.767488512772047e-01
     66.5785562 2.837834778018178e-01
     66.6729938 3.118491270574994e-01
     66.7674315 3.487315425681080e-01
     66.8618692 3.619676156967430e-01
     66.9563069 3.737914498642505e-01
     67.0507445 3.849027074362446e-01
     67.1451822 3.870309951761957e-01
     67.2396199 4.738097689352284e-01
     67.3340575 4.545184044156272e-01
     67.4284952 4.385851305046276e-01
     67.5229329 4.304784596897056e-01
     67.6173705 4.185903377254365e-01
     67.7118082 4.093468331161755e-01
     67.8062459 4.022061513283928e-01
     67.9006835 3.946921027498116e-01
     67.9951212 3.825584630518981e-01
     68.0895589 3.905285959562495e-01
     68.1839965 4.486858550632236e-01
     68.2784342 5.670833852248217e-01
     68.3728719 7.098622663817240e-01
     68.4673095 6.059506069856381e-01
     68.5617472 6.108744750594837e-01
     68.6561849 6.174669085843111e-01
     68.7506225 6.239412905289247e-01
     68.8450602 6.221929563327558e-01
     68.9394979 6.212442089348510e-01
     69.0339356 7.683996612792128e-01
     69.1283732 8.025342319662987e-01
     69.2228109 1.376984336136927e+00
     69.3172486 8.314325116742515e-01
     69.4116862 6.433443908260542e-01
     69.5061239 6.550049449934788e-01
     69.6005616 5.803132295025654e-01
     69.6949992 5.549094845266506e-01
     69.7894369 5.408612953626830e-01
     69.8838746 5.216578685556220e-01
     69.9783122 5.033495925244378e-01
     70.0727499 4.855925058342141e-01
     70.1671876 4.676045708008520e-01
     70.2616252 4.578368521810253e-01
     70.3560629 4.815323830588449e-01
     70.4505006 4.814744294359064e-01
     70.5449382 4.742613136055740e-01
     70.6393759 4.331891868119822e-01
     70.7338136 4.168517357328962e-01
     70.8282513 4.076291718290312e-01
     70.9226889 4.025176087699096e-01
     71.0171266 4.043827968349210e-01
     71.1115643 4.358382196660328e-01
     71.2060019 4.990789207524535e-01
     71.3004396 3.864710910712790e-01
     71.3948773 3.524751497935739e-01
     71.4893149 3.887761038170003e-01
     71.5837526 3.121590231577330e-01
     71.6781903 1.930993792858024e-01
     71.7726279 1.918596543588519e-01
     71.8670656 1.928205554289923e-01
     71.9615033 1.937430096185645e-01
     72.0559409 1.947106922282320e-01
     72.1503786 1.936944295537224e-01
     72.2448163 1.936012711030249e-01
     72.3392539 1.936236995772168e-01
     72.4336916 1.903235984125985e-01
     72.5281293 1.908105035545677e-01
     72.6225670 1.954018433548296e-01
     72.7170046 1.947318320277719e-01
     72.8114423 1.911582144105834e-01
     72.9058800 1.769001279685905e-01
     73.0003176 2.331406236502867e-01
     73.0947553 2.083635221987933e-01
     73.1891930 1.973032472771292e-01
     73.2836306 2.169228690301026e-01
     73.3780683 2.365525481529315e-01
     73.4725060 2.559225413267727e-01
     73.5669436 2.748053718446005e-01
     73.6613813 2.792803058209222e-01
     73.7558190 2.583479326650662e-01
     73.8502566 2.669683092942755e-01
     73.9446943 2.922806932848586e-01
     74.0391320 2.983763840489959e-01
     74.1335696 3.022336460870644e-01
     74.2280073 3.045862515573513e-01
     74.3224450 3.139084789414733e-01
     74.4168826 3.319560843342629e-01
     74.5113203 3.490848386984939e-01
     74.6057580 3.666209286389877e-01
     74.7001957 4.272853264444789e-01
     74.7946333 2.435517502196396e+00
     74.8890710 1.772489143284889e+00
     74.9835087 1.043455211165939e+00
     75.0779463 9.338838538651836e-01
     75.1723840 8.357241001002258e-01
     75.2668217 8.511809065803068e-01
     75.3612593 8.560485023054198e-01
     75.4556970 8.695098514635230e-01
     75.5501347 8.032057705857820e-01
     75.6445723 7.566958695333175e-01
     75.7390100 7.470621472811727e-01
     75.8334477 7.774519315988960e-01
     75.9278853 7.690924553654286e-01
     76.0223230 7.576184785326602e-01
     76.1167607 8.031044387141556e-01
     76.2111983 7.476551876559571e-01
     76.3056360 7.043044076146949e-01
     76.4000737 6.861418059541605e-01
     76.4945114 6.703641336897718e-01
     76.5889490 6.582724985024598e-01
     76.6833867 6.481524967238069e-01
     76.7778244 6.376931092060176e-01
     76.8722620 6.311348049555502e-01
     76.9666997 6.405478228725892e-01
     77.0611374 6.075574478703338e-01
     77.1555750 5.993636159909238e-01
     77.2500127 6.008975767980792e-01
     77.3444504 6.026652298716164e-01
     77.4388880 6.047255891210256e-01
     77.5333257 5.968942941693988e-01
     77.6277634 5.738307069490654e-01
     77.7222010 5.629130070598825e-01
     77.8166387 5.553362501278672e-01
     77.9110764 5.476476745458424e-01
     78.0055140 5.400181912898144e-01
     78.0999517 5.323360401514682e-01
     78.1943894 5.233006911853484e-01
     78.2888271 5.170141830363418e-01
     78.3832647 5.119376938230839e-01
     78.4777024 5.073461231451494e-01
     78.5721401 5.027082390014737e-01
     78.6665777 4.978407728333605e-01
     78.7610154 4.930191112012762e-01
     78.8554531 4.878184725317022e-01
     78.9498907 4.832531352531192e-01
     79.0443284 4.788972679079166e-01
     79.1387661 4.746050146225111e-01
     79.2332037 4.704440581913247e-01
     79.3276414 4.667369975583038e-01
     79.4220791 4.639330368242675e-01
     79.5165167 4.594883875395425e-01
     79.6109544 4.554495566169896e-01
     79.7053921 4.526638050028995e-01
     79.7998297 4.496959274664578e-01
     79.8942674 4.490475354343904e-01
     79.9887051 4.452174375509378e-01
     80.0831427 4.390088575140343e-01
     80.1775804 4.348006973797871e-01
     80.2720181 4.389013705442448e-01
     80.3664558 4.325079780202141e-01
     80.4608934 4.117866090899163e-01
     80.5553311 3.635028958932744e-01
     80.6497688 3.260208580567169e-01
     80.7442064 3.328791155018390e-01
     80.8386441 3.410470824040868e-01
     80.9330818 3.482593341913053e-01
     81.0275194 3.491676532272661e-01
     81.1219571 3.495782861346575e-01
     81.2163948 3.505979520416103e-01
     81.3108324 3.520081983552596e-01
     81.4052701 3.534184858448629e-01
     81.4997078 3.544360794013308e-01
     81.5941454 3.554952819512082e-01
     81.6885831 3.575179982365317e-01
     81.7830208 3.619701093963623e-01
     81.8774584 3.667208718410284e-01
     81.9718961 3.699644053555726e-01
     82.0663338 3.728045377079077e-01
     82.1607715 3.754449812571521e-01
     82.2552091 3.787828381732473e-01
     82.3496468 3.827907438118817e-01
     82.4440845 3.889350665526036e-01
     82.5385221 4.007916572175718e-01
     82.6329598 4.158174504100711e-01
     82.7273975 4.276961757010478e-01
     82.8218351 4.395301832780527e-01
     82.9162728 4.539092979275607e-01
     83.0107105 4.908805225398563e-01
     83.1051481 5.925001526892429e-01
     83.1995858 6.800389711885900e-01
     83.2940235 5.062403148252158e-01
     83.3884611 4.440879269517779e-01
     83.4828988 4.045995481560739e-01
     83.5773365 3.753217336487407e-01
     83.6717741 3.525567003114462e-01
     83.7662118 3.304535912917576e-01
     83.8606495 3.118430516350437e-01
     83.9550872 2.982896489412634e-01
     84.0495248 2.878511569911200e-01
     84.1439625 2.336808102894542e-01
     84.2384002 2.718625050255506e-01
     84.3328378 2.484138144972097e-01
     84.4272755 2.381337890161697e-01
     84.5217132 2.290377961093943e-01
     84.6161508 2.189016729632285e-01
     84.7105885 2.106419741349299e-01
     84.8050262 2.016358931320064e-01
     84.8994638 1.934175266457368e-01
     84.9939015 1.872465614375751e-01
     85.0883392 1.791445344986037e-01
     85.1827768 1.740283449322622e-01
     85.2772145 1.677429659234200e-01
     85.3716522 1.622875147550753e-01
     85.4660898 1.565142252269912e-01
     85.5605275 1.508401133753680e-01
     85.6549652 1.460512511885789e-01
     85.7494028 1.409986330685762e-01
     85.8438405 1.374837787650865e-01
     85.9382782 1.345404185200087e-01
     86.0327159 1.296045583701524e-01
     86.1271535 1.245110508310953e-01
     86.2215912 1.202646715815010e-01
     86.3160289 1.169016537794839e-01
     86.4104665 1.135091527176970e-01
     86.5049042 1.102919215101305e-01
     86.5993419 1.066830703334629e-01
     86.6937795 1.035446065127766e-01
     86.7882172 1.018263184337634e-01
     86.8826549 1.000084333527471e-01
     86.9770925 9.664787015146747e-02
     87.0715302 9.421374142970290e-02
     87.1659679 9.363096827869211e-02
     87.2604055 9.456780408226158e-02
     87.3548432 9.745454212263653e-02
     87.4492809 1.023393183885023e-01
     87.5437185 1.050599106974343e-01
     87.6381562 1.128523402369852e-01
     87.7325939 1.200207886540554e-01
     87.8270316 1.271738693504402e-01
     87.9214692 1.374782934386480e-01
     88.0159069 1.405864905208424e-01
     88.1103446 1.243184008419697e-01
     88.2047822 1.180871049533312e-01
     88.2992199 1.145296422433129e-01
     88.3936576 1.129664133012579e-01
     88.4880952 1.126023107275245e-01
     88.5825329 1.161619896406183e-01
     88.6769706 1.191247821746370e-01
     88.7714082 1.184258027687943e-01
     88.8658459 1.179277550901618e-01
     88.9602836 1.181668759069141e-01
     89.0547212 1.221282256226036e-01
     89.1491589 1.287732859967771e-01
     89.2435966 1.372105970994205e-01
     89.3380342 1.790166913939603e-01
     89.4324719 2.106821744583661e-01
     89.5269096 2.181527723449979e-01
     89.6213473 1.799880697126870e-01
     89.7157849 1.455720866598144e-01
     89.8102226 2.994632292885297e-02
     89.9046603 2.871227834812054e-02
     89.9990979 2.777796578720148e-02
     90.0935356 2.679310499059336e-02
     90.1879733 2.565237005105908e-02
     90.2824109 2.482332449075439e-02
     90.3768486 2.407834564650551e-02
     90.4712863 2.295786477512494e-02
     90.5657239 2.217849084481478e-02
     90.6601616 2.162187241729309e-02
     90.7545993 2.079573228178931e-02
     90.8490369 2.000640868171100e-02
     90.9434746 1.930394184702861e-02
     91.0379123 1.841181424466976e-02
     91.1323499 1.744634288240271e-02
     91.2267876 1.683808237705579e-02
     91.3212253 1.611104136460703e-02
     91.4156629 1.533917498691939e-02
     91.5101006 1.455494325579722e-02
     91.6045383 1.394479551297959e-02
     91.6989760 1.342761007662776e-02
     91.7934136 1.287858514456726e-02
     91.8878513 1.218557604882250e-02
     91.9822890 1.141649197429817e-02
     92.0767266 1.074292672871856e-02
     92.1711643 1.005036893152798e-02
     92.2656020 9.353548101275385e-03
     92.3600396 8.902841102942687e-03
     92.4544773 8.393618241710815e-03
     92.5489150 7.877269238043201e-03
     92.6433526 7.323599633545182e-03
     92.7377903 6.515300357241453e-03
     92.8322280 5.843506884062831e-03
     92.9266656 5.346853150868166e-03
     93.0211033 4.804265719104194e-03
     93.1155410 4.155622460028443e-03
     93.2099786 3.744977005617172e-03
     93.3044163 3.101322957094344e-03
     93.3988540 3.129149848525304e-03
     93.4932917 2.016095207056906e-03
     93.5877293 1.199695996648666e-03
     93.6821670 5.930280002052358e-04
     93.7766047 1.974585509199270e-04
     93.8710423 1.553186024739037e-07
     93.9654800 0.000000000000000e+00
     94.0599177 0.000000000000000e+00
     94.1543553 0.000000000000000e+00
     94.2487930 0.000000000000000e+00
     94.3432307 0.000000000000000e+00
