0.0 46317436601138.3
0.0 46317436601138.3
0.0 46317436601138.3
0.0 46317436601138.3
0.0 46317436601138.3
0.0 46317436601138.3
0.0 46317436601138.3
0.0 46317436601138.3
0.0 46317436601138.3
5775.45 23373849193363.324
11550.9 46317669117098.3
11550.9 46317669117098.3
11550.9 46317669117098.3
11550.9 46317669117098.3
11550.9 46317669117098.3
11550.9 46317669117098.3
11550.9 46317669117098.3
11550.9 46317669117098.3
11550.9 46317669117098.3
17326.35 23481524833026.598
23101.8 46318056965232.3
23101.8 46318056965232.3
23101.8 46318056965232.3
23101.8 46318056965232.3
23101.8 46318056965232.3
23101.8 46318056965232.3
23101.8 46318056965232.3
23101.8 46318056965232.3
23101.8 46318056965232.3
28877.25 23589271674900.406
34652.7 46318599853541.5
34652.7 46318599853541.5
34652.7 46318599853541.5
34652.7 46318599853541.5
34652.7 46318599853541.5
34652.7 46318599853541.5
34652.7 46318599853541.5
34652.7 46318599853541.5
34652.7 46318599853541.5
40428.149999999994 23697087398948.445
46203.6 46320507019937.0
46203.6 46320507019937.0
46203.6 46320507019937.0
46203.6 46320507019937.0
46203.6 46320507019937.0
46203.6 46320507019937.0
46203.6 46320507019937.0
46203.6 46320507019937.0
46203.6 46320507019937.0
46203.6 46320507019937.0
46203.6 46320507019937.0
51979.05 23805574455212.99
57754.5 46321648630519.0
57754.5 46321648630519.0
57754.5 46321648630519.0
57754.5 46321648630519.0
57754.5 46321648630519.0
57754.5 46321648630519.0
57754.5 46321648630519.0
57754.5 46321648630519.0
57754.5 46321648630519.0
57754.5 46321648630519.0
57754.5 46321648630519.0
63529.95 23913665756056.863
69305.4 46324865768813.6
69305.4 46324865768813.6
69305.4 46324865768813.6
69305.4 46324865768813.6
69305.4 46324865768813.6
69305.4 46324865768813.6
69305.4 46324865768813.6
69305.4 46324865768813.6
69305.4 46324865768813.6
69305.4 46324865768813.6
69305.4 46324865768813.6
75080.85 24022779668434.074
80856.3 46326683706215.5
80856.3 46326683706215.5
80856.3 46326683706215.5
80856.3 46326683706215.5
80856.3 46326683706215.5
80856.3 46326683706215.5
80856.3 46326683706215.5
80856.3 46326683706215.5
80856.3 46326683706215.5
80856.3 46326683706215.5
80856.3 46326683706215.5
86631.70000000001 24131176647420.21
92407.1 46329872238693.5
92407.1 46329872238693.5
92407.1 46329872238693.5
92407.1 46329872238693.5
92407.1 46329872238693.5
92407.1 46329872238693.5
92407.1 46329872238693.5
92407.1 46329872238693.5
92407.1 46329872238693.5
92407.1 46329872238693.5
92407.1 46329872238693.5
98182.55 24240239412007.375
103958.0 46332462932852.3
103958.0 46332462932852.3
103958.0 46332462932852.3
103958.0 46332462932852.3
103958.0 46332462932852.3
103958.0 46332462932852.3
103958.0 46332462932852.3
103958.0 46332462932852.3
103958.0 46332462932852.3
103958.0 46332462932852.3
103958.0 46332462932852.3
109733.5 24348981534678.055
115509.0 46335938119954.8
115509.0 46335938119954.8
115509.0 46335938119954.8
115509.0 46335938119954.8
115509.0 46335938119954.8
115509.0 46335938119954.8
115509.0 46335938119954.8
115509.0 46335938119954.8
115509.0 46335938119954.8
115509.0 46335938119954.8
115509.0 46335938119954.8
121284.5 24458141992045.715
127060.0 46339650909978.4
127060.0 46339650909978.4
127060.0 46339650909978.4
127060.0 46339650909978.4
127060.0 46339650909978.4
127060.0 46339650909978.4
127060.0 46339650909978.4
127060.0 46339650909978.4
127060.0 46339650909978.4
127060.0 46339650909978.4
127060.0 46339650909978.4
132835.5 24567395124527.99
138611.0 46343412969643.8
138611.0 46343412969643.8
138611.0 46343412969643.8
138611.0 46343412969643.8
138611.0 46343412969643.8
138611.0 46343412969643.8
138611.0 46343412969643.8
138611.0 46343412969643.8
138611.0 46343412969643.8
138611.0 46343412969643.8
138611.0 46343412969643.8
144386.5 24676644697999.31
150162.0 46347627551275.9
150162.0 46347627551275.9
150162.0 46347627551275.9
150162.0 46347627551275.9
150162.0 46347627551275.9
150162.0 46347627551275.9
150162.0 46347627551275.9
150162.0 46347627551275.9
150162.0 46347627551275.9
150162.0 46347627551275.9
150162.0 46347627551275.9
155937.5 24786090167498.09
161713.0 46352186342570.5
161713.0 46352186342570.5
161713.0 46352186342570.5
161713.0 46352186342570.5
161713.0 46352186342570.5
161713.0 46352186342570.5
161713.0 46352186342570.5
161713.0 46352186342570.5
161713.0 46352186342570.5
161713.0 46352186342570.5
161713.0 46352186342570.5
167488.0 24895674947658.645
173263.0 46357058060277.0
173263.0 46357058060277.0
173263.0 46357058060277.0
173263.0 46357058060277.0
173263.0 46357058060277.0
173263.0 46357058060277.0
173263.0 46357058060277.0
173263.0 46357058060277.0
173263.0 46357058060277.0
173263.0 46357058060277.0
173263.0 46357058060277.0
179038.5 25005381140529.39
184814.0 46362239778181.2
184814.0 46362239778181.2
184814.0 46362239778181.2
184814.0 46362239778181.2
184814.0 46362239778181.2
184814.0 46362239778181.2
184814.0 46362239778181.2
184814.0 46362239778181.2
184814.0 46362239778181.2
184814.0 46362239778181.2
184814.0 46362239778181.2
190589.5 25115205012876.727
196365.0 46367742118230.3
196365.0 46367742118230.3
196365.0 46367742118230.3
196365.0 46367742118230.3
196365.0 46367742118230.3
196365.0 46367742118230.3
196365.0 46367742118230.3
196365.0 46367742118230.3
196365.0 46367742118230.3
196365.0 46367742118230.3
196365.0 46367742118230.3
202140.5 25225149590722.273
207916.0 46373583855588.6
207916.0 46373583855588.6
207916.0 46373583855588.6
207916.0 46373583855588.6
207916.0 46373583855588.6
207916.0 46373583855588.6
207916.0 46373583855588.6
207916.0 46373583855588.6
207916.0 46373583855588.6
207916.0 46373583855588.6
207916.0 46373583855588.6
213691.5 25335221960843.246
219467.0 46379789818820.0
219467.0 46379789818820.0
219467.0 46379789818820.0
219467.0 46379789818820.0
219467.0 46379789818820.0
219467.0 46379789818820.0
219467.0 46379789818820.0
219467.0 46379789818820.0
219467.0 46379789818820.0
219467.0 46379789818820.0
219467.0 46379789818820.0
225242.5 25445432219760.785
231018.0 46386198029484.0
231018.0 46386198029484.0
231018.0 46386198029484.0
231018.0 46386198029484.0
231018.0 46386198029484.0
231018.0 46386198029484.0
231018.0 46386198029484.0
231018.0 46386198029484.0
231018.0 46386198029484.0
231018.0 46386198029484.0
231018.0 46386198029484.0
236793.5 25555697042470.82
242569.0 46392968455896.4
242569.0 46392968455896.4
242569.0 46392968455896.4
242569.0 46392968455896.4
242569.0 46392968455896.4
242569.0 46392968455896.4
242569.0 46392968455896.4
242569.0 46392968455896.4
242569.0 46392968455896.4
242569.0 46392968455896.4
242569.0 46392968455896.4
248344.5 25666094679945.508
254120.0 46400150024252.0
254120.0 46400150024252.0
254120.0 46400150024252.0
254120.0 46400150024252.0
254120.0 46400150024252.0
254120.0 46400150024252.0
254120.0 46400150024252.0
254120.0 46400150024252.0
254120.0 46400150024252.0
254120.0 46400150024252.0
254120.0 46400150024252.0
259895.5 25776646791330.242
265671.0 46407532073459.6
265671.0 46407532073459.6
265671.0 46407532073459.6
265671.0 46407532073459.6
265671.0 46407532073459.6
265671.0 46407532073459.6
265671.0 46407532073459.6
265671.0 46407532073459.6
265671.0 46407532073459.6
265671.0 46407532073459.6
265671.0 46407532073459.6
271446.0 25887245491422.82
277221.0 46415356383018.2
277221.0 46415356383018.2
277221.0 46415356383018.2
277221.0 46415356383018.2
277221.0 46415356383018.2
277221.0 46415356383018.2
277221.0 46415356383018.2
277221.0 46415356383018.2
277221.0 46415356383018.2
277221.0 46415356383018.2
277221.0 46415356383018.2
282996.5 25998009253776.117
288772.0 46423429473441.6
288772.0 46423429473441.6
288772.0 46423429473441.6
288772.0 46423429473441.6
288772.0 46423429473441.6
288772.0 46423429473441.6
288772.0 46423429473441.6
288772.0 46423429473441.6
288772.0 46423429473441.6
288772.0 46423429473441.6
288772.0 46423429473441.6
294547.5 26108839423593.266
300323.0 46431870804246.4
300323.0 46431870804246.4
300323.0 46431870804246.4
300323.0 46431870804246.4
300323.0 46431870804246.4
300323.0 46431870804246.4
300323.0 46431870804246.4
300323.0 46431870804246.4
300323.0 46431870804246.4
300323.0 46431870804246.4
300323.0 46431870804246.4
306098.5 26219793252628.5
311874.0 46440676506712.9
311874.0 46440676506712.9
311874.0 46440676506712.9
311874.0 46440676506712.9
311874.0 46440676506712.9
311874.0 46440676506712.9
311874.0 46440676506712.9
311874.0 46440676506712.9
311874.0 46440676506712.9
311874.0 46440676506712.9
311874.0 46440676506712.9
317649.5 26330865843795.84
323425.0 46449811342490.8
323425.0 46449811342490.8
323425.0 46449811342490.8
323425.0 46449811342490.8
323425.0 46449811342490.8
323425.0 46449811342490.8
323425.0 46449811342490.8
323425.0 46449811342490.8
323425.0 46449811342490.8
323425.0 46449811342490.8
323425.0 46449811342490.8
329200.5 26442037536626.49
334976.0 46459256502405.8
334976.0 46459256502405.8
334976.0 46459256502405.8
334976.0 46459256502405.8
334976.0 46459256502405.8
334976.0 46459256502405.8
334976.0 46459256502405.8
334976.0 46459256502405.8
334976.0 46459256502405.8
334976.0 46459256502405.8
334976.0 46459256502405.8
340751.5 26553296645059.332
346527.0 46469057911788.5
346527.0 46469057911788.5
346527.0 46469057911788.5
346527.0 46469057911788.5
346527.0 46469057911788.5
346527.0 46469057911788.5
346527.0 46469057911788.5
346527.0 46469057911788.5
346527.0 46469057911788.5
346527.0 46469057911788.5
346527.0 46469057911788.5
352302.5 26664662862990.344
358078.0 46479213111356.1
358078.0 46479213111356.1
358078.0 46479213111356.1
358078.0 46479213111356.1
358078.0 46479213111356.1
358078.0 46479213111356.1
358078.0 46479213111356.1
358078.0 46479213111356.1
358078.0 46479213111356.1
358078.0 46479213111356.1
358078.0 46479213111356.1
363853.5 26776133537178.54
369629.0 46489725129114.9
369629.0 46489725129114.9
369629.0 46489725129114.9
369629.0 46489725129114.9
369629.0 46489725129114.9
369629.0 46489725129114.9
369629.0 46489725129114.9
369629.0 46489725129114.9
369629.0 46489725129114.9
369629.0 46489725129114.9
369629.0 46489725129114.9
375404.0 26887706578384.844
381179.0 46500570097374.0
381179.0 46500570097374.0
381179.0 46500570097374.0
381179.0 46500570097374.0
381179.0 46500570097374.0
381179.0 46500570097374.0
381179.0 46500570097374.0
381179.0 46500570097374.0
381179.0 46500570097374.0
381179.0 46500570097374.0
381179.0 46500570097374.0
386954.5 26999368287889.77
392730.0 46511760265065.7
392730.0 46511760265065.7
392730.0 46511760265065.7
392730.0 46511760265065.7
392730.0 46511760265065.7
392730.0 46511760265065.7
392730.0 46511760265065.7
392730.0 46511760265065.7
392730.0 46511760265065.7
392730.0 46511760265065.7
392730.0 46511760265065.7
398505.5 27111121474955.42
404281.0 46523324437041.0
404281.0 46523324437041.0
404281.0 46523324437041.0
404281.0 46523324437041.0
404281.0 46523324437041.0
404281.0 46523324437041.0
404281.0 46523324437041.0
404281.0 46523324437041.0
404281.0 46523324437041.0
404281.0 46523324437041.0
404281.0 46523324437041.0
410056.5 27222978732422.258
415832.0 46535266454175.6
415832.0 46535266454175.6
415832.0 46535266454175.6
415832.0 46535266454175.6
415832.0 46535266454175.6
415832.0 46535266454175.6
415832.0 46535266454175.6
415832.0 46535266454175.6
415832.0 46535266454175.6
415832.0 46535266454175.6
415832.0 46535266454175.6
421607.5 27334938409782.14
427383.0 46547530370841.6
427383.0 46547530370841.6
427383.0 46547530370841.6
427383.0 46547530370841.6
427383.0 46547530370841.6
427383.0 46547530370841.6
427383.0 46547530370841.6
427383.0 46547530370841.6
427383.0 46547530370841.6
427383.0 46547530370841.6
427383.0 46547530370841.6
433158.5 27446970768090.39
438934.0 46560202372399.2
438934.0 46560202372399.2
438934.0 46560202372399.2
438934.0 46560202372399.2
438934.0 46560202372399.2
438934.0 46560202372399.2
438934.0 46560202372399.2
438934.0 46560202372399.2
438934.0 46560202372399.2
438934.0 46560202372399.2
438934.0 46560202372399.2
444709.5 27559115623786.86
450485.0 46573203531204.2
450485.0 46573203531204.2
450485.0 46573203531204.2
450485.0 46573203531204.2
450485.0 46573203531204.2
450485.0 46573203531204.2
450485.0 46573203531204.2
450485.0 46573203531204.2
450485.0 46573203531204.2
450485.0 46573203531204.2
450485.0 46573203531204.2
456260.5 27671330667553.93
462036.0 46586596472493.2
462036.0 46586596472493.2
462036.0 46586596472493.2
462036.0 46586596472493.2
462036.0 46586596472493.2
462036.0 46586596472493.2
462036.0 46586596472493.2
462036.0 46586596472493.2
462036.0 46586596472493.2
462036.0 46586596472493.2
462036.0 46586596472493.2
467811.5 27783644910278.258
473587.0 46600375750123.6
473587.0 46600375750123.6
473587.0 46600375750123.6
473587.0 46600375750123.6
473587.0 46600375750123.6
473587.0 46600375750123.6
473587.0 46600375750123.6
473587.0 46600375750123.6
473587.0 46600375750123.6
473587.0 46600375750123.6
473587.0 46600375750123.6
479362.5 27896052712790.246
485138.0 46614519341909.8
485138.0 46614519341909.8
485138.0 46614519341909.8
485138.0 46614519341909.8
485138.0 46614519341909.8
485138.0 46614519341909.8
485138.0 46614519341909.8
485138.0 46614519341909.8
485138.0 46614519341909.8
485138.0 46614519341909.8
485138.0 46614519341909.8
490913.0 28008540007028.29
496688.0 46629041454669.8
496688.0 46629041454669.8
496688.0 46629041454669.8
496688.0 46629041454669.8
496688.0 46629041454669.8
496688.0 46629041454669.8
496688.0 46629041454669.8
496688.0 46629041454669.8
496688.0 46629041454669.8
496688.0 46629041454669.8
496688.0 46629041454669.8
502463.5 28121111086121.164
508239.0 46643953982890.9
508239.0 46643953982890.9
508239.0 46643953982890.9
508239.0 46643953982890.9
508239.0 46643953982890.9
508239.0 46643953982890.9
508239.0 46643953982890.9
508239.0 46643953982890.9
508239.0 46643953982890.9
508239.0 46643953982890.9
508239.0 46643953982890.9
514014.5 28233769038486.414
519790.0 46659259463522.7
519790.0 46659259463522.7
519790.0 46659259463522.7
519790.0 46659259463522.7
519790.0 46659259463522.7
519790.0 46659259463522.7
519790.0 46659259463522.7
519790.0 46659259463522.7
519790.0 46659259463522.7
519790.0 46659259463522.7
519790.0 46659259463522.7
525565.5 28346512224138.652
531341.0 46674963172136.5
531341.0 46674963172136.5
531341.0 46674963172136.5
531341.0 46674963172136.5
531341.0 46674963172136.5
531341.0 46674963172136.5
531341.0 46674963172136.5
531341.0 46674963172136.5
531341.0 46674963172136.5
531341.0 46674963172136.5
531341.0 46674963172136.5
537116.5 28459340321257.5
542892.0 46691046203800.2
542892.0 46691046203800.2
542892.0 46691046203800.2
542892.0 46691046203800.2
542892.0 46691046203800.2
542892.0 46691046203800.2
542892.0 46691046203800.2
542892.0 46691046203800.2
542892.0 46691046203800.2
542892.0 46691046203800.2
542892.0 46691046203800.2
548667.5 28572240864630.05
554443.0 46707535735264.3
554443.0 46707535735264.3
554443.0 46707535735264.3
554443.0 46707535735264.3
554443.0 46707535735264.3
554443.0 46707535735264.3
554443.0 46707535735264.3
554443.0 46707535735264.3
554443.0 46707535735264.3
554443.0 46707535735264.3
554443.0 46707535735264.3
560218.5 28685224374301.65
565994.0 46724444417082.5
565994.0 46724444417082.5
565994.0 46724444417082.5
565994.0 46724444417082.5
565994.0 46724444417082.5
565994.0 46724444417082.5
565994.0 46724444417082.5
565994.0 46724444417082.5
565994.0 46724444417082.5
565994.0 46724444417082.5
565994.0 46724444417082.5
571769.5 28798294048681.55
577545.0 46741746793887.3
577545.0 46741746793887.3
577545.0 46741746793887.3
577545.0 46741746793887.3
577545.0 46741746793887.3
577545.0 46741746793887.3
577545.0 46741746793887.3
577545.0 46741746793887.3
577545.0 46741746793887.3
577545.0 46741746793887.3
577545.0 46741746793887.3
583320.5 28911433971077.598
589096.0 46759477287124.8
589096.0 46759477287124.8
589096.0 46759477287124.8
589096.0 46759477287124.8
589096.0 46759477287124.8
589096.0 46759477287124.8
589096.0 46759477287124.8
589096.0 46759477287124.8
589096.0 46759477287124.8
589096.0 46759477287124.8
589096.0 46759477287124.8
594871.0 29024658183505.348
600646.0 46777611208417.8
600646.0 46777611208417.8
600646.0 46777611208417.8
600646.0 46777611208417.8
600646.0 46777611208417.8
600646.0 46777611208417.8
600646.0 46777611208417.8
600646.0 46777611208417.8
600646.0 46777611208417.8
600646.0 46777611208417.8
600646.0 46777611208417.8
606421.5 29137951686378.15
612197.0 46796179438417.1
612197.0 46796179438417.1
612197.0 46796179438417.1
612197.0 46796179438417.1
612197.0 46796179438417.1
612197.0 46796179438417.1
612197.0 46796179438417.1
612197.0 46796179438417.1
612197.0 46796179438417.1
612197.0 46796179438417.1
612197.0 46796179438417.1
617972.5 29251325930649.05
623748.0 46815178490202.9
623748.0 46815178490202.9
623748.0 46815178490202.9
623748.0 46815178490202.9
623748.0 46815178490202.9
623748.0 46815178490202.9
623748.0 46815178490202.9
623748.0 46815178490202.9
623748.0 46815178490202.9
623748.0 46815178490202.9
623748.0 46815178490202.9
629523.5 29364776047845.25
635299.0 46834601326147.8
635299.0 46834601326147.8
635299.0 46834601326147.8
635299.0 46834601326147.8
635299.0 46834601326147.8
635299.0 46834601326147.8
635299.0 46834601326147.8
635299.0 46834601326147.8
635299.0 46834601326147.8
635299.0 46834601326147.8
635299.0 46834601326147.8
641074.5 29478295613528.25
646850.0 46854462312667.0
646850.0 46854462312667.0
646850.0 46854462312667.0
646850.0 46854462312667.0
646850.0 46854462312667.0
646850.0 46854462312667.0
646850.0 46854462312667.0
646850.0 46854462312667.0
646850.0 46854462312667.0
646850.0 46854462312667.0
646850.0 46854462312667.0
652625.5 29591887753533.848
658401.0 46874768716693.2
658401.0 46874768716693.2
658401.0 46874768716693.2
658401.0 46874768716693.2
658401.0 46874768716693.2
658401.0 46874768716693.2
658401.0 46874768716693.2
658401.0 46874768716693.2
658401.0 46874768716693.2
658401.0 46874768716693.2
658401.0 46874768716693.2
664176.5 29705553310044.55
669952.0 46895518532018.0
669952.0 46895518532018.0
669952.0 46895518532018.0
669952.0 46895518532018.0
669952.0 46895518532018.0
669952.0 46895518532018.0
669952.0 46895518532018.0
669952.0 46895518532018.0
669952.0 46895518532018.0
669952.0 46895518532018.0
669952.0 46895518532018.0
675727.5 29819287468548.25
681503.0 46916718101562.6
681503.0 46916718101562.6
681503.0 46916718101562.6
681503.0 46916718101562.6
681503.0 46916718101562.6
681503.0 46916718101562.6
681503.0 46916718101562.6
681503.0 46916718101562.6
681503.0 46916718101562.6
681503.0 46916718101562.6
681503.0 46916718101562.6
687278.5 29933089652243.1
693054.0 46938381136192.7
693054.0 46938381136192.7
693054.0 46938381136192.7
693054.0 46938381136192.7
693054.0 46938381136192.7
693054.0 46938381136192.7
693054.0 46938381136192.7
693054.0 46938381136192.7
693054.0 46938381136192.7
693054.0 46938381136192.7
693054.0 46938381136192.7
698829.5 30046963628200.05
704605.0 46960511909422.4
704605.0 46960511909422.4
704605.0 46960511909422.4
704605.0 46960511909422.4
704605.0 46960511909422.4
704605.0 46960511909422.4
704605.0 46960511909422.4
704605.0 46960511909422.4
704605.0 46960511909422.4
704605.0 46960511909422.4
704605.0 46960511909422.4
710380.0 30160907846963.297
716155.0 46983102579782.1
716155.0 46983102579782.1
716155.0 46983102579782.1
716155.0 46983102579782.1
716155.0 46983102579782.1
716155.0 46983102579782.1
716155.0 46983102579782.1
716155.0 46983102579782.1
716155.0 46983102579782.1
716155.0 46983102579782.1
716155.0 46983102579782.1
721930.5 30274914471919.5
727706.0 47006174951816.8
727706.0 47006174951816.8
727706.0 47006174951816.8
727706.0 47006174951816.8
727706.0 47006174951816.8
727706.0 47006174951816.8
727706.0 47006174951816.8
727706.0 47006174951816.8
727706.0 47006174951816.8
727706.0 47006174951816.8
727706.0 47006174951816.8
733481.5 30388990729181.996
739257.0 47029730271245.3
739257.0 47029730271245.3
739257.0 47029730271245.3
739257.0 47029730271245.3
739257.0 47029730271245.3
739257.0 47029730271245.3
739257.0 47029730271245.3
739257.0 47029730271245.3
739257.0 47029730271245.3
739257.0 47029730271245.3
739257.0 47029730271245.3
745032.5 30503133470669.797
750808.0 47053764305581.7
750808.0 47053764305581.7
750808.0 47053764305581.7
750808.0 47053764305581.7
750808.0 47053764305581.7
750808.0 47053764305581.7
750808.0 47053764305581.7
750808.0 47053764305581.7
750808.0 47053764305581.7
750808.0 47053764305581.7
750808.0 47053764305581.7
756583.5 30617336703729.754
762359.0 47078294357270.2
762359.0 47078294357270.2
762359.0 47078294357270.2
762359.0 47078294357270.2
762359.0 47078294357270.2
762359.0 47078294357270.2
762359.0 47078294357270.2
762359.0 47078294357270.2
762359.0 47078294357270.2
762359.0 47078294357270.2
762359.0 47078294357270.2
768134.5 30731605145182.7
773910.0 47103324830542.3
773910.0 47103324830542.3
773910.0 47103324830542.3
773910.0 47103324830542.3
773910.0 47103324830542.3
773910.0 47103324830542.3
773910.0 47103324830542.3
773910.0 47103324830542.3
773910.0 47103324830542.3
773910.0 47103324830542.3
773910.0 47103324830542.3
779685.5 30845937790258.598
785461.0 47128862107778.5
785461.0 47128862107778.5
785461.0 47128862107778.5
785461.0 47128862107778.5
785461.0 47128862107778.5
785461.0 47128862107778.5
785461.0 47128862107778.5
785461.0 47128862107778.5
785461.0 47128862107778.5
785461.0 47128862107778.5
785461.0 47128862107778.5
791236.5 30960332938960.8
797012.0 47154914313070.1
797012.0 47154914313070.1
797012.0 47154914313070.1
797012.0 47154914313070.1
797012.0 47154914313070.1
797012.0 47154914313070.1
797012.0 47154914313070.1
797012.0 47154914313070.1
797012.0 47154914313070.1
797012.0 47154914313070.1
797012.0 47154914313070.1
802787.5 31074790502022.4
808563.0 47181476300914.1
808563.0 47181476300914.1
808563.0 47181476300914.1
808563.0 47181476300914.1
808563.0 47181476300914.1
808563.0 47181476300914.1
808563.0 47181476300914.1
808563.0 47181476300914.1
808563.0 47181476300914.1
808563.0 47181476300914.1
808563.0 47181476300914.1
814338.0 31189304933799.5
820113.0 47208568873670.9
820113.0 47208568873670.9
820113.0 47208568873670.9
820113.0 47208568873670.9
820113.0 47208568873670.9
820113.0 47208568873670.9
820113.0 47208568873670.9
820113.0 47208568873670.9
820113.0 47208568873670.9
820113.0 47208568873670.9
820113.0 47208568873670.9
825888.5 31303881102642.297
831664.0 47236194374680.2
831664.0 47236194374680.2
831664.0 47236194374680.2
831664.0 47236194374680.2
831664.0 47236194374680.2
831664.0 47236194374680.2
831664.0 47236194374680.2
831664.0 47236194374680.2
831664.0 47236194374680.2
831664.0 47236194374680.2
831664.0 47236194374680.2
837439.5 31418516839353.453
843215.0 47264360463240.0
843215.0 47264360463240.0
843215.0 47264360463240.0
843215.0 47264360463240.0
843215.0 47264360463240.0
843215.0 47264360463240.0
843215.0 47264360463240.0
843215.0 47264360463240.0
843215.0 47264360463240.0
843215.0 47264360463240.0
843215.0 47264360463240.0
848990.5 31533211692291.9
854766.0 47293068941294.0
854766.0 47293068941294.0
854766.0 47293068941294.0
854766.0 47293068941294.0
854766.0 47293068941294.0
854766.0 47293068941294.0
854766.0 47293068941294.0
854766.0 47293068941294.0
854766.0 47293068941294.0
854766.0 47293068941294.0
854766.0 47293068941294.0
860541.5 31647961726976.2
866317.0 47322334081865.7
866317.0 47322334081865.7
866317.0 47322334081865.7
866317.0 47322334081865.7
866317.0 47322334081865.7
866317.0 47322334081865.7
866317.0 47322334081865.7
866317.0 47322334081865.7
866317.0 47322334081865.7
866317.0 47322334081865.7
866317.0 47322334081865.7
872092.5 31762769869663.203
877868.0 47352161113802.7
877868.0 47352161113802.7
877868.0 47352161113802.7
877868.0 47352161113802.7
877868.0 47352161113802.7
877868.0 47352161113802.7
877868.0 47352161113802.7
877868.0 47352161113802.7
877868.0 47352161113802.7
877868.0 47352161113802.7
877868.0 47352161113802.7
883643.5 31877634378111.6
889419.0 47382557162970.7
889419.0 47382557162970.7
889419.0 47382557162970.7
889419.0 47382557162970.7
889419.0 47382557162970.7
889419.0 47382557162970.7
889419.0 47382557162970.7
889419.0 47382557162970.7
889419.0 47382557162970.7
889419.0 47382557162970.7
889419.0 47382557162970.7
895194.5 31992554268694.953
900970.0 47413531051990.2
900970.0 47413531051990.2
900970.0 47413531051990.2
900970.0 47413531051990.2
900970.0 47413531051990.2
900970.0 47413531051990.2
900970.0 47413531051990.2
900970.0 47413531051990.2
900970.0 47413531051990.2
900970.0 47413531051990.2
900970.0 47413531051990.2
906745.5 32107529148407.55
912521.0 47445092458353.2
912521.0 47445092458353.2
912521.0 47445092458353.2
912521.0 47445092458353.2
912521.0 47445092458353.2
912521.0 47445092458353.2
912521.0 47445092458353.2
912521.0 47445092458353.2
912521.0 47445092458353.2
912521.0 47445092458353.2
912521.0 47445092458353.2
918296.0 32222558686645.95
924071.0 47477239000398.8
924071.0 47477239000398.8
924071.0 47477239000398.8
924071.0 47477239000398.8
924071.0 47477239000398.8
924071.0 47477239000398.8
924071.0 47477239000398.8
924071.0 47477239000398.8
924071.0 47477239000398.8
924071.0 47477239000398.8
924071.0 47477239000398.8
929846.5 32337639461599.348
935622.0 47509995158657.1
935622.0 47509995158657.1
935622.0 47509995158657.1
935622.0 47509995158657.1
935622.0 47509995158657.1
935622.0 47509995158657.1
935622.0 47509995158657.1
935622.0 47509995158657.1
935622.0 47509995158657.1
935622.0 47509995158657.1
935622.0 47509995158657.1
941397.5 32452775551428.35
947173.0 47543352558569.8
947173.0 47543352558569.8
947173.0 47543352558569.8
947173.0 47543352558569.8
947173.0 47543352558569.8
947173.0 47543352558569.8
947173.0 47543352558569.8
947173.0 47543352558569.8
947173.0 47543352558569.8
947173.0 47543352558569.8
947173.0 47543352558569.8
952948.5 32567960976953.15
958724.0 47577331206894.5
958724.0 47577331206894.5
958724.0 47577331206894.5
958724.0 47577331206894.5
958724.0 47577331206894.5
958724.0 47577331206894.5
958724.0 47577331206894.5
958724.0 47577331206894.5
958724.0 47577331206894.5
958724.0 47577331206894.5
958724.0 47577331206894.5
964499.5 32683198075708.5
970275.0 47611936994262.3
970275.0 47611936994262.3
970275.0 47611936994262.3
970275.0 47611936994262.3
970275.0 47611936994262.3
970275.0 47611936994262.3
970275.0 47611936994262.3
970275.0 47611936994262.3
970275.0 47611936994262.3
970275.0 47611936994262.3
970275.0 47611936994262.3
976050.5 32798485668324.344
981826.0 47647177702205.9
981826.0 47647177702205.9
981826.0 47647177702205.9
981826.0 47647177702205.9
981826.0 47647177702205.9
981826.0 47647177702205.9
981826.0 47647177702205.9
981826.0 47647177702205.9
981826.0 47647177702205.9
981826.0 47647177702205.9
981826.0 47647177702205.9
987601.5 32913824640918.45
993377.0 47683062820224.9
993377.0 47683062820224.9
993377.0 47683062820224.9
993377.0 47683062820224.9
993377.0 47683062820224.9
993377.0 47683062820224.9
993377.0 47683062820224.9
993377.0 47683062820224.9
993377.0 47683062820224.9
993377.0 47683062820224.9
993377.0 47683062820224.9
999153.5 33029212375718.75
1004930.0 47719603407468.1
1004930.0 47719603407468.1
1004930.0 47719603407468.1
1004930.0 47719603407468.1
1004930.0 47719603407468.1
1004930.0 47719603407468.1
1004930.0 47719603407468.1
1004930.0 47719603407468.1
1004930.0 47719603407468.1
1004930.0 47719603407468.1
1004930.0 47719603407468.1
1010705.0 33144650019993.4
1016480.0 47756801668675.6
1016480.0 47756801668675.6
1016480.0 47756801668675.6
1016480.0 47756801668675.6
1016480.0 47756801668675.6
1016480.0 47756801668675.6
1016480.0 47756801668675.6
1016480.0 47756801668675.6
1016480.0 47756801668675.6
1016480.0 47756801668675.6
1016480.0 47756801668675.6
1022255.0 33260135937096.1
1028030.0 47794676306425.2
1028030.0 47794676306425.2
1028030.0 47794676306425.2
1028030.0 47794676306425.2
1028030.0 47794676306425.2
1028030.0 47794676306425.2
1028030.0 47794676306425.2
1028030.0 47794676306425.2
1028030.0 47794676306425.2
1028030.0 47794676306425.2
1028030.0 47794676306425.2
1033805.0 33375670367766.8
1039580.0 47833227457567.2
1039580.0 47833227457567.2
1039580.0 47833227457567.2
1039580.0 47833227457567.2
1039580.0 47833227457567.2
1039580.0 47833227457567.2
1039580.0 47833227457567.2
1039580.0 47833227457567.2
1039580.0 47833227457567.2
1039580.0 47833227457567.2
1039580.0 47833227457567.2
1045355.0 33491247158009.953
1051130.0 47872471477021.8
1051130.0 47872471477021.8
1051130.0 47872471477021.8
1051130.0 47872471477021.8
1051130.0 47872471477021.8
1051130.0 47872471477021.8
1051130.0 47872471477021.8
1051130.0 47872471477021.8
1051130.0 47872471477021.8
1051130.0 47872471477021.8
1051130.0 47872471477021.8
1056905.0 33606878075362.098
1062680.0 47912416356638.7
1062680.0 47912416356638.7
1062680.0 47912416356638.7
1062680.0 47912416356638.7
1062680.0 47912416356638.7
1062680.0 47912416356638.7
1062680.0 47912416356638.7
1062680.0 47912416356638.7
1062680.0 47912416356638.7
1062680.0 47912416356638.7
1062680.0 47912416356638.7
1068455.0 33722573855837.6
1074230.0 47953071861985.7
1074230.0 47953071861985.7
1074230.0 47953071861985.7
1074230.0 47953071861985.7
1074230.0 47953071861985.7
1074230.0 47953071861985.7
1074230.0 47953071861985.7
1074230.0 47953071861985.7
1074230.0 47953071861985.7
1074230.0 47953071861985.7
1074230.0 47953071861985.7
1080005.0 33813367849813.3
1085780.0 47994449394990.4
1085780.0 47994449394990.4
1085780.0 47994449394990.4
1085780.0 47994449394990.4
1085780.0 47994449394990.4
1085780.0 47994449394990.4
1085780.0 47994449394990.4
1085780.0 47994449394990.4
1085780.0 47994449394990.4
1085780.0 47994449394990.4
1085780.0 47994449394990.4
1091555.0 33860958898779.703
1097330.0 48036554504967.1
1097330.0 48036554504967.1
1097330.0 48036554504967.1
1097330.0 48036554504967.1
1097330.0 48036554504967.1
1097330.0 48036554504967.1
1097330.0 48036554504967.1
1097330.0 48036554504967.1
1097330.0 48036554504967.1
1097330.0 48036554504967.1
1097330.0 48036554504967.1
1103110.0 33907856971224.75
1108890.0 48079403265859.7
1108890.0 48079403265859.7
1108890.0 48079403265859.7
1108890.0 48079403265859.7
1108890.0 48079403265859.7
1108890.0 48079403265859.7
1108890.0 48079403265859.7
1108890.0 48079403265859.7
1108890.0 48079403265859.7
1108890.0 48079403265859.7
1108890.0 48079403265859.7
1114665.0 33954107045523.7
1120440.0 48123000643049.2
1120440.0 48123000643049.2
1120440.0 48123000643049.2
1120440.0 48123000643049.2
1120440.0 48123000643049.2
1120440.0 48123000643049.2
1120440.0 48123000643049.2
1120440.0 48123000643049.2
1120440.0 48123000643049.2
1120440.0 48123000643049.2
1120440.0 48123000643049.2
1126215.0 33999749296629.5
1131990.0 48167361465620.6
1131990.0 48167361465620.6
1131990.0 48167361465620.6
1131990.0 48167361465620.6
1131990.0 48167361465620.6
1131990.0 48167361465620.6
1131990.0 48167361465620.6
1131990.0 48167361465620.6
1131990.0 48167361465620.6
1131990.0 48167361465620.6
1131990.0 48167361465620.6
1137765.0 34044836713833.85
1143540.0 48212495071128.8
1143540.0 48212495071128.8
1143540.0 48212495071128.8
1143540.0 48212495071128.8
1143540.0 48212495071128.8
1143540.0 48212495071128.8
1143540.0 48212495071128.8
1143540.0 48212495071128.8
1143540.0 48212495071128.8
1143540.0 48212495071128.8
1143540.0 48212495071128.8
1149315.0 34089416634393.348
1155090.0 48258412542580.2
1155090.0 48258412542580.2
1155090.0 48258412542580.2
1155090.0 48258412542580.2
1155090.0 48258412542580.2
1155090.0 48258412542580.2
1155090.0 48258412542580.2
1155090.0 48258412542580.2
1155090.0 48258412542580.2
1155090.0 48258412542580.2
1155090.0 48258412542580.2
1160865.0 34133537070392.6
1166640.0 48305126079046.4
1166640.0 48305126079046.4
1166640.0 48305126079046.4
1166640.0 48305126079046.4
1166640.0 48305126079046.4
1166640.0 48305126079046.4
1166640.0 48305126079046.4
1166640.0 48305126079046.4
1166640.0 48305126079046.4
1166640.0 48305126079046.4
1166640.0 48305126079046.4
1172415.0 34177243046644.25
1178190.0 48352640861873.9
1178190.0 48352640861873.9
1178190.0 48352640861873.9
1178190.0 48352640861873.9
1178190.0 48352640861873.9
1178190.0 48352640861873.9
1178190.0 48352640861873.9
1178190.0 48352640861873.9
1178190.0 48352640861873.9
1178190.0 48352640861873.9
1178190.0 48352640861873.9
1183965.0 34220575189872.6
1189740.0 48400975542011.6
1189740.0 48400975542011.6
1189740.0 48400975542011.6
1189740.0 48400975542011.6
1189740.0 48400975542011.6
1189740.0 48400975542011.6
1189740.0 48400975542011.6
1189740.0 48400975542011.6
1189740.0 48400975542011.6
1189740.0 48400975542011.6
1189740.0 48400975542011.6
1195515.0 34263578324411.05
1201290.0 48450138523861.9
1201290.0 48450138523861.9
1201290.0 48450138523861.9
1201290.0 48450138523861.9
1201290.0 48450138523861.9
1201290.0 48450138523861.9
1201290.0 48450138523861.9
1201290.0 48450138523861.9
1201290.0 48450138523861.9
1201290.0 48450138523861.9
1201290.0 48450138523861.9
1207065.0 34306290773117.4
1212840.0 48500139598014.9
1212840.0 48500139598014.9
1212840.0 48500139598014.9
1212840.0 48500139598014.9
1212840.0 48500139598014.9
1212840.0 48500139598014.9
1212840.0 48500139598014.9
1212840.0 48500139598014.9
1212840.0 48500139598014.9
1212840.0 48500139598014.9
1212840.0 48500139598014.9
1218615.0 34348750137765.65
1224390.0 48550990325105.1
1224390.0 48550990325105.1
1224390.0 48550990325105.1
1224390.0 48550990325105.1
1224390.0 48550990325105.1
1224390.0 48550990325105.1
1224390.0 48550990325105.1
1224390.0 48550990325105.1
1224390.0 48550990325105.1
1224390.0 48550990325105.1
1224390.0 48550990325105.1
1230170.0 34390993338394.555
1235950.0 48602703939385.5
1235950.0 48602703939385.5
1235950.0 48602703939385.5
1235950.0 48602703939385.5
1235950.0 48602703939385.5
1235950.0 48602703939385.5
1235950.0 48602703939385.5
1235950.0 48602703939385.5
1235950.0 48602703939385.5
1235950.0 48602703939385.5
1235950.0 48602703939385.5
1241725.0 34433055488545.65
1247500.0 48655294235059.3
1247500.0 48655294235059.3
1247500.0 48655294235059.3
1247500.0 48655294235059.3
1247500.0 48655294235059.3
1247500.0 48655294235059.3
1247500.0 48655294235059.3
1247500.0 48655294235059.3
1247500.0 48655294235059.3
1247500.0 48655294235059.3
1247500.0 48655294235059.3
1253275.0 34474972876757.95
1259050.0 48708767560688.2
1259050.0 48708767560688.2
1259050.0 48708767560688.2
1259050.0 48708767560688.2
1259050.0 48708767560688.2
1259050.0 48708767560688.2
1259050.0 48708767560688.2
1259050.0 48708767560688.2
1259050.0 48708767560688.2
1259050.0 48708767560688.2
1259050.0 48708767560688.2
1264825.0 34516773622279.25
1270600.0 48763139397321.3
1270600.0 48763139397321.3
1270600.0 48763139397321.3
1270600.0 48763139397321.3
1270600.0 48763139397321.3
1270600.0 48763139397321.3
1270600.0 48763139397321.3
1270600.0 48763139397321.3
1270600.0 48763139397321.3
1270600.0 48763139397321.3
1270600.0 48763139397321.3
1276375.0 34558490196966.7
1282150.0 48818421488613.5
1282150.0 48818421488613.5
1282150.0 48818421488613.5
1282150.0 48818421488613.5
1282150.0 48818421488613.5
1282150.0 48818421488613.5
1282150.0 48818421488613.5
1282150.0 48818421488613.5
1282150.0 48818421488613.5
1282150.0 48818421488613.5
1282150.0 48818421488613.5
1287925.0 34600153704602.5
1293700.0 48874626327158.3
1293700.0 48874626327158.3
1293700.0 48874626327158.3
1293700.0 48874626327158.3
1293700.0 48874626327158.3
1293700.0 48874626327158.3
1293700.0 48874626327158.3
1293700.0 48874626327158.3
1293700.0 48874626327158.3
1293700.0 48874626327158.3
1293700.0 48874626327158.3
1299475.0 34641793557933.297
1305250.0 48931762365796.2
1305250.0 48931762365796.2
1305250.0 48931762365796.2
1305250.0 48931762365796.2
1305250.0 48931762365796.2
1305250.0 48931762365796.2
1305250.0 48931762365796.2
1305250.0 48931762365796.2
1305250.0 48931762365796.2
1305250.0 48931762365796.2
1305250.0 48931762365796.2
1311025.0 34683435258304.555
1316800.0 48989847158641.9
1316800.0 48989847158641.9
1316800.0 48989847158641.9
1316800.0 48989847158641.9
1316800.0 48989847158641.9
1316800.0 48989847158641.9
1316800.0 48989847158641.9
1316800.0 48989847158641.9
1316800.0 48989847158641.9
1316800.0 48989847158641.9
1316800.0 48989847158641.9
1322575.0 34725105955543.9
1328350.0 49048887188296.3
1328350.0 49048887188296.3
1328350.0 49048887188296.3
1328350.0 49048887188296.3
1328350.0 49048887188296.3
1328350.0 49048887188296.3
1328350.0 49048887188296.3
1328350.0 49048887188296.3
1328350.0 49048887188296.3
1328350.0 49048887188296.3
1328350.0 49048887188296.3
1334125.0 34766830295719.203
1339900.0 49108898560537.4
1339900.0 49108898560537.4
1339900.0 49108898560537.4
1339900.0 49108898560537.4
1339900.0 49108898560537.4
1339900.0 49108898560537.4
1339900.0 49108898560537.4
1339900.0 49108898560537.4
1339900.0 49108898560537.4
1339900.0 49108898560537.4
1339900.0 49108898560537.4
1345675.0 34808632359485.25
1351450.0 49169893484786.1
1351450.0 49169893484786.1
1351450.0 49169893484786.1
1351450.0 49169893484786.1
1351450.0 49169893484786.1
1351450.0 49169893484786.1
1351450.0 49169893484786.1
1351450.0 49169893484786.1
1351450.0 49169893484786.1
1351450.0 49169893484786.1
1351450.0 49169893484786.1
1357230.0 34850539458204.05
1363010.0 49231880234334.5
1363010.0 49231880234334.5
1363010.0 49231880234334.5
1363010.0 49231880234334.5
1363010.0 49231880234334.5
1363010.0 49231880234334.5
1363010.0 49231880234334.5
1363010.0 49231880234334.5
1363010.0 49231880234334.5
1363010.0 49231880234334.5
1363010.0 49231880234334.5
1368785.0 34892569641084.1
1374560.0 49294877102328.9
1374560.0 49294877102328.9
1374560.0 49294877102328.9
1374560.0 49294877102328.9
1374560.0 49294877102328.9
1374560.0 49294877102328.9
1374560.0 49294877102328.9
1374560.0 49294877102328.9
1374560.0 49294877102328.9
1374560.0 49294877102328.9
1374560.0 49294877102328.9
1380335.0 34934750696384.25
1386110.0 49358890383840.2
1386110.0 49358890383840.2
1386110.0 49358890383840.2
1386110.0 49358890383840.2
1386110.0 49358890383840.2
1386110.0 49358890383840.2
1386110.0 49358890383840.2
1386110.0 49358890383840.2
1386110.0 49358890383840.2
1386110.0 49358890383840.2
1386110.0 49358890383840.2
1391885.0 34977097262428.453
1397660.0 49423936191770.5
1397660.0 49423936191770.5
1397660.0 49423936191770.5
1397660.0 49423936191770.5
1397660.0 49423936191770.5
1397660.0 49423936191770.5
1397660.0 49423936191770.5
1397660.0 49423936191770.5
1397660.0 49423936191770.5
1397660.0 49423936191770.5
1397660.0 49423936191770.5
1403435.0 35019632910010.05
1409210.0 49490026734560.8
1409210.0 49490026734560.8
1409210.0 49490026734560.8
1409210.0 49490026734560.8
1409210.0 49490026734560.8
1409210.0 49490026734560.8
1409210.0 49490026734560.8
1409210.0 49490026734560.8
1409210.0 49490026734560.8
1409210.0 49490026734560.8
1409210.0 49490026734560.8
1414985.0 35062377629146.9
1420760.0 49557170105225.5
1420760.0 49557170105225.5
1420760.0 49557170105225.5
1420760.0 49557170105225.5
1420760.0 49557170105225.5
1420760.0 49557170105225.5
1420760.0 49557170105225.5
1420760.0 49557170105225.5
1420760.0 49557170105225.5
1420760.0 49557170105225.5
1420760.0 49557170105225.5
1426535.0 35105346187107.0
1432310.0 49625384416818.7
1432310.0 49625384416818.7
1432310.0 49625384416818.7
1432310.0 49625384416818.7
1432310.0 49625384416818.7
1432310.0 49625384416818.7
1432310.0 49625384416818.7
1432310.0 49625384416818.7
1432310.0 49625384416818.7
1432310.0 49625384416818.7
1432310.0 49625384416818.7
1438085.0 35148563430498.8
1443860.0 49694677547117.0
1443860.0 49694677547117.0
1443860.0 49694677547117.0
1443860.0 49694677547117.0
1443860.0 49694677547117.0
1443860.0 49694677547117.0
1443860.0 49694677547117.0
1443860.0 49694677547117.0
1443860.0 49694677547117.0
1443860.0 49694677547117.0
1443860.0 49694677547117.0
1449635.0 35192045188026.45
1455410.0 49765062982704.1
1455410.0 49765062982704.1
1455410.0 49765062982704.1
1455410.0 49765062982704.1
1455410.0 49765062982704.1
1455410.0 49765062982704.1
1455410.0 49765062982704.1
1455410.0 49765062982704.1
1455410.0 49765062982704.1
1455410.0 49765062982704.1
1455410.0 49765062982704.1
1461185.0 35235804516262.5
1466960.0 49836550630221.9
1466960.0 49836550630221.9
1466960.0 49836550630221.9
1466960.0 49836550630221.9
1466960.0 49836550630221.9
1466960.0 49836550630221.9
1466960.0 49836550630221.9
1466960.0 49836550630221.9
1466960.0 49836550630221.9
1466960.0 49836550630221.9
1466960.0 49836550630221.9
1472735.0 35279861049876.5
1478510.0 49909156090659.4
1478510.0 49909156090659.4
1478510.0 49909156090659.4
1478510.0 49909156090659.4
1478510.0 49909156090659.4
1478510.0 49909156090659.4
1478510.0 49909156090659.4
1478510.0 49909156090659.4
1478510.0 49909156090659.4
1478510.0 49909156090659.4
1478510.0 49909156090659.4
1484290.0 35324233250048.5
1490070.0 49982887899982.6
1490070.0 49982887899982.6
1490070.0 49982887899982.6
1490070.0 49982887899982.6
1490070.0 49982887899982.6
1490070.0 49982887899982.6
1490070.0 49982887899982.6
1490070.0 49982887899982.6
1490070.0 49982887899982.6
1490070.0 49982887899982.6
1490070.0 49982887899982.6
1495845.0 35368933263198.15
1501620.0 46317362969934.5
1501620.0 46317362969934.5
1501620.0 46317362969934.5
1501620.0 46317362969934.5
1501620.0 46317362969934.5
1501620.0 46317362969934.5
1501620.0 46317362969934.5
1501620.0 46317362969934.5
1501620.0 46317362969934.5
1507395.0 33543776525914.75
1513170.0 46317362813565.1
1513170.0 46317362813565.1
1513170.0 46317362813565.1
1513170.0 46317362813565.1
1513170.0 46317362813565.1
1513170.0 46317362813565.1
1513170.0 46317362813565.1
1513170.0 46317362813565.1
1513170.0 46317362813565.1
1518945.0 33551165428783.703
1524720.0 46317362633961.0
1524720.0 46317362633961.0
1524720.0 46317362633961.0
1524720.0 46317362633961.0
1524720.0 46317362633961.0
1524720.0 46317362633961.0
1524720.0 46317362633961.0
1524720.0 46317362633961.0
1524720.0 46317362633961.0
