0  215134543576.011
0  283002398106.841
0  21574945657069.9
0  23758306416514.1
0  46317436601138.3
11550.9  430261785588.352
11550.9  566207535860.092
11550.9  21574945656988.9
11550.9  23759385513945.1
11550.9  46317669117098.3
23101.8  645380548954.894
23101.8  849305788813.161
23101.8  21574945656853.8
23101.8  23761187264346.8
23101.8  46318056965232.3
34652.7  860486384568.534
34652.7  1132281761612.13
34652.7  21574945656664.6
34652.7  23763713338186.4
34652.7  46318599853541.5
46203.6  1075574944355.37
46203.6  1415199925821.13
46203.6  21574945656421.3
46203.6  23766968310985.8
46203.6  46319096700807.9
46203.6  46320507019937
57754.5  1290641890489.01
57754.5  1697936430560.6
57754.5  21574945656685.2
57754.5  23770956641891.7
57754.5  46318538184109.2
57754.5  46321648630519
69305.4  1505682881594.73
69305.4  1980551455157.91
69305.4  21574945656333.7
69305.4  23775685695738.8
69305.4  46318213891089.1
69305.4  46324865768813.6
80856.3  1720693568054.6
80856.3  2262957617097.77
80856.3  21574945655928
80856.3  23781163415463.3
80856.3  46318008205646.5
80856.3  46326683706215.5
92407.1  1935669588624.98
92407.1  2545178024103.9
92407.1  21574945655468.1
92407.1  23787398346029.5
92407.1  46317869306147.1
92407.1  46329872238693.5
103958  2150606585321.25
103958  2827131307604.81
103958  21574945654953.9
103958  23794399658073.6
103958  46317770988258.4
103958  46332462932852.3
115509  2365500136503.81
115509  3108834197154.33
115509  21574945654065.9
115509  23802181264027.4
115509  46317698793339.9
115509  46335938119954.8
127060  2580345864136.63
127060  3390242706215.36
127060  21574945653689.6
127060  23810753511935.7
127060  46317644192713
127060  46339650909978.4
138611  2795139339077.58
138611  3671310385316.62
138611  21574945653012.2
138611  23820131977917.6
138611  46317601884081.4
138611  46343412969643.8
150162  3009876426354.82
150162  3952025723268.21
150162  21574945652280.3
150162  23830332922719.8
150162  46317568427616
150162  46347627551275.9
161713  3224552783720.28
161713  4232353648290.9
161713  21574945651493.8
161713  23841373340908.2
161713  46317541510040.2
161713  46352186342570.5
173263  3439163552746.79
173263  4512260127315.48
173263  21574945650652.6
173263  23853271012484.9
173263  46317519527911.2
173263  46357058060277
184814  3653704220781.78
184814  4791711890815.64
184814  21574945649756.6
184814  23866046357213.3
184814  46317501343089.2
184814  46362239778181.2
196365  3868170247572.25
196365  5070676249963.43
196365  21574945649367.1
196365  23879721512300.3
196365  46317486126991.2
196365  46367742118230.3
207916  4082557063214.25
207916  5349109689361.86
207916  21574945648607.8
207916  23894321112447.9
207916  46317473266255.7
207916  46373583855588.6
219467  4296860066097.89
219467  5626977830094.44
219467  21574945647546.8
219467  23909869227640.6
219467  46317462297921.9
219467  46379789818820
231018  4511074620701.57
231018  5904250013784.19
231018  21574945646430.5
231018  23926394909679.7
231018  46317452867581.9
231018  46386198029484
242569  4725196055457.64
242569  6180875925163.6
242569  21574945645012.2
242569  23943925536788.6
242569  46317444700650
242569  46392968455896.4
254120  4939220903994.62
254120  6456815773881.27
254120  21574945644031.6
254120  23962493688878.6
254120  46317437580376
254120  46400150024252
265671  5153143558408.48
265671  6732029922488.57
265671  21574945642748.6
265671  23982132053265.2
265671  46317431335908.5
265671  46407532073459.6
277221  5366958909386.04
277221  7006471850526.92
277221  21574945641971.3
277221  24002876657626.2
277221  46317425828405.9
277221  46415356383018.2
288772  5580662124534.03
288772  7280096695454.98
288772  21574945640576.4
288772  24024764805135.2
288772  46317420946922.6
288772  46423429473441.6
300323  5794249373744.93
300323  7552841436730.91
300323  21574945639372
300323  24047838989084.2
300323  46317416599656
300323  46431870804246.4
311874  6007715701010.6
311874  7824673693845.84
311874  21574945637864.4
311874  24072140144816.8
311874  46317412711591
311874  46440676506712.9
323425  6221055180878.78
323425  8095524921801.46
323425  21574945636619.8
323425  24097714633185
323425  46317409219993.5
323425  46449811342490.8
334976  6434263730762.18
334976  8365344860902.9
334976  21574945635806.9
334976  24124610360353.1
334976  46317406072728.2
334976  46459256502405.8
346527  6647336787712.87
346527  8634070525480.24
346527  21574945634128.7
346527  24152880231397.6
346527  46317403226024.2
346527  46469057911788.5
358078  6860267814192.19
358078  8901642803776.87
358078  21574945632393
358078  24182577131771.9
358078  46317400643304
358078  46479213111356.1
369629  7073053963000.98
369629  9167997418081.15
369629  21574945630526.8
369629  24213758939729.5
369629  46317398292193.3
369629  46489725129114.9
381179  7285688027654.79
381179  9433065848447.58
381179  21574945629237.1
381179  24246486902808.4
381179  46317396146244.6
381179  46500570097374
392730  7498166478405.54
392730  9696776649070.93
392730  21574945627327.5
392730  24280824871198
392730  46317394181944.2
392730  46511760265065.7
404281  7710482684845.14
404281  9959056539190.42
404281  21574945625606
404281  24316841249572.9
404281  46317392379763.3
404281  46523324437041
415832  7922633027803.52
415832  10219827145312.6
415832  21574945623332
415832  24354606655098.5
415832  46317390722147.3
415832  46535266454175.6
427383  8134610365388.68
427383  10479001976111.9
427383  21574945621807.2
427383  24394197321125.7
427383  46317389194185.5
427383  46547530370841.6
438934  8346411165339.18
438934  10736501641751.5
438934  21574945619345.8
438934  24435691830710.5
438934  46317387782538.9
438934  46560202372399.2
450485  8558028875174.52
450485  10992236129702.4
450485  21574945617139.2
450485  24479173527351
450485  46317386475681.6
450485  46573203531204.2
462036  8769457803903.66
462036  11246114272171.2
462036  21574945615118.7
462036  24524729408060.1
462036  46317385263730.3
462036  46586596472493.2
473587  8980693348063.31
473587  11498035249839.4
473587  21574945613352.1
473587  24572451249328.9
473587  46317384138039.8
473587  46600375750123.6
485138  9191729675456.89
485138  11747901711683
485138  21574945611208.8
485138  24622433890954.7
485138  46317383089657
485138  46614519341909.8
496688  9402560672146.78
496688  11995610298091.3
496688  21574945608756.4
496688  24674776983796
496688  46317382112337.4
496688  46629041454669.8
508239  9613180717572.53
508239  12241047175716
508239  21574945606730.1
508239  24729584525701.3
508239  46317381199814.2
508239  46643953982890.9
519790  9823584094081.93
519790  12484104271916.3
519790  21574945604151.4
519790  24786963985285.1
519790  46317380346435
519790  46659259463522.7
531341  10033764984754.6
531341  12724665291098.5
531341  21574945602075.1
531341  24847026741772.8
531341  46317379547174.4
531341  46674963172136.5
542892  10243717470378.5
542892  12962605490159.5
542892  21574945599682.4
542892  24909888062084.9
542892  46317378797571.9
542892  46691046203800.2
554443  10453435525459.9
554443  13197808998565.3
554443  21574945597155.6
554443  24975666577312.6
554443  46317378093505.1
554443  46707535735264.3
565994  10662913013339
565994  13430150230565.1
565994  21574945594315.5
565994  25044483964275.6
565994  46317377431683.2
565994  46724444417082.5
577545  10872143680280.6
577545  13659493414168.4
577545  21574945592216.7
577545  25116464533020.9
577545  46317376808959.9
577545  46741746793887.3
589096  11081121148267.9
589096  13885712668296
589096  21574945589240.5
589096  25191734969043.1
589096  46317376221552.5
589096  46759477287124.8
600646  11289839079885.9
600646  14108674913841.4
600646  21574945586441.6
600646  25270423609121.7
600646  46317375667157.2
600646  46777611208417.8
612197  11498292164338.5
612197  14328248469765.3
612197  21574945583887.2
612197  25352659191040.4
612197  46317375143681.5
612197  46796179438417.1
623748  11706472422881
623748  14544301851945.5
623748  21574945580625.6
623748  25438571605320.1
623748  46317374649021.6
623748  46815178490202.9
635299  11914373605487.6
635299  14756697693990.8
635299  21574945578172.9
635299  25528289284464.2
635299  46317374180196.2
635299  46834601326147.8
646850  12121989900908.7
646850  14965312568771.4
646850  21574945574589.2
646850  25621939448914.1
646850  46317373736446.7
646850  46854462312667
658401  12329313194400.7
658401  15170013120247.1
658401  21574945571423.1
658401  25719646937691.6
658401  46317373315421.4
658401  46874768716693.2
669952  12536337903395.9
669952  15370674458496.7
669952  21574945568494.1
669952  25821531639531
669952  46317372915899.9
669952  46895518532018
681503  12743056405078.5
681503  15567179836406.9
681503  21574945565489.8
681503  25927710258598.6
681503  46317372536405.5
681503  46916718101562.6
693054  12949461202923.6
693054  15759420694216.6
693054  21574945562645.7
693054  26038292610297
693054  46317372175229.3
693054  46938381136192.7
704605  13155546120207.4
704605  15947283063155.5
704605  21574945558907.9
704605  26153381153154.2
704605  46317371831926.4
704605  46960511909422.4
716155  13361303784504.2
716155  16130678505406.7
716155  21574945555572.5
716155  26273070025695.1
716155  46317371505072
716155  46983102579782.1
727706  13566726364056.9
727706  16309513990000.7
727706  21574945551905.3
727706  26397443853437.5
727706  46317371193258.6
727706  47006174951816.8
739257  13771806506547.2
739257  16483712428974.1
739257  21574945547088.7
739257  26526576616310.8
739257  46317370895756.4
739257  47029730271245.3
750808  13976536670094.3
750808  16653212138821.4
750808  21574945543795.4
750808  26660530618294.1
750808  46317370612053.4
750808  47053764305581.7
762359  14180909101877.8
762359  16817960418586
762359  21574945539840
762359  26799354744923.5
762359  46317370341088.7
762359  47078294357270.2
773910  14384915933095.2
773910  16977918237023
773910  21574945536096.5
773910  26943085362415.5
773910  46317370082188.3
773910  47103324830542.3
785461  14588550749974.9
785461  17133060648729.6
785461  21574945531929.3
785461  27091745793989.6
785461  46317369834547.9
785461  47128862107778.5
797012  14791803770143.1
797012  17283377080596.7
797012  21574945528211.7
797012  27245344521101.8
797012  46317369597292.8
797012  47154914313070.1
808563  14994666690974.7
808563  17428871475450.7
808563  21574945523812.5
808563  27403873995801.7
808563  46317369370423.3
808563  47181476300914.1
820113  15197133566684.9
820113  17569562283206.5
820113  21574945519356.5
820113  27567315167359.9
820113  46317369152943.4
820113  47208568873670.9
831664  15399193331613.7
831664  17705478726492.3
831664  21574945514699.9
831664  27735634642507.8
831664  46317368944262.3
831664  47236194374680.2
843215  15600839304026.7
843215  17836665649645.6
843215  21574945510465.9
843215  27908783088682.5
843215  46317368744140.2
843215  47264360463240
854766  15802062921343.8
854766  17963186288045.1
854766  21574945505519.6
854766  28086701060476.6
854766  46317368552102.2
854766  47293068941294
866317  16002854512658.4
866317  18085113193101.2
866317  21574945500976.5
866317  28269316640492
866317  46317368367613.9
866317  47322334081865.7
877868  16203205657460.7
877868  18202514474794.1
877868  21574945495693.9
877868  28456544786167.5
877868  46317368190515.9
877868  47352161113802.7
889419  16403107642420.5
889419  18315498933177.5
889419  21574945489983.3
889419  28648293290786.2
889419  46317368019835.4
889419  47382557162970.7
900970  16602551374419.2
900970  18424154296903.7
900970  21574945484882.2
900970  28844460104580.7
900970  46317367856155.4
900970  47413531051990.2
912521  16801527244824.9
912521  18528592981445.6
912521  21574945479319
912521  29044934353019.6
912521  46317367698092.6
912521  47445092458353.2
924071  17000024914938.7
924071  18628932368231.2
924071  21574945473757.9
924071  29249599046341.4
924071  46317367546123.7
924071  47477239000398.8
935622  17198039922799.9
935622  18725292391537.6
935622  21574945467367.6
935622  29458332671269.5
935622  46317367399786.4
935622  47509995158657.1
947173  17395555944199.6
947173  18817786904014.6
947173  21574945460361
947173  29671010869087.3
947173  46317367258550
947173  47543352558569.8
958724  17592569395336.5
958724  18906557352315.4
958724  21574945453412.5
958724  29887502941894
958724  46317367122271.5
958724  47577331206894.5
970275  17789064944522.5
970275  18991725668519.2
970275  21574945446022.1
970275  30107679309385.9
970275  46317366990676.8
970275  47611936994262.3
981826  17985034342386.4
981826  19073424061925
981826  21574945438770.3
981826  30331407946223.1
981826  46317366863534.9
981826  47647177702205.9
993377  18180471579631
993377  19151781351939.8
993377  21574945430466.7
993377  30558556432272
993377  46317366741181.8
993377  47683062820224.9
1.00493e+06  18375361931212.6
1.00493e+06  19226928244066.6
1.00493e+06  21574945422160.9
1.00493e+06  30788994073687.4
1.00493e+06  46317366622413.9
1.00493e+06  47719603407468.1
1.01648e+06  18569696632518.7
1.01648e+06  19298996758787.8
1.01648e+06  21574945412943.6
1.01648e+06  31022589997945.8
1.01648e+06  46317366507489.2
1.01648e+06  47756801668675.6
1.02803e+06  18763470205516.6
1.02803e+06  19368102184722.5
1.02803e+06  21574945402622.1
1.02803e+06  31259218289079
1.02803e+06  46317366396565.8
1.02803e+06  47794676306425.2
1.03958e+06  18956664429108.4
1.03958e+06  19434387123152.8
1.03958e+06  21574945391917.2
1.03958e+06  31498751380718.9
1.03958e+06  46317366288855.7
1.03958e+06  47833227457567.2
1.05113e+06  19149266858452.7
1.05113e+06  19497942376929.3
1.05113e+06  21574945380055.3
1.05113e+06  31741068271181.2
1.05113e+06  46317366184758.5
1.05113e+06  47872471477021.8
1.06268e+06  19341284673702.4
1.06268e+06  19558917592966.5
1.06268e+06  21574945365870.7
1.06268e+06  31986049240610.2
1.06268e+06  46317366083628.2
1.06268e+06  47912416356638.7
1.07423e+06  19532731355036.5
1.07423e+06  19617360538317.1
1.07423e+06  21574945350503.4
1.07423e+06  32233578504447.8
1.07423e+06  46317365985617.5
1.07423e+06  47953071861985.7
1.08578e+06  19673663837640.9
1.08578e+06  19723322510084.7
1.08578e+06  21574945333347
1.08578e+06  32483544642274.4
1.08578e+06  46317365890296.7
1.08578e+06  47994449394990.4
1.09733e+06  19727468402569
1.09733e+06  19913551316048.8
1.09733e+06  21574945312164.1
1.09733e+06  32735839913726.8
1.09733e+06  46317365797786.5
1.09733e+06  48036554504967.1
1.10889e+06  19779159437482.4
1.10889e+06  20103061310846.2
1.10889e+06  21574945287227.4
1.10889e+06  32990359941964.2
1.10889e+06  46317365707876.2
1.10889e+06  48079403265859.7
1.12044e+06  19828810825187.7
1.12044e+06  20291913642582.7
1.12044e+06  21574945255218.8
1.12044e+06  33247003047834.5
1.12044e+06  46317365620076.3
1.12044e+06  48123000643049.2
1.13199e+06  19876497950209.8
1.13199e+06  20480111458743
1.13199e+06  21574945213961
1.13199e+06  33505677071425.2
1.13199e+06  46317365535061.1
1.13199e+06  48167361465620.6
1.14354e+06  19922311962047.1
1.14354e+06  20667601187879.9
1.14354e+06  21574945158479.5
1.14354e+06  33766286743622.2
1.14354e+06  46317365451882.3
1.14354e+06  48212495071128.8
1.15509e+06  19966338197657.9
1.15509e+06  20854424948966.2
1.15509e+06  21574945076330.6
1.15509e+06  34028746157008.6
1.15509e+06  46317365370456.7
1.15509e+06  48258412542580.2
1.16664e+06  20008661598205
1.16664e+06  21040537850805.7
1.16664e+06  21574944939980.8
1.16664e+06  34292970390943
1.16664e+06  46317365291440.6
1.16664e+06  48305126079046.4
1.17819e+06  20049360014242.1
1.17819e+06  21225930526773.3
1.17819e+06  21574944660080.2
1.17819e+06  34558880726216
1.17819e+06  46317365213866.8
1.17819e+06  48352640861873.9
1.18974e+06  20088509517871.3
1.18974e+06  21410600816315.4
1.18974e+06  21574943747777.2
1.18974e+06  34826399084641.2
1.18974e+06  46317365137999
1.18974e+06  48400975542011.6
1.20129e+06  20126181106810.5
1.20129e+06  21574956448603.3
1.20129e+06  21594638473033.1
1.20129e+06  35095454714564.4
1.20129e+06  46317365063639.6
1.20129e+06  48450138523861.9
1.21284e+06  20162443022372.9
1.21284e+06  21574946730879.6
1.21284e+06  21777770575176
1.21284e+06  35365975407673.9
1.21284e+06  46317364990464.9
1.21284e+06  48500139598014.9
1.22439e+06  20197360677516.4
1.22439e+06  21574946118384.2
1.22439e+06  21960171958507.4
1.22439e+06  35637896724784.5
1.22439e+06  46317364919077.9
1.22439e+06  48550990325105.1
1.23595e+06  20230996351684
1.23595e+06  21574945893629.3
1.23595e+06  22141827836202.9
1.23595e+06  35911157578319.5
1.23595e+06  46317364848067.3
1.23595e+06  48602703939385.5
1.2475e+06  20263407037705.8
1.2475e+06  21574945776047.8
1.2475e+06  22322689487938.4
1.2475e+06  36185696900171
1.2475e+06  46317364778368.5
1.2475e+06  48655294235059.3
1.25905e+06  20294651518456.6
1.25905e+06  21574945702294.1
1.25905e+06  22502751774387.5
1.25905e+06  36461456480710.3
1.25905e+06  46317364709594
1.25905e+06  48708767560688.2
1.2706e+06  20324779683870.3
1.2706e+06  21574945650193
1.2706e+06  22682001965953
1.2706e+06  36738384802974.7
1.2706e+06  46317364641305.2
1.2706e+06  48763139397321.3
1.28215e+06  20353840996612.1
1.28215e+06  21574945611435.1
1.28215e+06  22860425981108.5
1.28215e+06  37016430252976.3
1.28215e+06  46317364573676.9
1.28215e+06  48818421488613.5
1.2937e+06  20381885920591.5
1.2937e+06  21574945581452.1
1.2937e+06  23038014593155.2
1.2937e+06  37295545261613.4
1.2937e+06  46317364506261.7
1.2937e+06  48874626327158.3
1.30525e+06  20408960788708.3
1.30525e+06  21574945556965.4
1.30525e+06  23214750180398
1.30525e+06  37575680624333
1.30525e+06  46317364439301.8
1.30525e+06  48931762365796.2
1.3168e+06  20435108150812.9
1.3168e+06  21574945536653.5
1.3168e+06  23390623286175.3
1.3168e+06  37856792551803.7
1.3168e+06  46317364371982.6
1.3168e+06  48989847158641.9
1.32835e+06  20460364752445.9
1.32835e+06  21574945517940.6
1.32835e+06  23565619307187.5
1.32835e+06  38138843753906.7
1.32835e+06  46317364304536.5
1.32835e+06  49048887188296.3
1.3399e+06  20484773403142.1
1.3399e+06  21574945502208.5
1.3399e+06  23739725432867.5
1.3399e+06  38421789811012.4
1.3399e+06  46317364236610.9
1.3399e+06  49108898560537.4
1.35145e+06  20508366158433.1
1.35145e+06  21574945488083.8
1.35145e+06  23912929264654.6
1.35145e+06  38705599351950.1
1.35145e+06  46317364167897
1.35145e+06  49169893484786.1
1.36301e+06  20531185431622
1.36301e+06  21574945475214.8
1.36301e+06  24085216667551.1
1.36301e+06  38990231637138.9
1.36301e+06  46317364098257.4
1.36301e+06  49231880234334.5
1.37456e+06  20553259047833.7
1.37456e+06  21574945463022
1.37456e+06  24256575783856.3
1.37456e+06  39275649310895.7
1.37456e+06  46317364027416.8
1.37456e+06  49294877102328.9
1.38611e+06  20574624290439.6
1.38611e+06  21574945452273.5
1.38611e+06  24426992936879.6
1.38611e+06  39561819923622.3
1.38611e+06  46317363954508.4
1.38611e+06  49358890383840.2
1.39766e+06  20595304141016.7
1.39766e+06  21574945441857.7
1.39766e+06  24596455323628.9
1.39766e+06  39848722505208.7
1.39766e+06  46317363879313
1.39766e+06  49423936191770.5
1.40921e+06  20615329628249.6
1.40921e+06  21574945431098.7
1.40921e+06  24764950032100.5
1.40921e+06  40136311181041.2
1.40921e+06  46317363801691.2
1.40921e+06  49490026734560.8
1.42076e+06  20634728523733
1.42076e+06  21574945421096.5
1.42076e+06  24932464176165.8
1.42076e+06  40424525945447.4
1.42076e+06  46317363720462.9
1.42076e+06  49557170105225.5
1.43231e+06  20653522268988.5
1.43231e+06  21574945412034.7
1.43231e+06  25098984885341.2
1.43231e+06  40713572025079.6
1.43231e+06  46317363635136.4
1.43231e+06  49625384416818.7
1.44386e+06  20671742444178.9
1.44386e+06  21574945403853.9
1.44386e+06  25264499377973.5
1.44386e+06  41003087130475.5
1.44386e+06  46317363544930.2
1.44386e+06  49694677547117
1.45541e+06  20689412828935.9
1.45541e+06  21574945395119.4
1.45541e+06  25428994848741.7
1.45541e+06  41293208325774.2
1.45541e+06  46317363448706.5
1.45541e+06  49765062982704.1
1.46696e+06  20706546049820.9
1.46696e+06  21574945386534
1.46696e+06  25592458696266
1.46696e+06  41583902898041.6
1.46696e+06  46317363344968.2
1.46696e+06  49836550630221.9
1.47851e+06  20723171469531.1
1.47851e+06  21574945378706.8
1.47851e+06  25754878660466.6
1.47851e+06  41875146550124.2
1.47851e+06  46317363232313.3
1.47851e+06  49909156090659.4
1.49007e+06  20739310409437.6
1.49007e+06  21574945370792.1
1.49007e+06  25916241756292.6
1.49007e+06  42166934291762.9
1.49007e+06  46317363108119.5
1.49007e+06  49982887899982.6
1.50162e+06  20754978626413.7
1.50162e+06  21574945363013.8
1.50162e+06  26076536109064.2
1.50162e+06  42459220181434.2
1.50162e+06  46317362969934.5
1.51317e+06  20770190081895
1.51317e+06  21574945355351.4
1.51317e+06  26235749565876.1
1.51317e+06  42752004006757.3
1.51317e+06  46317362813565.1
1.52472e+06  20784968044002.3
1.52472e+06  21574945347222.5
1.52472e+06  26393869845691.2
1.52472e+06  43045252229951
1.52472e+06  46317362633961
