1e+11  3.41059e+31  1.61656e+13
1.5e+11  7.67299e+31  3.15869e+13
2e+11  1.36388e+32  -4.84974e+10
2.5e+11  2.13063e+32  1.24247e+13
3e+11  3.06737e+32  1.0304e+13
3.5e+11  4.17383e+32  2.10374e+13
4e+11  5.44973e+32  2.22772e+13
4.5e+11  6.89473e+32  2.87981e+12
5e+11  8.50844e+32  1.25287e+13
5.5e+11  1.02904e+33  4.23677e+13
6e+11  1.22403e+33  2.0743e+13
6.5e+11  1.43574e+33  -1.54373e+12
7e+11  1.66412e+33  1.19036e+13
7.5e+11  1.90912e+33  -1.37819e+13
8e+11  2.17067e+33  7.35224e+12
8.5e+11  2.44869e+33  2.52665e+13
9e+11  2.74312e+33  5.01682e+12
9.5e+11  3.05388e+33  -7.33599e+12
1e+12  3.38088e+33  2.75074e+13
1.05e+12  3.72404e+33  2.50829e+13
1.1e+12  4.08326e+33  6.98608e+12
1.15e+12  4.45845e+33  -7.20921e+12
1.2e+12  4.84951e+33  2.93892e+12
1.25e+12  5.25633e+33  -1.10274e+13
1.3e+12  5.67881e+33  -7.72484e+12
1.35e+12  6.11684e+33  1.97704e+13
1.4e+12  6.57029e+33  4.21955e+11
1.45e+12  7.03904e+33  3.82424e+13
1.5e+12  7.52298e+33  -7.13727e+11
1.55e+12  8.02196e+33  2.87312e+13
1.6e+12  8.53586e+33  -2.45936e+12
1.65e+12  9.06453e+33  1.46838e+13
1.7e+12  9.60783e+33  1.37996e+13
1.75e+12  1.01656e+34  1.31573e+13
1.8e+12  1.07378e+34  2.96457e+13
1.85e+12  1.13241e+34  3.65704e+13
1.9e+12  1.19244e+34  1.66708e+12
1.95e+12  1.25386e+34  4.35985e+13
2e+12  1.31665e+34  1.28441e+13
2.05e+12  1.38079e+34  1.29249e+13
2.1e+12  1.44627e+34  -4.89645e+12
2.15e+12  1.51306e+34  -5.16649e+12
2.2e+12  1.58115e+34  3.24372e+13
2.25e+12  1.65052e+34  2.90699e+12
2.3e+12  1.72116e+34  3.53574e+13
2.35e+12  1.79303e+34  1.19923e+13
2.4e+12  1.86613e+34  2.16634e+13
2.45e+12  1.94043e+34  1.40945e+13
2.5e+12  2.01591e+34  2.51421e+13
2.55e+12  2.09255e+34  2.36779e+13
2.6e+12  2.17033e+34  2.30203e+13
2.65e+12  2.24923e+34  3.15256e+13
2.7e+12  2.32922e+34  -1.32113e+13
2.75e+12  2.41029e+34  1.82485e+13
2.8e+12  2.49241e+34  1.05791e+13
2.85e+12  2.57556e+34  2.32988e+13
2.9e+12  2.65971e+34  -1.164e+13
2.95e+12  2.74485e+34  6.87162e+12
3e+12  2.83094e+34  3.5711e+13
3.05e+12  2.91796e+34  -6.34418e+12
3.1e+12  3.00589e+34  2.17395e+13
3.15e+12  3.09471e+34  3.07759e+13
3.2e+12  3.18438e+34  1.0274e+13
3.25e+12  3.27489e+34  2.00232e+13
3.3e+12  3.36621e+34  2.20591e+13
3.35e+12  3.4583e+34  1.84798e+13
3.4e+12  3.55115e+34  -1.89083e+13
3.45e+12  3.64473e+34  1.04698e+13
3.5e+12  3.73901e+34  -3.09659e+13
3.55e+12  3.83396e+34  3.25943e+13
3.6e+12  3.92956e+34  2.35834e+13
3.65e+12  4.02578e+34  1.28392e+13
3.7e+12  4.12259e+34  1.63975e+13
3.75e+12  4.21996e+34  -1.73268e+13
3.8e+12  4.31786e+34  7.82729e+12
3.85e+12  4.41627e+34  4.59971e+13
3.9e+12  4.51516e+34  5.21868e+12
3.95e+12  4.61449e+34  -1.1703e+13
4e+12  4.71424e+34  1.74949e+13
4.05e+12  4.81438e+34  2.94127e+13
4.1e+12  4.91487e+34  8.50902e+12
4.15e+12  5.01569e+34  3.85336e+13
4.2e+12  5.11681e+34  -1.06067e+13
4.25e+12  5.2182e+34  2.69913e+12
4.3e+12  5.31982e+34  -4.44228e+12
4.35e+12  5.42164e+34  -1.06177e+13
4.4e+12  5.52365e+34  4.00696e+12
4.45e+12  5.62579e+34  1.6327e+13
4.5e+12  5.72804e+34  9.4519e+12
4.55e+12  5.83038e+34  2.47912e+11
4.6e+12  5.93276e+34  -1.36428e+13
4.65e+12  6.03516e+34  1.92884e+13
4.7e+12  6.13754e+34  7.67971e+12
4.75e+12  6.23988e+34  8.08333e+12
4.8e+12  6.34213e+34  -1.44734e+13
4.85e+12  6.44428e+34  -2.19084e+12
4.9e+12  6.54627e+34  -7.30425e+10
4.95e+12  6.64809e+34  7.04002e+12
5e+12  6.7497e+34  2.02854e+13
5.05e+12  6.85107e+34  1.28478e+13
5.1e+12  6.95216e+34  3.28342e+13
5.15e+12  7.05295e+34  -4.06444e+12
5.2e+12  7.15339e+34  -6.6262e+12
5.25e+12  7.25345e+34  -1.26108e+13
5.3e+12  7.35311e+34  -2.53282e+13
5.35e+12  7.45233e+34  -9.07991e+12
5.4e+12  7.55107e+34  4.58257e+12
5.45e+12  7.64931e+34  -1.61791e+12
5.5e+12  7.747e+34  2.23435e+13
5.55e+12  7.84413e+34  2.32368e+12
5.6e+12  7.94064e+34  1.91875e+13
5.65e+12  8.03651e+34  1.93523e+13
5.7e+12  8.13172e+34  3.47582e+11
5.75e+12  8.22621e+34  9.92883e+12
5.8e+12  8.31996e+34  9.04989e+12
5.85e+12  8.41294e+34  1.93084e+13
5.9e+12  8.50512e+34  -6.18472e+11
5.95e+12  8.59646e+34  -1.47632e+13
6e+12  8.68692e+34  2.78169e+13
6.05e+12  8.77648e+34  9.43596e+10
6.1e+12  8.8651e+34  6.72917e+11
6.15e+12  8.95275e+34  -4.68047e+12
6.2e+12  9.0394e+34  1.93332e+12
6.25e+12  9.12502e+34  6.7188e+12
6.3e+12  9.20956e+34  2.64412e+13
6.35e+12  9.29301e+34  1.61658e+13
6.4e+12  9.37532e+34  -7.20061e+12
6.45e+12  9.45647e+34  -5.09118e+12
6.5e+12  9.53642e+34  1.71234e+12
6.55e+12  9.61515e+34  -1.61745e+13
6.6e+12  9.69261e+34  5.22673e+12
6.65e+12  9.76879e+34  -1.33572e+12
6.7e+12  9.84364e+34  1.47243e+13
6.75e+12  9.91715e+34  1.19851e+13
6.8e+12  9.98926e+34  -9.13007e+12
6.85e+12  1.006e+35  5.31082e+11
6.9e+12  1.01292e+35  -7.67622e+12
6.95e+12  1.0197e+35  4.29207e+12
7e+12  1.02633e+35  4.02957e+12
7.05e+12  1.03281e+35  5.08341e+12
7.1e+12  1.03913e+35  1.70266e+12
7.15e+12  1.04529e+35  2.67235e+12
7.2e+12  1.05128e+35  1.36022e+13
7.25e+12  1.05712e+35  3.09345e+12
7.3e+12  1.06278e+35  1.32588e+13
7.35e+12  1.06828e+35  -2.01913e+12
7.4e+12  1.0736e+35  2.051e+13
7.45e+12  1.07875e+35  -2.01796e+12
7.5e+12  1.08372e+35  -7.9146e+12
7.55e+12  1.08851e+35  3.2652e+11
7.6e+12  1.09311e+35  1.29683e+13
7.65e+12  1.09753e+35  2.22858e+13
7.7e+12  1.10176e+35  2.10499e+13
7.75e+12  1.1058e+35  -1.19336e+13
7.8e+12  1.10964e+35  -1.57781e+13
7.85e+12  1.11329e+35  1.39915e+13
7.9e+12  1.11674e+35  1.70032e+13
7.95e+12  1.11999e+35  -8.32774e+12
8e+12  1.12304e+35  2.11428e+13
8.05e+12  1.12588e+35  6.71711e+12
8.1e+12  1.12852e+35  1.69165e+13
8.15e+12  1.13095e+35  1.0563e+12
8.2e+12  1.13316e+35  -2.41512e+13
8.25e+12  1.13517e+35  3.26322e+12
8.3e+12  1.13696e+35  -2.67856e+13
8.35e+12  1.13853e+35  -2.01904e+13
8.4e+12  1.13988e+35  -4.76253e+12
8.45e+12  1.14101e+35  2.72422e+12
8.5e+12  1.14193e+35  2.52811e+12
8.55e+12  1.14261e+35  -1.49837e+12
8.6e+12  1.14308e+35  1.23195e+12
8.65e+12  1.14331e+35  7.49985e+12
8.7e+12  1.14332e+35  -3.73043e+12
8.75e+12  1.1431e+35  -1.8087e+12
8.8e+12  1.14265e+35  -2.18843e+12
8.85e+12  1.14196e+35  -3.5787e+12
8.9e+12  1.14104e+35  -8.63138e+12
8.95e+12  1.13989e+35  1.20294e+13
9e+12  1.13851e+35  -2.27202e+12
9.05e+12  1.13689e+35  4.41304e+12
9.1e+12  1.13503e+35  1.2726e+13
9.15e+12  1.13293e+35  -1.33132e+13
9.2e+12  1.1306e+35  -9.21889e+12
9.25e+12  1.12802e+35  3.00097e+12
9.3e+12  1.12521e+35  1.18255e+13
9.35e+12  1.12216e+35  1.004e+13
9.4e+12  1.11886e+35  -1.08641e+13
9.45e+12  1.11533e+35  5.10054e+12
9.5e+12  1.11156e+35  -1.08325e+13
9.55e+12  1.10754e+35  -3.24828e+12
9.6e+12  1.10328e+35  -1.20204e+13
9.65e+12  1.09879e+35  -9.09808e+12
9.7e+12  1.09405e+35  7.0326e+11
9.75e+12  1.08907e+35  -1.21109e+13
9.8e+12  1.08386e+35  -6.88176e+12
9.85e+12  1.0784e+35  4.97178e+12
9.9e+12  1.07271e+35  2.4386e+12
9.95e+12  1.06677e+35  -9.24639e+12
1e+13  1.0606e+35  -1.48492e+13
1.005e+13  1.0542e+35  6.16975e+12
1.01e+13  1.04755e+35  -1.64867e+12
1.015e+13  1.04068e+35  -2.34347e+13
1.02e+13  1.03357e+35  -1.56116e+13
1.025e+13  1.02623e+35  -1.14354e+12
1.03e+13  1.01866e+35  -8.7479e+11
1.035e+13  1.01086e+35  -1.65439e+13
1.04e+13  1.00283e+35  -5.21066e+11
1.045e+13  9.94577e+34  7.80244e+11
1.05e+13  9.86101e+34  -1.92511e+13
1.055e+13  9.77403e+34  3.37705e+12
1.06e+13  9.68487e+34  1.32754e+13
1.065e+13  9.59353e+34  -4.0281e+12
1.07e+13  9.50005e+34  -8.86407e+12
1.075e+13  9.40445e+34  -6.48124e+12
1.08e+13  9.30676e+34  -1.6949e+13
1.085e+13  9.207e+34  -1.15862e+13
1.09e+13  9.1052e+34  1.65908e+13
1.095e+13  9.0014e+34  -7.45916e+12
1.1e+13  8.89563e+34  -4.37515e+12
1.105e+13  8.78791e+34  -1.0125e+13
1.11e+13  8.67829e+34  -8.27161e+12
1.115e+13  8.5668e+34  -1.58948e+12
1.12e+13  8.45347e+34  -8.43736e+12
1.125e+13  8.33836e+34  -8.10455e+12
1.13e+13  8.22149e+34  -9.29803e+12
1.135e+13  8.10291e+34  -5.6265e+11
1.14e+13  7.98266e+34  2.89391e+12
1.145e+13  7.8608e+34  -1.44343e+13
1.15e+13  7.73736e+34  -3.22237e+12
1.155e+13  7.61239e+34  -5.78944e+12
1.16e+13  7.48594e+34  4.62093e+12
1.165e+13  7.35807e+34  1.31218e+12
1.17e+13  7.22883e+34  -3.33416e+13
1.175e+13  7.09827e+34  -9.85379e+12
1.18e+13  6.96645e+34  5.74613e+12
1.185e+13  6.83342e+34  -1.68249e+12
1.19e+13  6.69925e+34  -3.98168e+12
1.195e+13  6.564e+34  3.9021e+12
1.2e+13  6.42773e+34  -1.2601e+13
1.205e+13  6.29051e+34  -1.19352e+13
1.21e+13  6.1524e+34  2.41751e+12
1.215e+13  6.01348e+34  1.55554e+11
1.22e+13  5.8738e+34  -1.20971e+13
1.225e+13  5.73345e+34  -1.30649e+13
1.23e+13  5.5925e+34  -2.35912e+13
1.235e+13  5.45103e+34  4.03729e+12
1.24e+13  5.30911e+34  -3.86299e+12
1.245e+13  5.16682e+34  -1.57204e+13
1.25e+13  5.02425e+34  -1.10892e+13
1.255e+13  4.88148e+34  -2.14449e+13
1.26e+13  4.7386e+34  1.76964e+12
1.265e+13  4.59568e+34  9.4606e+11
1.27e+13  4.45284e+34  -9.23756e+12
1.275e+13  4.31014e+34  3.14715e+12
1.28e+13  4.1677e+34  -5.54474e+12
1.285e+13  4.02561e+34  -7.47969e+12
1.29e+13  3.88396e+34  -8.04912e+12
1.295e+13  3.74286e+34  -1.10133e+13
1.3e+13  3.6024e+34  6.03429e+12
1.305e+13  3.4627e+34  -4.87967e+12
1.31e+13  3.32387e+34  -6.07029e+12
1.315e+13  3.186e+34  -1.61565e+13
1.32e+13  3.04922e+34  -3.51699e+12
1.325e+13  2.91364e+34  -1.47039e+13
1.33e+13  2.77937e+34  -1.19405e+13
1.335e+13  2.64653e+34  -8.06528e+12
1.34e+13  2.51525e+34  -1.28461e+12
1.345e+13  2.38566e+34  -8.96275e+12
1.35e+13  2.25786e+34  -7.55953e+12
1.355e+13  2.13201e+34  4.54335e+12
1.36e+13  2.00821e+34  -1.1516e+13
1.365e+13  1.88662e+34  -5.4698e+12
1.37e+13  1.76737e+34  5.10454e+12
1.375e+13  1.65059e+34  1.05052e+13
1.38e+13  1.53644e+34  -1.62589e+13
1.385e+13  1.42504e+34  1.25041e+12
1.39e+13  1.31656e+34  -8.69755e+12
1.395e+13  1.21113e+34  4.63452e+12
1.4e+13  1.10892e+34  -3.91942e+11
1.405e+13  1.01008e+34  7.64604e+12
1.41e+13  9.14758e+33  -4.90138e+12
1.415e+13  8.23129e+33  8.78832e+12
1.42e+13  7.35351e+33  -4.00982e+12
1.425e+13  6.51592e+33  -4.4545e+12
1.43e+13  5.72022e+33  9.05449e+12
1.435e+13  4.96813e+33  -6.47441e+12
1.44e+13  4.26142e+33  -6.76626e+12
1.445e+13  3.60188e+33  7.78093e+12
1.45e+13  2.99132e+33  -3.31541e+12
1.455e+13  2.43159e+33  -7.02087e+12
1.46e+13  1.92459e+33  -8.79459e+11
1.465e+13  1.47223e+33  -2.58235e+11
1.47e+13  1.07645e+33  -7.06655e+12
1.475e+13  7.39237e+32  -9.43039e+11
1.48e+13  4.62603e+32  -1.52328e+12
1.485e+13  2.48597e+32  7.53574e+11
1.49e+13  9.92981e+31  -5.33801e+10
1.495e+13  1.68234e+31  2.14691e+11
1.5e+13  3.32313e+30  -1.42661e+11
1.505e+13  6.0983e+31  1.45568e+11
1.51e+13  1.92024e+32  -3.13538e+12
1.515e+13  3.98705e+32  5.71327e+11
1.52e+13  6.83318e+32  2.11582e+12
1.525e+13  1.04819e+33  -3.46192e+12
1.53e+13  1.4957e+33  6.95057e+11
1.535e+13  2.02825e+33  2.11609e+12
1.54e+13  2.64828e+33  -3.89259e+12
1.545e+13  3.35828e+33  7.55533e+11
1.55e+13  4.16077e+33  5.54249e+12
1.555e+13  5.05832e+33  3.59469e+11
1.56e+13  6.05352e+33  1.53175e+13
1.565e+13  7.14902e+33  1.78576e+13
1.57e+13  8.34752e+33  2.9217e+13
1.575e+13  9.65173e+33  5.49012e+12
1.58e+13  1.10644e+34  -1.55949e+13
1.585e+13  1.25884e+34  -2.30205e+12
1.59e+13  1.42266e+34  -7.19682e+12
1.595e+13  1.59818e+34  3.08773e+13
1.6e+13  1.78571e+34  2.99345e+12
1.605e+13  1.98553e+34  -1.32512e+13
1.61e+13  2.19797e+34  3.09133e+12
1.615e+13  2.42331e+34  -2.14684e+13
1.62e+13  2.66189e+34  4.91467e+13
1.625e+13  2.91401e+34  2.49924e+13
1.63e+13  3.18e+34  -2.5475e+13
1.635e+13  3.46018e+34  7.59787e+13
1.64e+13  3.7549e+34  -6.3416e+12
1.645e+13  4.0645e+34  -1.33879e+13
1.65e+13  4.3893e+34  4.27829e+13
1.655e+13  4.72968e+34  8.8685e+13
1.66e+13  5.08597e+34  7.62585e+13
1.665e+13  5.45854e+34  7.86696e+13
1.67e+13  5.84777e+34  2.67208e+13
1.675e+13  6.25401e+34  3.53867e+13
1.68e+13  6.67764e+34  -3.93481e+13
1.685e+13  7.11906e+34  1.27338e+13
1.69e+13  7.57865e+34  2.7503e+13
1.695e+13  8.05681e+34  6.32427e+13
1.7e+13  8.55394e+34  -3.4452e+13
1.705e+13  9.07045e+34  -6.14217e+12
1.71e+13  9.60675e+34  1.5181e+14
1.715e+13  1.01633e+35  -8.21648e+13
1.72e+13  1.07404e+35  -8.41054e+13
1.725e+13  1.13387e+35  -4.07856e+12
1.73e+13  1.19585e+35  -5.42087e+12
1.735e+13  1.26002e+35  -1.48048e+14
1.74e+13  1.32644e+35  6.78001e+13
1.745e+13  1.39515e+35  8.77958e+13
1.75e+13  1.4662e+35  -1.62322e+14
1.755e+13  1.53963e+35  -1.03399e+14
1.76e+13  1.6155e+35  6.64825e+13
1.765e+13  1.69385e+35  2.28232e+14
1.77e+13  1.77473e+35  6.05247e+13
1.775e+13  1.85821e+35  -4.84125e+13
1.78e+13  1.94432e+35  1.97659e+14
1.785e+13  2.03313e+35  1.87986e+13
1.79e+13  2.12468e+35  -1.84359e+14
1.795e+13  2.21904e+35  2.10413e+14
1.8e+13  2.31625e+35  3.71009e+14
1.805e+13  2.41638e+35  -6.51604e+13
1.81e+13  2.51949e+35  2.79911e+14
1.815e+13  2.62563e+35  7.48536e+13
1.82e+13  2.73487e+35  3.51451e+13
1.825e+13  2.84726e+35  -4.33899e+13
1.83e+13  2.96287e+35  -1.2829e+14
1.835e+13  3.08177e+35  -6.57394e+13
1.84e+13  3.20402e+35  -3.78671e+14
1.845e+13  3.32969e+35  -4.64855e+13
1.85e+13  3.45884e+35  8.06421e+13
1.855e+13  3.59155e+35  1.42893e+14
1.86e+13  3.72789e+35  -3.97564e+14
1.865e+13  3.86792e+35  -6.92143e+12
1.87e+13  4.01173e+35  1.78146e+14
1.875e+13  4.1594e+35  -6.32405e+13
1.88e+13  4.31098e+35  1.81855e+14
1.885e+13  4.46658e+35  -1.13875e+14
1.89e+13  4.62627e+35  -1.44044e+14
1.895e+13  4.79013e+35  7.5562e+14
1.9e+13  4.95825e+35  -3.89149e+14
1.905e+13  5.13071e+35  2.04798e+14
1.91e+13  5.30761e+35  7.74485e+13
1.915e+13  5.48904e+35  1.32369e+14
1.92e+13  5.67509e+35  -2.65905e+14
1.925e+13  5.86586e+35  -4.36774e+14
1.93e+13  6.06145e+35  -1.35982e+14
1.935e+13  6.26197e+35  3.77519e+14
1.94e+13  6.4675e+35  -3.58333e+14
1.945e+13  6.67818e+35  2.90795e+14
1.95e+13  6.8941e+35  5.95525e+14
1.955e+13  7.11538e+35  3.09589e+14
1.96e+13  7.34215e+35  8.59742e+14
1.965e+13  7.57451e+35  1.26017e+15
1.97e+13  7.81261e+35  -6.71119e+14
1.975e+13  8.05656e+35  -1.11584e+15
1.98e+13  8.30651e+35  -7.4599e+14
1.985e+13  8.56259e+35  1.49965e+15
1.99e+13  8.82496e+35  7.23553e+14
1.995e+13  9.09375e+35  -1.50841e+15
2e+13  9.36912e+35  -4.13558e+14
2.005e+13  9.65124e+35  -1.26018e+15
2.01e+13  9.94028e+35  -1.25318e+15
2.015e+13  1.02364e+36  -8.36453e+14
2.02e+13  1.05398e+36  -4.20426e+14
2.025e+13  1.08506e+36  8.63634e+13
2.03e+13  1.11691e+36  1.10473e+15
2.035e+13  1.14955e+36  5.46188e+14
2.04e+13  1.183e+36  1.29651e+15
2.045e+13  1.21727e+36  -1.35213e+15
2.05e+13  1.2524e+36  1.2087e+15
2.055e+13  1.28841e+36  -1.98639e+15
2.06e+13  1.32533e+36  3.21722e+15
2.065e+13  1.36318e+36  6.46365e+15
2.07e+13  1.40199e+36  6.3386e+14
2.075e+13  1.44179e+36  -2.70595e+15
2.08e+13  1.48262e+36  -3.84925e+15
2.085e+13  1.52451e+36  -3.27291e+15
2.09e+13  1.56749e+36  2.66231e+15
2.095e+13  1.61161e+36  5.45398e+14
2.1e+13  1.65691e+36  3.65622e+15
2.105e+13  1.70342e+36  5.17267e+15
2.11e+13  1.75121e+36  1.0926e+16
2.115e+13  1.80031e+36  2.53101e+15
2.12e+13  1.85078e+36  6.81166e+15
2.125e+13  1.90268e+36  -1.25847e+15
2.13e+13  1.95607e+36  7.26778e+13
2.135e+13  2.01101e+36  1.08125e+16
2.14e+13  2.06759e+36  9.73523e+14
2.145e+13  2.12588e+36  4.98574e+14
2.15e+13  2.18596e+36  1.96602e+15
2.155e+13  2.24792e+36  4.3608e+15
2.16e+13  2.31187e+36  1.56605e+16
2.165e+13  2.37792e+36  8.32027e+15
2.17e+13  2.44619e+36  1.54875e+16
2.175e+13  2.51681e+36  5.97155e+15
2.18e+13  2.58993e+36  -2.09737e+15
2.185e+13  2.66571e+36  1.70084e+16
2.19e+13  2.74434e+36  -2.48515e+16
2.195e+13  2.82601e+36  9.64833e+15
2.2e+13  2.91094e+36  -3.19507e+16
2.205e+13  2.9994e+36  1.1823e+16
2.21e+13  3.09166e+36  4.02364e+16
2.215e+13  3.18805e+36  2.68365e+16
2.22e+13  3.28894e+36  7.71204e+16
2.225e+13  3.39473e+36  -1.40603e+16
2.23e+13  3.50591e+36  9.72968e+16
2.235e+13  3.62304e+36  -1.42612e+16
2.24e+13  3.74675e+36  -6.88549e+15
2.245e+13  3.87778e+36  -2.27788e+16
2.25e+13  4.01703e+36  8.73907e+15
2.255e+13  4.16553e+36  -2.05265e+16
2.26e+13  4.32453e+36  -4.94117e+16
2.265e+13  4.49551e+36  -2.5194e+15
2.27e+13  4.6803e+36  -1.65655e+17
2.275e+13  4.88113e+36  1.16346e+17
2.28e+13  5.10075e+36  9.72472e+15
2.285e+13  5.34267e+36  1.42083e+17
2.29e+13  5.61131e+36  9.65798e+17
2.295e+13  5.91247e+36  5.59469e+17
2.3e+13  6.25376e+36  4.95653e+17
2.305e+13  6.64554e+36  5.64224e+16
2.31e+13  7.10215e+36  4.34721e+17
2.315e+13  7.64414e+36  -1.27099e+17
2.32e+13  8.30211e+36  2.46644e+16
2.325e+13  9.12375e+36  1.77996e+17
2.33e+13  1.01881e+37  -7.8167e+17
2.335e+13  1.1637e+37  3.40017e+17
2.34e+13  1.37548e+37  -3.73248e+17
2.345e+13  1.72137e+37  4.06512e+18
2.35e+13  2.41098e+37  4.42248e+18
2.355e+13  4.62823e+37  4.89703e+19
2.36e+13  -2.18225e+38  5.09588e+20
2.365e+13  -2.0865e+37  -1.47361e+19
2.37e+13  -4.98043e+36  6.704e+18
2.375e+13  4.3394e+36  1.24524e+19
2.38e+13  1.83294e+37  -9.45534e+18
2.385e+13  7.96484e+37  2.39814e+19
2.39e+13  7.91824e+39  -9.10549e+19
2.395e+13  3.21556e+37  -2.18495e+17
2.4e+13  4.99587e+36  7.14515e+16
2.405e+13  9.43627e+35  -1.69016e+16
2.41e+13  8.67436e+34  -2.96606e+14
2.415e+13  1.86556e+34  3.17358e+13
2.42e+13  1.93866e+35  -1.8164e+15
2.425e+13  4.47505e+35  3.0399e+15
2.43e+13  7.21526e+35  8.44125e+15
2.435e+13  9.94012e+35  9.0151e+14
2.44e+13  1.25678e+36  -7.16504e+15
2.445e+13  1.50724e+36  -1.97897e+15
2.45e+13  1.74516e+36  -3.57886e+15
2.455e+13  1.97128e+36  -5.40123e+15
2.46e+13  2.18669e+36  -1.63542e+16
2.465e+13  2.39257e+36  -8.24961e+15
2.47e+13  2.59004e+36  1.13434e+16
2.475e+13  2.78014e+36  -6.74547e+15
2.48e+13  2.96382e+36  3.74539e+15
2.485e+13  3.14189e+36  -1.5284e+15
2.49e+13  3.31509e+36  -1.44447e+15
2.495e+13  3.48407e+36  -1.72321e+15
2.5e+13  3.6494e+36  6.7732e+15
2.505e+13  3.81156e+36  -3.32158e+15
2.51e+13  3.97101e+36  -6.83662e+15
2.515e+13  4.12813e+36  -3.97474e+15
2.52e+13  4.28327e+36  -1.23336e+15
2.525e+13  4.43675e+36  1.5498e+15
2.53e+13  4.58882e+36  -3.67797e+15
2.535e+13  4.73975e+36  -4.43748e+15
2.54e+13  4.88976e+36  5.5066e+15
2.545e+13  5.03904e+36  1.59958e+15
2.55e+13  5.18778e+36  -5.01845e+15
2.555e+13  5.33614e+36  -2.61971e+15
2.56e+13  5.48427e+36  -3.79075e+13
2.565e+13  5.63231e+36  -1.37692e+15
2.57e+13  5.78038e+36  -3.55496e+15
2.575e+13  5.92861e+36  -1.73305e+15
2.58e+13  6.07709e+36  -3.98726e+15
2.585e+13  6.22592e+36  -2.5224e+15
2.59e+13  6.37521e+36  -2.82876e+15
2.595e+13  6.52502e+36  7.30714e+13
2.6e+13  6.67545e+36  9.40346e+14
2.605e+13  6.82655e+36  -1.8541e+15
2.61e+13  6.97842e+36  -2.36394e+15
2.615e+13  7.1311e+36  -1.92222e+15
2.62e+13  7.28466e+36  -2.34615e+15
2.625e+13  7.43916e+36  1.87482e+15
2.63e+13  7.59465e+36  -2.55237e+15
2.635e+13  7.75119e+36  2.56031e+15
2.64e+13  7.90882e+36  -3.91078e+14
2.645e+13  8.0676e+36  1.22303e+15
2.65e+13  8.22756e+36  -3.3191e+14
2.655e+13  8.38875e+36  -2.20002e+15
2.66e+13  8.55121e+36  -1.0751e+14
2.665e+13  8.71499e+36  -2.45279e+15
2.67e+13  8.88011e+36  1.13015e+14
2.675e+13  9.04663e+36  -2.27318e+15
2.68e+13  9.21456e+36  -1.70145e+15
2.685e+13  9.38395e+36  -4.68562e+15
2.69e+13  9.55483e+36  -2.04711e+15
2.695e+13  9.72724e+36  3.70249e+13
2.7e+13  9.9012e+36  1.95322e+15
2.705e+13  1.00768e+37  7.96485e+14
2.71e+13  1.02539e+37  -4.43245e+15
2.715e+13  1.04327e+37  -8.43614e+14
2.72e+13  1.06132e+37  -2.09146e+15
2.725e+13  1.07954e+37  -3.14501e+15
2.73e+13  1.09793e+37  -4.19127e+15
2.735e+13  1.1165e+37  -3.16102e+15
2.74e+13  1.13525e+37  9.32156e+14
2.745e+13  1.15418e+37  -3.9539e+14
2.75e+13  1.17329e+37  2.18757e+15
2.755e+13  1.19259e+37  -8.21263e+14
2.76e+13  1.21207e+37  6.57597e+14
2.765e+13  1.23175e+37  -3.32427e+15
2.77e+13  1.25163e+37  -3.1787e+15
2.775e+13  1.2717e+37  1.494e+15
2.78e+13  1.29197e+37  -2.07814e+15
2.785e+13  1.31244e+37  -3.84059e+15
2.79e+13  1.33311e+37  -2.40686e+15
2.795e+13  1.35399e+37  1.54799e+14
2.8e+13  1.37508e+37  4.22459e+15
2.805e+13  1.39638e+37  -2.91576e+15
2.81e+13  1.41789e+37  -1.58678e+15
2.815e+13  1.43962e+37  -9.72659e+14
2.82e+13  1.46157e+37  1.32023e+14
2.825e+13  1.48373e+37  -3.00649e+15
2.83e+13  1.50612e+37  -4.00659e+14
2.835e+13  1.52874e+37  9.71843e+14
2.84e+13  1.55158e+37  1.50355e+15
2.845e+13  1.57465e+37  1.14198e+15
2.85e+13  1.59796e+37  1.64274e+14
2.855e+13  1.6215e+37  -4.3894e+15
2.86e+13  1.64527e+37  -2.9603e+14
2.865e+13  1.66928e+37  -3.01173e+14
2.87e+13  1.69354e+37  -4.18795e+15
2.875e+13  1.71803e+37  2.53899e+14
2.88e+13  1.74278e+37  -3.87477e+14
2.885e+13  1.76777e+37  7.39265e+14
2.89e+13  1.79301e+37  1.56965e+15
2.895e+13  1.81851e+37  -2.48658e+15
2.9e+13  1.84425e+37  -2.30393e+15
2.905e+13  1.87026e+37  -5.86475e+14
2.91e+13  1.89653e+37  -1.43075e+15
2.915e+13  1.92305e+37  -1.18122e+15
2.92e+13  1.94985e+37  -9.53238e+14
2.925e+13  1.9769e+37  -4.17154e+14
2.93e+13  2.00423e+37  -3.08622e+15
2.935e+13  2.03183e+37  -3.22532e+14
2.94e+13  2.0597e+37  2.02018e+15
2.945e+13  2.08785e+37  -1.01827e+13
2.95e+13  2.11627e+37  -5.579e+14
2.955e+13  2.14498e+37  7.59063e+14
2.96e+13  2.17396e+37  -1.69409e+15
2.965e+13  2.20324e+37  1.36955e+15
2.97e+13  2.2328e+37  -1.82007e+15
2.975e+13  2.26265e+37  -3.95702e+15
2.98e+13  2.29279e+37  -1.75037e+14
2.985e+13  2.32323e+37  -1.54256e+15
2.99e+13  2.35397e+37  -2.6753e+15
2.995e+13  2.385e+37  -2.15486e+15
3e+13  2.41634e+37  -3.6045e+15
3.005e+13  2.44798e+37  -6.83699e+14
3.01e+13  2.47993e+37  1.07988e+15
3.015e+13  2.51219e+37  -1.38334e+15
3.02e+13  2.54476e+37  -1.46125e+15
3.025e+13  2.57764e+37  4.80177e+14
3.03e+13  2.61084e+37  -5.59075e+14
3.035e+13  2.64436e+37  -6.57617e+14
3.04e+13  2.6782e+37  -3.57911e+15
3.045e+13  2.71237e+37  -1.13604e+15
3.05e+13  2.74686e+37  -1.28076e+15
3.055e+13  2.78168e+37  -4.38235e+15
3.06e+13  2.81684e+37  -2.28887e+15
3.065e+13  2.85232e+37  8.34088e+14
3.07e+13  2.88815e+37  -1.31298e+15
3.075e+13  2.92431e+37  -7.10155e+14
3.08e+13  2.96082e+37  -1.71114e+15
3.085e+13  2.99767e+37  -1.35777e+15
3.09e+13  3.03487e+37  2.20336e+15
3.095e+13  3.07242e+37  -1.28589e+15
3.1e+13  3.11032e+37  -5.81511e+14
3.105e+13  3.14858e+37  -1.94541e+15
3.11e+13  3.18719e+37  -1.18272e+14
3.115e+13  3.22617e+37  -1.68081e+15
3.12e+13  3.26551e+37  -1.30514e+15
3.125e+13  3.30521e+37  -8.16977e+14
3.13e+13  3.34529e+37  -1.7453e+15
3.135e+13  3.38573e+37  -7.40007e+14
3.14e+13  3.42655e+37  2.13661e+14
3.145e+13  3.46774e+37  -1.94888e+15
3.15e+13  3.50932e+37  -3.29615e+14
3.155e+13  3.55128e+37  -9.89979e+13
3.16e+13  3.59362e+37  -3.8956e+13
3.165e+13  3.63635e+37  -1.82589e+15
3.17e+13  3.67947e+37  -1.13329e+15
3.175e+13  3.72299e+37  -1.04862e+15
3.18e+13  3.7669e+37  -1.83698e+15
3.185e+13  3.81121e+37  -2.74531e+14
3.19e+13  3.85592e+37  -6.73839e+14
3.195e+13  3.90104e+37  -3.09499e+14
3.2e+13  3.94656e+37  -8.86753e+14
3.205e+13  3.9925e+37  -1.7237e+15
3.21e+13  4.03885e+37  -2.02218e+14
3.215e+13  4.08561e+37  -2.05279e+15
3.22e+13  4.1328e+37  -2.55042e+15
3.225e+13  4.18041e+37  -1.14441e+15
3.23e+13  4.22844e+37  1.50204e+15
3.235e+13  4.2769e+37  -1.44404e+15
3.24e+13  4.3258e+37  -3.52528e+15
3.245e+13  4.37512e+37  -2.64834e+15
3.25e+13  4.42489e+37  -4.10661e+14
3.255e+13  4.4751e+37  -1.6546e+15
3.26e+13  4.52574e+37  9.03897e+14
3.265e+13  4.57684e+37  -1.20845e+15
3.27e+13  4.62839e+37  -1.68202e+15
3.275e+13  4.68038e+37  -2.8616e+14
3.28e+13  4.73284e+37  7.8528e+13
3.285e+13  4.78575e+37  -1.47067e+15
3.29e+13  4.83913e+37  -3.38444e+14
3.295e+13  4.89297e+37  -2.96893e+14
3.3e+13  4.94727e+37  7.30949e+14
3.305e+13  5.00205e+37  -1.96635e+14
3.31e+13  5.05731e+37  1.25999e+15
3.315e+13  5.11304e+37  -2.48195e+15
3.32e+13  5.16926e+37  -1.08375e+15
3.325e+13  5.22596e+37  -7.78468e+14
3.33e+13  5.28314e+37  -1.94637e+15
3.335e+13  5.34082e+37  -1.11809e+15
3.34e+13  5.39899e+37  -1.82116e+15
3.345e+13  5.45766e+37  -6.9102e+14
3.35e+13  5.51683e+37  8.76825e+13
3.355e+13  5.5765e+37  5.56134e+14
3.36e+13  5.63669e+37  9.43298e+14
3.365e+13  5.69738e+37  -1.05111e+15
3.37e+13  5.75858e+37  5.87738e+14
3.375e+13  5.82031e+37  2.69154e+14
3.38e+13  5.88255e+37  -1.59707e+15
3.385e+13  5.94533e+37  -7.9323e+14
3.39e+13  6.00862e+37  -1.75871e+15
3.395e+13  6.07245e+37  1.60503e+15
3.4e+13  6.13682e+37  -8.46173e+14
3.405e+13  6.20172e+37  -1.81039e+15
3.41e+13  6.26716e+37  -1.9301e+15
3.415e+13  6.33315e+37  -9.30336e+14
3.42e+13  6.39969e+37  -4.71845e+14
3.425e+13  6.46678e+37  -4.32433e+14
3.43e+13  6.53443e+37  -2.26089e+15
3.435e+13  6.60264e+37  -2.37651e+14
3.44e+13  6.67141e+37  7.06718e+13
3.445e+13  6.74074e+37  -3.30958e+14
3.45e+13  6.81065e+37  -1.93713e+14
3.455e+13  6.88113e+37  -1.75766e+15
3.46e+13  6.95219e+37  -3.86785e+14
3.465e+13  7.02383e+37  9.11767e+14
3.47e+13  7.09606e+37  -4.18002e+14
3.475e+13  7.16887e+37  -1.80187e+15
3.48e+13  7.24228e+37  -1.87858e+15
3.485e+13  7.31628e+37  9.50624e+14
3.49e+13  7.39089e+37  -1.26804e+15
3.495e+13  7.46609e+37  -1.88932e+15
3.5e+13  7.54191e+37  7.63571e+14
3.505e+13  7.61834e+37  -2.29023e+15
3.51e+13  7.69538e+37  -2.35928e+14
3.515e+13  7.77304e+37  -2.0988e+15
3.52e+13  7.85132e+37  -7.17526e+14
3.525e+13  7.93023e+37  6.22171e+14
3.53e+13  8.00978e+37  -1.60601e+15
3.535e+13  8.08995e+37  -2.56547e+15
3.54e+13  8.17077e+37  -1.42168e+15
3.545e+13  8.25222e+37  -1.70639e+15
3.55e+13  8.33433e+37  -1.15967e+15
3.555e+13  8.41708e+37  -1.53159e+15
3.56e+13  8.50049e+37  6.66115e+14
3.565e+13  8.58456e+37  -8.18196e+14
3.57e+13  8.66929e+37  -1.52653e+15
3.575e+13  8.75469e+37  -1.22501e+15
3.58e+13  8.84076e+37  -1.66376e+15
3.585e+13  8.9275e+37  -5.91083e+14
3.59e+13  9.01492e+37  -2.25877e+15
3.595e+13  9.10303e+37  -1.72514e+15
3.6e+13  9.19182e+37  -1.7653e+15
3.605e+13  9.28131e+37  6.47431e+14
3.61e+13  9.37149e+37  -3.86665e+15
3.615e+13  9.46237e+37  -4.48809e+14
3.62e+13  9.55395e+37  -3.05999e+15
3.625e+13  9.64624e+37  -9.24213e+14
3.63e+13  9.73925e+37  -1.25214e+15
3.635e+13  9.83297e+37  -4.65316e+13
3.64e+13  9.92741e+37  1.04596e+15
3.645e+13  1.00226e+38  1.07063e+15
3.65e+13  1.01185e+38  -3.13262e+15
3.655e+13  1.02151e+38  -1.65756e+15
3.66e+13  1.03125e+38  4.26383e+14
3.665e+13  1.04106e+38  1.23654e+15
3.67e+13  1.05095e+38  -9.31173e+13
3.675e+13  1.06091e+38  -3.91152e+15
3.68e+13  1.07094e+38  4.29245e+13
3.685e+13  1.08106e+38  -1.89334e+15
3.69e+13  1.09125e+38  -1.21005e+15
3.695e+13  1.10151e+38  -9.5494e+14
3.7e+13  1.11186e+38  -2.26662e+15
3.705e+13  1.12228e+38  -2.53299e+15
3.71e+13  1.13278e+38  -6.23245e+14
3.715e+13  1.14336e+38  -3.87685e+15
3.72e+13  1.15401e+38  -2.52994e+15
3.725e+13  1.16475e+38  -1.26718e+15
3.73e+13  1.17557e+38  -2.1012e+15
3.735e+13  1.18647e+38  6.34385e+14
3.74e+13  1.19745e+38  3.89357e+14
3.745e+13  1.20851e+38  -3.55455e+14
3.75e+13  1.21965e+38  1.18246e+15
3.755e+13  1.23088e+38  -2.84198e+14
3.76e+13  1.24219e+38  -1.20712e+15
3.765e+13  1.25358e+38  -1.14036e+15
3.77e+13  1.26506e+38  -2.67967e+14
3.775e+13  1.27662e+38  1.85167e+15
3.78e+13  1.28826e+38  -2.77129e+14
3.785e+13  1.29999e+38  -2.22613e+15
3.79e+13  1.31181e+38  -4.61285e+14
3.795e+13  1.32371e+38  -2.70469e+15
3.8e+13  1.3357e+38  -5.75679e+14
3.805e+13  1.34778e+38  -1.60566e+13
3.81e+13  1.35995e+38  -1.58458e+15
3.815e+13  1.3722e+38  3.73163e+13
3.82e+13  1.38454e+38  -1.36614e+15
3.825e+13  1.39697e+38  -6.78251e+14
3.83e+13  1.4095e+38  -9.98353e+14
3.835e+13  1.42211e+38  -4.38497e+14
3.84e+13  1.43481e+38  -7.06703e+14
3.845e+13  1.4476e+38  8.45883e+14
3.85e+13  1.46049e+38  2.13809e+15
3.855e+13  1.47347e+38  -7.64144e+14
3.86e+13  1.48654e+38  1.35952e+14
3.865e+13  1.49971e+38  -1.78715e+15
3.87e+13  1.51297e+38  -1.14886e+15
3.875e+13  1.52632e+38  -1.38913e+15
3.88e+13  1.53977e+38  -1.16038e+15
3.885e+13  1.55331e+38  -1.17209e+15
3.89e+13  1.56695e+38  -1.86469e+15
3.895e+13  1.58069e+38  -2.00615e+15
3.9e+13  1.59452e+38  -2.41003e+15
3.905e+13  1.60845e+38  -2.34914e+15
3.91e+13  1.62248e+38  -2.03956e+15
3.915e+13  1.63661e+38  -1.05573e+15
3.92e+13  1.65084e+38  -1.61266e+15
3.925e+13  1.66517e+38  -1.61614e+15
3.93e+13  1.6796e+38  -2.17478e+15
3.935e+13  1.69412e+38  -1.80091e+15
3.94e+13  1.70875e+38  -1.13272e+15
3.945e+13  1.72349e+38  -2.24864e+15
3.95e+13  1.73832e+38  4.54227e+14
3.955e+13  1.75326e+38  -2.07237e+15
3.96e+13  1.7683e+38  -6.89632e+14
3.965e+13  1.78345e+38  -1.8826e+13
3.97e+13  1.7987e+38  -8.1459e+14
3.975e+13  1.81406e+38  -8.12922e+14
3.98e+13  1.82952e+38  -1.68303e+15
3.985e+13  1.84509e+38  -8.7131e+14
3.99e+13  1.86076e+38  -5.04785e+15
3.995e+13  1.87655e+38  -1.40643e+15
4e+13  1.89244e+38  -1.54963e+15
4.005e+13  1.90844e+38  4.6811e+14
4.01e+13  1.92455e+38  -1.24996e+15
4.015e+13  1.94077e+38  -9.81554e+14
4.02e+13  1.9571e+38  1.15953e+15
4.025e+13  1.97354e+38  -2.54589e+14
4.03e+13  1.9901e+38  -8.71177e+14
4.035e+13  2.00676e+38  -1.79627e+15
4.04e+13  2.02354e+38  -1.32803e+15
4.045e+13  2.04043e+38  -1.57677e+15
4.05e+13  2.05744e+38  -2.12893e+14
4.055e+13  2.07456e+38  -5.18664e+14
4.06e+13  2.0918e+38  -7.86436e+14
4.065e+13  2.10915e+38  -1.52958e+15
4.07e+13  2.12662e+38  -2.38238e+15
4.075e+13  2.14421e+38  -5.06411e+14
4.08e+13  2.16191e+38  -1.61339e+15
4.085e+13  2.17974e+38  -3.99893e+14
4.09e+13  2.19768e+38  -1.34126e+15
4.095e+13  2.21574e+38  -7.11614e+14
4.1e+13  2.23392e+38  3.55149e+14
4.105e+13  2.25223e+38  -1.50467e+15
4.11e+13  2.27065e+38  4.09307e+14
4.115e+13  2.2892e+38  7.96703e+13
4.12e+13  2.30787e+38  -1.79333e+15
4.125e+13  2.32666e+38  2.51578e+14
4.13e+13  2.34558e+38  -5.64209e+14
4.135e+13  2.36462e+38  6.06299e+14
4.14e+13  2.38378e+38  1.03323e+15
4.145e+13  2.40308e+38  1.69196e+15
4.15e+13  2.4225e+38  -1.95835e+15
4.155e+13  2.44204e+38  5.28913e+14
4.16e+13  2.46172e+38  -1.71183e+15
4.165e+13  2.48152e+38  -2.11849e+15
4.17e+13  2.50146e+38  -1.19639e+15
4.175e+13  2.52152e+38  -2.66412e+14
4.18e+13  2.54171e+38  -2.32241e+15
4.185e+13  2.56204e+38  2.11416e+14
4.19e+13  2.58249e+38  1.32211e+15
4.195e+13  2.60308e+38  -1.38162e+15
4.2e+13  2.6238e+38  -7.90129e+14
4.205e+13  2.64466e+38  -1.65919e+15
4.21e+13  2.66565e+38  -2.17558e+15
4.215e+13  2.68678e+38  -9.85699e+14
4.22e+13  2.70804e+38  2.66571e+14
4.225e+13  2.72944e+38  -2.37001e+15
4.23e+13  2.75098e+38  -1.4866e+15
4.235e+13  2.77265e+38  -1.99837e+15
4.24e+13  2.79446e+38  -3.04176e+15
4.245e+13  2.81642e+38  -8.4114e+14
4.25e+13  2.83851e+38  -3.34174e+15
4.255e+13  2.86074e+38  1.68357e+14
4.26e+13  2.88312e+38  -1.84089e+15
4.265e+13  2.90563e+38  -8.25216e+14
4.27e+13  2.9283e+38  -1.72439e+15
4.275e+13  2.9511e+38  1.80528e+15
4.28e+13  2.97405e+38  -2.16087e+15
4.285e+13  2.99714e+38  -1.79234e+15
4.29e+13  3.02038e+38  -3.05288e+15
4.295e+13  3.04377e+38  -2.19894e+15
4.3e+13  3.0673e+38  -2.58294e+15
4.305e+13  3.09098e+38  -8.81749e+14
4.31e+13  3.11481e+38  -2.06739e+15
4.315e+13  3.13879e+38  -8.28339e+13
4.32e+13  3.16292e+38  6.60657e+14
4.325e+13  3.1872e+38  -1.22175e+15
4.33e+13  3.21163e+38  -4.99206e+14
4.335e+13  3.23621e+38  -1.52672e+15
4.34e+13  3.26095e+38  -1.75742e+14
4.345e+13  3.28584e+38  -2.48854e+15
4.35e+13  3.31089e+38  1.00152e+15
4.355e+13  3.33609e+38  -1.61958e+15
4.36e+13  3.36145e+38  -1.40219e+15
4.365e+13  3.38696e+38  1.26836e+14
4.37e+13  3.41263e+38  -1.01098e+15
4.375e+13  3.43846e+38  -8.60492e+14
4.38e+13  3.46445e+38  -1.87439e+15
4.385e+13  3.4906e+38  -6.85625e+14
4.39e+13  3.51691e+38  -1.32273e+15
4.395e+13  3.54338e+38  -3.5944e+15
4.4e+13  3.57002e+38  -1.24344e+15
4.405e+13  3.59682e+38  -1.62637e+15
4.41e+13  3.62378e+38  3.33016e+14
4.415e+13  3.6509e+38  -1.82948e+15
4.42e+13  3.67819e+38  -3.85131e+14
4.425e+13  3.70565e+38  -8.00197e+14
4.43e+13  3.73328e+38  -1.06484e+15
4.435e+13  3.76107e+38  -2.21219e+15
4.44e+13  3.78903e+38  -4.38787e+15
4.445e+13  3.81716e+38  6.53248e+14
4.45e+13  3.84546e+38  -1.37054e+15
4.455e+13  3.87393e+38  -1.70745e+15
4.46e+13  3.90257e+38  -2.36663e+15
4.465e+13  3.93139e+38  -1.45041e+15
4.47e+13  3.96038e+38  -4.5674e+14
4.475e+13  3.98954e+38  -2.09313e+15
4.48e+13  4.01888e+38  -1.52719e+15
4.485e+13  4.04839e+38  -3.01583e+15
4.49e+13  4.07808e+38  9.41309e+13
4.495e+13  4.10795e+38  -8.83423e+14
4.5e+13  4.138e+38  2.48662e+15
4.505e+13  4.16823e+38  -7.8594e+14
4.51e+13  4.19863e+38  -1.13207e+15
4.515e+13  4.22922e+38  -3.04362e+15
4.52e+13  4.25999e+38  -6.46763e+14
4.525e+13  4.29094e+38  -2.86707e+15
4.53e+13  4.32208e+38  -8.25294e+14
4.535e+13  4.3534e+38  -1.9849e+15
4.54e+13  4.3849e+38  -2.5115e+15
4.545e+13  4.41659e+38  -5.35509e+14
4.55e+13  4.44847e+38  -8.63109e+14
4.555e+13  4.48053e+38  -1.43465e+15
4.56e+13  4.51279e+38  9.93081e+14
4.565e+13  4.54523e+38  6.21045e+13
4.57e+13  4.57787e+38  -3.77137e+15
4.575e+13  4.61069e+38  -1.38269e+15
4.58e+13  4.64371e+38  -3.26127e+15
4.585e+13  4.67692e+38  -1.34317e+14
4.59e+13  4.71032e+38  -1.27184e+15
4.595e+13  4.74392e+38  -5.91181e+14
4.6e+13  4.77772e+38  -9.1905e+14
4.605e+13  4.81171e+38  1.48152e+15
4.61e+13  4.8459e+38  -5.19626e+13
4.615e+13  4.88028e+38  -1.27291e+15
4.62e+13  4.91487e+38  -1.2694e+15
4.625e+13  4.94966e+38  -1.80856e+15
4.63e+13  4.98465e+38  2.28803e+14
4.635e+13  5.01984e+38  -1.0617e+15
4.64e+13  5.05523e+38  2.22845e+15
4.645e+13  5.09083e+38  -2.10649e+15
4.65e+13  5.12663e+38  1.25251e+13
4.655e+13  5.16263e+38  -2.59413e+15
4.66e+13  5.19885e+38  -2.90465e+15
4.665e+13  5.23527e+38  -9.24126e+14
4.67e+13  5.2719e+38  -4.44586e+14
4.675e+13  5.30874e+38  -2.56558e+15
4.68e+13  5.34579e+38  -2.73872e+15
4.685e+13  5.38305e+38  -1.48387e+15
4.69e+13  5.42052e+38  -2.90043e+15
4.695e+13  5.45821e+38  -5.81895e+14
4.7e+13  5.49611e+38  1.01903e+14
4.705e+13  5.53422e+38  -1.38251e+15
4.71e+13  5.57256e+38  -2.0914e+15
4.715e+13  5.6111e+38  -8.98966e+14
4.72e+13  5.64987e+38  -1.33832e+15
4.725e+13  5.68886e+38  -2.95955e+15
4.73e+13  5.72806e+38  -7.41355e+14
4.735e+13  5.76749e+38  -2.24818e+15
4.74e+13  5.80714e+38  -2.8198e+15
4.745e+13  5.84701e+38  -3.56212e+15
4.75e+13  5.8871e+38  2.37269e+14
4.755e+13  5.92743e+38  -8.28462e+14
4.76e+13  5.96797e+38  1.15667e+15
4.765e+13  6.00874e+38  -1.02357e+15
4.77e+13  6.04974e+38  -1.67199e+15
4.775e+13  6.09097e+38  -8.06866e+14
4.78e+13  6.13243e+38  -2.75583e+15
4.785e+13  6.17412e+38  -4.63128e+14
4.79e+13  6.21605e+38  -2.37786e+15
4.795e+13  6.2582e+38  -8.5301e+14
4.8e+13  6.30059e+38  -7.58977e+14
4.805e+13  6.34321e+38  -1.49734e+15
4.81e+13  6.38607e+38  8.70181e+14
4.815e+13  6.42917e+38  -2.83638e+15
4.82e+13  6.47251e+38  -2.21879e+15
4.825e+13  6.51608e+38  -4.25494e+14
4.83e+13  6.55989e+38  -1.72627e+15
4.835e+13  6.60395e+38  -1.43909e+15
4.84e+13  6.64825e+38  -1.82886e+15
4.845e+13  6.69279e+38  -3.68641e+15
4.85e+13  6.73757e+38  -2.04653e+14
4.855e+13  6.7826e+38  -1.6064e+15
4.86e+13  6.82788e+38  -2.67798e+15
4.865e+13  6.8734e+38  -4.03089e+15
4.87e+13  6.91918e+38  -7.07174e+13
4.875e+13  6.9652e+38  -2.7633e+15
4.88e+13  7.01147e+38  -1.67875e+15
4.885e+13  7.058e+38  -2.04747e+15
4.89e+13  7.10477e+38  4.72935e+13
4.895e+13  7.1518e+38  -2.39085e+15
4.9e+13  7.19909e+38  -3.41105e+15
4.905e+13  7.24663e+38  -1.84766e+15
4.91e+13  7.29443e+38  -1.05516e+15
4.915e+13  7.34249e+38  -1.96446e+15
4.92e+13  7.39081e+38  -1.94442e+14
4.925e+13  7.43938e+38  2.51715e+14
4.93e+13  7.48822e+38  -9.61943e+14
4.935e+13  7.53732e+38  -1.2068e+14
4.94e+13  7.58669e+38  1.71363e+15
4.945e+13  7.63632e+38  2.21617e+14
4.95e+13  7.68621e+38  -6.88975e+14
4.955e+13  7.73638e+38  -1.08499e+15
4.96e+13  7.78681e+38  -5.03354e+15
4.965e+13  7.83751e+38  -9.09203e+14
4.97e+13  7.88848e+38  3.96255e+12
4.975e+13  7.93972e+38  -3.02496e+15
4.98e+13  7.99124e+38  2.00859e+14
4.985e+13  8.04303e+38  -2.61011e+15
4.99e+13  8.09509e+38  -1.16659e+15
4.995e+13  8.14744e+38  -9.49576e+14
5e+13  8.20005e+38  -3.27192e+15
5.005e+13  8.25295e+38  -1.38401e+15
