3.94784176043574e+23	3.40507457457653e+31
8.88264396098042e+23	7.66057533464064e+31
1.57913670417430e+24	1.36167008520405e+32
2.46740110027234e+24	2.12718758870893e+32
3.55305758439217e+24	3.06240755732141e+32
4.83610615653379e+24	4.16708257474320e+32
6.31654681669719e+24	5.44092033545903e+32
7.99437956488238e+24	6.88358369251634e+32
9.86960440108936e+24	8.49469071265758e+32
1.19422213253181e+25	1.02738147388047e+33
1.42122303375687e+25	1.22204844598956e+33
1.66796314378410e+25	1.43341839880738e+33
1.93444246261352e+25	1.66143529432294e+33
2.22066099024511e+25	1.90603865448950e+33
2.52661872667888e+25	2.16716357114940e+33
2.85231567191483e+25	2.44474071669429e+33
3.19775182595295e+25	2.73869635546089e+33
3.56292718879326e+25	3.04895235586218e+33
3.94784176043575e+25	3.37542620325416e+33
4.35249554088041e+25	3.71803101353828e+33
4.77688853012725e+25	4.07667554749946e+33
5.22102072817627e+25	4.45126422587995e+33
5.68489213502747e+25	4.84169714518894e+33
6.16850275068085e+25	5.24787009424810e+33
6.67185257513641e+25	5.66967457147304e+33
7.19494160839415e+25	6.10699780289087e+33
7.73776985045406e+25	6.55972276089390e+33
8.30033730131615e+25	7.02772818372948e+33
8.88264396098043e+25	7.51088859572623e+33
9.48468982944688e+25	8.00907432825668e+33
1.01064749067155e+26	8.52215154143637e+33
1.07479991927863e+26	9.04998224655958e+33
1.14092626876593e+26	9.59242432927183e+33
1.20902653913345e+26	1.01493315734791e+34
1.27910073038118e+26	1.07205536859943e+34
1.35114884250913e+26	1.13059363219201e+34
1.42517087551730e+26	1.19053211107700e+34
1.50116682940569e+26	1.25185456833257e+34
1.57913670417430e+26	1.31454436992328e+34
1.65908049982312e+26	1.37858448753331e+34
1.74099821635216e+26	1.44395750147359e+34
1.82488985376142e+26	1.51064560366258e+34
1.91075541205090e+26	1.57863060068097e+34
1.99859489122059e+26	1.64789391690012e+34
2.08840829127050e+26	1.71841659768436e+34
2.18019561220064e+26	1.79017931266717e+34
2.27395685401098e+26	1.86316235910117e+34
2.36969201670155e+26	1.93734566528205e+34
2.46740110027234e+26	2.01270879404634e+34
2.56708410472334e+26	2.08923094634318e+34
2.66874103005456e+26	2.16689096487995e+34
2.77237187626600e+26	2.24566733784193e+34
2.87797664335765e+26	2.32553820268588e+34
2.98555533132952e+26	2.40648135000764e+34
3.09510794018162e+26	2.48847422748377e+34
3.20663446991393e+26	2.57149394388721e+34
3.32013492052645e+26	2.65551727317701e+34
3.43560929201920e+26	2.74052065866214e+34
3.55305758439216e+26	2.82648021723941e+34
3.67247979764535e+26	2.91337174370554e+34
3.79387593177875e+26	3.00117071514335e+34
3.91724598679236e+26	3.08985229538221e+34
4.04258996268620e+26	3.17939133953258e+34
4.16990785946025e+26	3.26976239859489e+34
4.29919967711452e+26	3.36093972414264e+34
4.43046541564901e+26	3.45289727307975e+34
4.56370507506372e+26	3.54560871247234e+34
4.69891865535864e+26	3.63904742445469e+34
4.83610615653379e+26	3.73318651120975e+34
4.97526757858915e+26	3.82799880002392e+34
5.11640292152472e+26	3.92345684841635e+34
5.25951218534052e+26	4.01953294934265e+34
5.40459537003653e+26	4.11619913647315e+34
5.55165247561277e+26	4.21342718954566e+34
5.70068350206922e+26	4.31118863979283e+34
5.85168844940588e+26	4.40945477544406e+34
6.00466731762277e+26	4.50819664730211e+34
6.15962010671987e+26	4.60738507439434e+34
6.31654681669719e+26	4.70699064969871e+34
6.47544744755473e+26	4.80698374594445e+34
6.63632199929249e+26	4.90733452148760e+34
6.79917047191047e+26	5.00801292626136e+34
6.96399286540866e+26	5.10898870780128e+34
7.13078917978707e+26	5.21023141734536e+34
7.29955941504570e+26	5.31171041600919e+34
7.47030357118455e+26	5.41339488103596e+34
7.64302164820361e+26	5.51525381212161e+34
7.81771364610289e+26	5.61725603781506e+34
7.99437956488239e+26	5.71937022199349e+34
8.17301940454211e+26	5.82156487041293e+34
8.35363316508205e+26	5.92380833733401e+34
8.53622084650220e+26	6.02606883222298e+34
8.72078244880257e+26	6.12831442652812e+34
8.90731797198316e+26	6.23051306053148e+34
9.09582741604397e+26	6.33263255027613e+34
9.28631078098500e+26	6.43464059456880e+34
9.47876806680624e+26	6.53650478205821e+34
9.67319927350770e+26	6.63819259838889e+34
9.86960440108938e+26	6.73967143343069e+34
1.00679834495513e+27	6.84090858858414e+34
1.02683364188934e+27	6.94187128416138e+34
1.04706633091157e+27	7.04252666684314e+34
1.06749641202183e+27	7.14284181721155e+34
1.08812388522010e+27	7.24278375735893e+34
1.10894875050640e+27	7.34231945857264e+34
1.12997100788072e+27	7.44141584909607e+34
1.15119065734307e+27	7.54003982196578e+34
1.17260769889343e+27	7.63815824292496e+34
1.19422213253182e+27	7.73573795841314e+34
1.21603395825822e+27	7.83274580363238e+34
1.23804317607265e+27	7.92914861068994e+34
1.26024978597510e+27	8.02491321681747e+34
1.28265378796558e+27	8.12000647266692e+34
1.30525518204407e+27	8.21439525068310e+34
1.32805396821059e+27	8.30804645355311e+34
1.35105014646512e+27	8.40092702273266e+34
1.37424371680768e+27	8.49300394704937e+34
1.39763467923827e+27	8.58424427138314e+34
1.42122303375687e+27	8.67461510542375e+34
1.44500878036349e+27	8.76408363250561e+34
1.46899191905814e+27	8.85261711852002e+34
1.49317244984081e+27	8.94018292090481e+34
1.51755037271150e+27	9.02674849771153e+34
1.54212568767021e+27	9.11228141675036e+34
1.56689839471695e+27	9.19674936481276e+34
1.59186849385170e+27	9.28012015697207e+34
1.61703598507448e+27	9.36236174596193e+34
1.64240086838528e+27	9.44344223163015e+34
1.66796314378410e+27	9.52332987048950e+34
1.69372281127094e+27	9.60199308529702e+34
1.71967987084581e+27	9.67940047478159e+34
1.74583432250870e+27	9.75552082339520e+34
1.77218616625960e+27	9.83032311116612e+34
1.79873540209853e+27	9.90377652362683e+34
1.82548203002549e+27	9.97585046182082e+34
1.85242605004046e+27	1.00465145523886e+35
1.87956746214345e+27	1.01157386577332e+35
1.90690626633447e+27	1.01834928862645e+35
1.93444246261351e+27	1.02497476027238e+35
1.96217605098057e+27	1.03144734385877e+35
1.99010703143565e+27	1.03776413025522e+35
2.01823540397876e+27	1.04392223910962e+35
2.04656116860989e+27	1.04991881991258e+35
2.07508432532903e+27	1.05575105306992e+35
2.10380487413620e+27	1.06141615098307e+35
2.13272281503139e+27	1.06691135913776e+35
2.16183814801461e+27	1.07223395720059e+35
2.19115087308584e+27	1.07738126012385e+35
2.22066099024510e+27	1.08235061925842e+35
2.25036849949238e+27	1.08713942347477e+35
2.28027340082768e+27	1.09174510029222e+35
2.31037569425100e+27	1.09616511701632e+35
2.34067537976235e+27	1.10039698188443e+35
2.37117245736171e+27	1.10443824521961e+35
2.40186692704910e+27	1.10828650059265e+35
2.43275878882451e+27	1.11193938599247e+35
2.46384804268794e+27	1.11539458500474e+35
2.49513468863939e+27	1.11864982799892e+35
2.52661872667887e+27	1.12170289332352e+35
2.55830015680636e+27	1.12455160850982e+35
2.59017897902188e+27	1.12719385148397e+35
2.62225519332542e+27	1.12962755178750e+35
2.65452879971698e+27	1.13185069180627e+35
2.68699979819657e+27	1.13386130800793e+35
2.71966818876417e+27	1.13565749218786e+35
2.75253397141980e+27	1.13723739272363e+35
2.78559714616345e+27	1.13859921583807e+35
2.81885771299512e+27	1.13974122687093e+35
2.85231567191481e+27	1.14066175155910e+35
2.88597102292253e+27	1.14135917732558e+35
2.91982376601826e+27	1.14183195457708e+35
2.95387390120202e+27	1.14207859801038e+35
2.98812142847380e+27	1.14209768792746e+35
3.02256634783360e+27	1.14188787155937e+35
3.05720865928143e+27	1.14144786439901e+35
3.09204836281727e+27	1.14077645154274e+35
3.12708545844114e+27	1.13987248904092e+35
3.16231994615303e+27	1.13873490525738e+35
3.19775182595294e+27	1.13736270223792e+35
3.23338109784087e+27	1.13575495708782e+35
3.26920776181682e+27	1.13391082335841e+35
3.30523181788080e+27	1.13182953244286e+35
3.34145326603280e+27	1.12951039498100e+35
3.37787210627281e+27	1.12695280227348e+35
3.41448833860086e+27	1.12415622770513e+35
3.45130196301692e+27	1.12112022817765e+35
3.48831297952100e+27	1.11784444555169e+35
3.52552138811311e+27	1.11432860809832e+35
3.56292718879324e+27	1.11057253196002e+35
3.60053038156139e+27	1.10657612262112e+35
3.63833096641756e+27	1.10233937638794e+35
3.67632894336175e+27	1.09786238187849e+35
3.71452431239397e+27	1.09314532152188e+35
3.75291707351421e+27	1.08818847306762e+35
3.79150722672246e+27	1.08299221110454e+35
3.83029477201875e+27	1.07755700858988e+35
3.86927970940305e+27	1.07188343838807e+35
3.90846203887537e+27	1.06597217481981e+35
3.94784176043572e+27	1.05982399522106e+35
3.98741887408409e+27	1.05343978151236e+35
4.02719337982048e+27	1.04682052177831e+35
4.06716527764489e+27	1.03996731185745e+35
4.10733456755732e+27	1.03288135694260e+35
4.14770124955778e+27	1.02556397319158e+35
4.18826532364625e+27	1.01801658934867e+35
4.22902678982275e+27	1.01024074837668e+35
4.26998564808727e+27	1.00223810909978e+35
4.31114189843981e+27	9.94010447857237e+34
4.35249554088038e+27	9.85559660168105e+34
4.39404657540896e+27	9.76887762406983e+34
4.43579500202557e+27	9.67996893490936e+34
4.47774082073020e+27	9.58889316577700e+34
4.51988403152285e+27	9.49567420775267e+34
4.56222463440352e+27	9.40033722862971e+34
4.60476262937222e+27	9.30290869024195e+34
4.64749801642893e+27	9.20341636590801e+34
4.69043079557367e+27	9.10188935799431e+34
4.73356096680643e+27	8.99835811559797e+34
4.77688853012721e+27	8.89285445235078e+34
4.82041348553602e+27	8.78541156434589e+34
4.86413583303284e+27	8.67606404818836e+34
4.90805557261769e+27	8.56484791917119e+34
4.95217270429056e+27	8.45180062957823e+34
4.99648722805145e+27	8.33696108711559e+34
5.04099914390037e+27	8.22036967347307e+34
5.08570845183730e+27	8.10206826301735e+34
5.13061515186226e+27	7.98210024161858e+34
5.17571924397524e+27	7.86051052561209e+34
5.22102072817624e+27	7.73734558089717e+34
5.26651960446526e+27	7.61265344217465e+34
5.31221587284230e+27	7.48648373232538e+34
5.35810953330737e+27	7.35888768193136e+34
5.40420058586046e+27	7.22991814894191e+34
5.45048903050157e+27	7.09962963848684e+34
5.49697486723070e+27	6.96807832283872e+34
5.54365809604785e+27	6.83532206152687e+34
5.59053871695303e+27	6.70142042160508e+34
5.63761672994623e+27	6.56643469807583e+34
5.68489213502744e+27	6.43042793447322e+34
5.73236493219668e+27	6.29346494360754e+34
5.78003512145395e+27	6.15561232847395e+34
5.82790270279923e+27	6.01693850332818e+34
5.87596767623254e+27	5.87751371493226e+34
5.92423004175386e+27	5.73741006397300e+34
5.97268979936321e+27	5.59670152665666e+34
6.02134694906059e+27	5.45546397648274e+34
6.07020149084598e+27	5.31377520620052e+34
6.11925342471939e+27	5.17171494995151e+34
6.16850275068083e+27	5.02936490560161e+34
6.21794946873029e+27	4.88680875726662e+34
6.26759357886777e+27	4.74413219803490e+34
6.31743508109327e+27	4.60142295289124e+34
6.36747397540679e+27	4.45877080184605e+34
6.41771026180834e+27	4.31626760327407e+34
6.46814394029791e+27	4.17400731746723e+34
6.51877501087550e+27	4.03208603040604e+34
6.56960347354111e+27	3.89060197775448e+34
6.62062932829474e+27	3.74965556908325e+34
6.67185257513639e+27	3.60934941232649e+34
6.72327321406607e+27	3.46978833847745e+34
6.77489124508377e+27	3.33107942652849e+34
6.82670666818949e+27	3.19333202866130e+34
6.87871948338323e+27	3.05665779569322e+34
6.93092969066499e+27	2.92117070278589e+34
6.98333729003478e+27	2.78698707542274e+34
7.03594228149259e+27	2.65422561566185e+34
7.08874466503842e+27	2.52300742867143e+34
7.14174444067227e+27	2.39345604955475e+34
7.19494160839414e+27	2.26569747047248e+34
7.24833616820403e+27	2.13986016806986e+34
7.30192812010195e+27	2.01607513121712e+34
7.35571746408789e+27	1.89447588907146e+34
7.40970420016185e+27	1.77519853946935e+34
7.46388832832383e+27	1.65838177765848e+34
7.51826984857383e+27	1.54416692537868e+34
7.57284876091186e+27	1.43269796030187e+34
7.62762506533790e+27	1.32412154584126e+34
7.68259876185197e+27	1.21858706134064e+34
7.73776985045406e+27	1.11624663265487e+34
7.79313833114417e+27	1.01725516313332e+34
7.84870420392231e+27	9.21770365018315e+33
7.90446746878846e+27	8.29952791271319e+33
7.96042812574264e+27	7.41965867840084e+33
8.01658617478484e+27	6.57975926380433e+33
8.07294161591506e+27	5.78152237447129e+33
8.12949444913330e+27	5.02667044168745e+33
8.18624467443957e+27	4.31695596422223e+33
8.24319229183386e+27	3.65416185523360e+33
8.30033730131616e+27	3.04010179450283e+33
8.35767970288650e+27	2.47662058617705e+33
8.41521949654485e+27	1.96559452220449e+33
8.47295668229122e+27	1.50893175165726e+33
8.53089126012562e+27	1.10857265614340e+33
8.58902323004803e+27	7.66490231520321e+32
8.64735259205847e+27	4.84690476130901e+32
8.70587934615693e+27	2.65212785793468e+32
8.76460349234342e+27	1.10130355787794e+32
8.82352503061792e+27	2.15505900901639e+31
8.88264396098045e+27	1.61551812248362e+30
8.94196028343099e+27	5.25022192925844e+31
9.00147399796956e+27	1.76423255616053e+32
9.06118510459616e+27	3.75627112723506e+32
9.12109360331077e+27	6.52398649571699e+32
9.18119949411341e+27	1.00905955719199e+33
9.24150277700406e+27	1.44796882682597e+33
9.30200345198274e+27	1.97152322781461e+33
9.36270151904944e+27	2.58215779562513e+33
9.42359697820416e+27	3.28234633041929e+33
9.48468982944691e+27	4.07460190658545e+33
9.54598007277767e+27	4.96147739367850e+33
9.60746770819646e+27	5.94556598923448e+33
9.66915273570327e+27	7.02950176394796e+33
9.73103515529810e+27	8.21596021972757e+33
9.79311496698096e+27	9.50765886116951e+33
9.85539217075183e+27	1.09073577810168e+34
9.91786676661073e+27	1.24178602602012e+34
9.98053875455765e+27	1.40420133830967e+34
1.00434081345926e+28	1.57827086686443e+34
1.01064749067155e+28	1.76428827180441e+34
1.01697390709265e+28	1.96255178797470e+34
1.02332006272255e+28	2.17336429325151e+34
1.02968595756126e+28	2.39703337873677e+34
1.03607159160876e+28	2.63387142092627e+34
1.04247696486507e+28	2.88419565594217e+34
1.04890207733018e+28	3.14832825592465e+34
1.05534692900409e+28	3.42659640768334e+34
1.06181151988680e+28	3.71933239371434e+34
1.06829584997832e+28	4.02687367569491e+34
1.07479991927864e+28	4.34956298057372e+34
1.08132372778776e+28	4.68774838938171e+34
1.08786727550568e+28	5.04178342889541e+34
1.09443056243240e+28	5.41202716629224e+34
1.10101358856793e+28	5.79884430694529e+34
1.10761635391226e+28	6.20260529551392e+34
1.11423885846539e+28	6.62368642049517e+34
1.12088110222732e+28	7.06246992241139e+34
1.12754308519806e+28	7.51934410581922e+34
1.13422480737760e+28	7.99470345533684e+34
1.14092626876594e+28	8.48894875589749e+34
1.14764746936308e+28	9.00248721745092e+34
1.15438840916902e+28	9.53573260434696e+34
1.16114908818377e+28	1.00891053696508e+35
1.16792950640732e+28	1.06630327946540e+35
1.17472966383967e+28	1.12579491338639e+35
1.18154956048082e+28	1.18742957657683e+35
1.18838919633078e+28	1.25125213496958e+35
1.19524857138953e+28	1.31730819891092e+35
1.20212768565709e+28	1.38564414016920e+35
1.20902653913345e+28	1.45630710966135e+35
1.21594513181862e+28	1.52934505593804e+35
1.22288346371258e+28	1.60480674447121e+35
1.22984153481535e+28	1.68274177779053e+35
1.23681934512692e+28	1.76320061651848e+35
1.24381689464730e+28	1.84623460135715e+35
1.25083418337647e+28	1.93189597608357e+35
1.25787121131445e+28	2.02023791161405e+35
1.26492797846123e+28	2.11131453120274e+35
1.27200448481681e+28	2.20518093684352e+35
1.27910073038119e+28	2.30189323695001e+35
1.28621671515438e+28	2.40150857539312e+35
1.29335243913636e+28	2.50408516198199e+35
1.30050790232715e+28	2.60968230447974e+35
1.30768310472675e+28	2.71836044225294e+35
1.31487804633514e+28	2.83018118166038e+35
1.32209272715234e+28	2.94520733329509e+35
1.32932714717834e+28	3.06350295120203e+35
1.33658130641314e+28	3.18513337420325e+35
1.34385520485674e+28	3.31016526947261e+35
1.35114884250914e+28	3.43866667851289e+35
1.35846221937035e+28	3.57070706570080e+35
1.36579533544036e+28	3.70635736957776e+35
1.37314819071917e+28	3.84569005707943e+35
1.38052078520679e+28	3.98877918091185e+35
1.38791311890320e+28	4.13570044029983e+35
1.39532519180842e+28	4.28653124535136e+35
1.40275700392244e+28	4.44135078530256e+35
1.41020855524526e+28	4.60024010092981e+35
1.41767984577689e+28	4.76328216144052e+35
1.42517087551732e+28	4.93056194618065e+35
1.43268164446655e+28	5.10216653152670e+35
1.44021215262458e+28	5.27818518336256e+35
1.44776239999141e+28	5.45870945557694e+35
1.45533238656705e+28	5.64383329505716e+35
1.46292211235148e+28	5.83365315369759e+35
1.47053157734472e+28	6.02826810799009e+35
1.47816078154677e+28	6.22777998681563e+35
1.48580972495761e+28	6.43229350811586e+35
1.49347840757726e+28	6.64191642518777e+35
1.50116682940571e+28	6.85675968341681e+35
1.50887499044296e+28	7.07693758834378e+35
1.51660289068901e+28	7.30256798604975e+35
1.52435053014387e+28	7.53377245694199e+35
1.53211790880752e+28	7.77067652413465e+35
1.53990502667998e+28	8.01340987774033e+35
1.54771188376124e+28	8.26210661652707e+35
1.55553848005131e+28	8.51690550854820e+35
1.56338481555017e+28	8.77795027252616e+35
1.57125089025784e+28	9.04538988196393e+35
1.57913670417431e+28	9.31937889417581e+35
1.58704225729959e+28	9.60007780667463e+35
1.59496754963366e+28	9.88765344362759e+35
1.60291258117654e+28	1.01822793754062e+36
1.61087735192822e+28	1.04841363746074e+36
1.61886186188870e+28	1.07934129123240e+36
1.62686611105798e+28	1.11103056988947e+36
1.63489009943607e+28	1.14350202738832e+36
1.64293382702296e+28	1.17677716506193e+36
1.65099729381865e+28	1.21087850213124e+36
1.65908049982314e+28	1.24582965295091e+36
1.66718344503643e+28	1.28165541175523e+36
1.67530612945853e+28	1.31838184577063e+36
1.68344855308943e+28	1.35603639767784e+36
1.69161071592913e+28	1.39464799854076e+36
1.69979261797763e+28	1.43424719247460e+36
1.70799425923494e+28	1.47486627450530e+36
1.71621563970105e+28	1.51653944328184e+36
1.72445675937596e+28	1.55930297054598e+36
1.73271761825967e+28	1.60319538954874e+36
1.74099821635218e+28	1.64825770493577e+36
1.74929855365350e+28	1.69453362701507e+36
1.75761863016362e+28	1.74206983378117e+36
1.76595844588254e+28	1.79091626461439e+36
1.77431800081026e+28	1.84112645021900e+36
1.78269729494679e+28	1.89275788413145e+36
1.79109632829211e+28	1.94587244204549e+36
1.79951510084624e+28	2.00053685629734e+36
1.80795361260917e+28	2.05682325417188e+36
1.81641186358091e+28	2.11480977028087e+36
1.82488985376144e+28	2.17458124519031e+36
1.83338758315078e+28	2.23623002481718e+36
1.84190505174892e+28	2.29985687797903e+36
1.85044225955586e+28	2.36557205299418e+36
1.85899920657161e+28	2.43349649856492e+36
1.86757589279616e+28	2.50376327954974e+36
1.87617231822951e+28	2.57651922492716e+36
1.88478848287166e+28	2.65192685364566e+36
1.89342438672261e+28	2.73016663463306e+36
1.90208002978237e+28	2.81143965065561e+36
1.91075541205092e+28	2.89597075284641e+36
1.91945053352828e+28	2.98401231474154e+36
1.92816539421445e+28	3.07584872317366e+36
1.93689999410941e+28	3.17180178057873e+36
1.94565433321318e+28	3.27223724222279e+36
1.95442841152574e+28	3.37757277682810e+36
1.96322222904712e+28	3.48828772612222e+36
1.97203578577729e+28	3.60493515662162e+36
1.98086908171626e+28	3.72815685806444e+36
1.98972211686404e+28	3.85870216580881e+36
1.99859489122062e+28	3.99745179676706e+36
2.00748740478600e+28	4.14544833178253e+36
2.01639965756018e+28	4.30393561602975e+36
2.02533164954317e+28	4.47441028341677e+36
2.03428338073496e+28	4.65869000576006e+36
2.04325485113555e+28	4.85900517119035e+36
2.05224606074494e+28	5.07812398860048e+36
2.06125700956313e+28	5.31952618886707e+36
2.07028769759013e+28	5.58764896828413e+36
2.07933812482593e+28	5.88824298987775e+36
2.08840829127053e+28	6.22890082256596e+36
2.09749819692393e+28	6.61986437980996e+36
2.10660784178614e+28	7.07530091247510e+36
2.11573722585715e+28	7.61540108583672e+36
2.12488634913695e+28	8.26999658204468e+36
2.13405521162557e+28	9.08516964011436e+36
2.14324381332298e+28	1.01362341034607e+37
2.15245215422920e+28	1.15557126617325e+37
2.16168023434421e+28	1.36016198028855e+37
2.17092805366804e+28	1.68562664393237e+37
2.18019561220066e+28	2.29881870377805e+37
2.18948290994208e+28	3.96529745152780e+37
2.19878994689231e+28	3.83902993862566e+38
2.20811672305134e+28	-3.30719257950095e+37
2.21746323841917e+28	-9.11956997721985e+36
2.22682949299580e+28	2.72993132440505e+36
2.23621548678124e+28	2.28089452304727e+37
2.24562121977548e+28	2.12304103995709e+38
2.25504669197852e+28	1.67250591175183e+38
2.26449190339036e+28	1.22491918890862e+37
2.27395685401100e+28	2.26073750133034e+36
2.28344154384045e+28	3.55603834921910e+35
2.29294597287870e+28	3.93418793276154e+33
2.30247014112575e+28	8.75663502551967e+34
2.31201404858160e+28	3.10932087309070e+35
2.32157769524626e+28	5.76960541935449e+35
2.33116108111972e+28	8.49991467033922e+35
2.34076420620198e+28	1.11646933359983e+36
2.35038707049304e+28	1.37157889133984e+36
2.36002967399290e+28	1.61414219298505e+36
2.36969201670157e+28	1.84450774534238e+36
2.37937409861904e+28	2.06363013991188e+36
2.38907591974531e+28	2.27265741374091e+36
2.39879748008038e+28	2.47274613804661e+36
2.40853877962425e+28	2.66498214902050e+36
2.41829981837693e+28	2.85035112065075e+36
2.42808059633841e+28	3.02973256765602e+36
2.43788111350869e+28	3.20390448018575e+36
2.44770136988778e+28	3.37355231961918e+36
2.45754136547566e+28	3.53927931705637e+36
2.46740110027235e+28	3.70161662449724e+36
2.47728057427784e+28	3.86103268029366e+36
2.48717978749213e+28	4.01794155811998e+36
2.49709873991523e+28	4.17271026883865e+36
2.50703743154712e+28	4.32566507753181e+36
2.51699586238782e+28	4.47709693568339e+36
2.52697403243732e+28	4.62726613833988e+36
2.53697194169563e+28	4.77640631244517e+36
2.54698959016273e+28	4.92472783299224e+36
2.55702697783864e+28	5.07242075207161e+36
2.56708410472335e+28	5.21965731427407e+36
2.57716097081686e+28	5.36659412113268e+36
2.58725757611917e+28	5.51337399772152e+36
2.59737392063029e+28	5.66012760624247e+36
2.60751000435021e+28	5.80697484436016e+36
2.61766582727893e+28	5.95402606007000e+36
2.62784138941645e+28	6.10138310986153e+36
2.63803669076278e+28	6.24914028273223e+36
2.64825173131791e+28	6.39738510908855e+36
2.65848651108183e+28	6.54619907062934e+36
2.66874103005457e+28	6.69565822484756e+36
2.67901528823610e+28	6.84583375572663e+36
2.68930928562644e+28	6.99679246048263e+36
2.69962302222557e+28	7.14859718075415e+36
2.70995649803351e+28	7.30130718542269e+36
2.72030971305026e+28	7.45497851121938e+36
2.73068266727580e+28	7.60966426640518e+36
2.74107536071015e+28	7.76541490207751e+36
2.75148779335330e+28	7.92227845503221e+36
2.76191996520525e+28	8.08030076557951e+36
2.77237187626600e+28	8.23952567326045e+36
2.78284352653556e+28	8.39999519302413e+36
2.79333491601391e+28	8.56174967409492e+36
2.80384604470107e+28	8.72482794347517e+36
2.81437691259704e+28	8.88926743578461e+36
2.82492751970180e+28	9.05510431092690e+36
2.83549786601537e+28	9.22237356089216e+36
2.84608795153773e+28	9.39110910684663e+36
2.85669777626891e+28	9.56134388752411e+36
2.86732734020888e+28	9.73310993981494e+36
2.87797664335765e+28	9.90643847234516e+36
2.88864568571523e+28	1.00813599327477e+37
2.89933446728161e+28	1.02579040692493e+37
2.91004298805679e+28	1.04360999871264e+37
2.92077124804078e+28	1.06159762005252e+37
2.93151924723356e+28	1.07975606800837e+37
2.94228698563515e+28	1.09808808967513e+37
2.95307446324554e+28	1.11659638621560e+37
2.96388168006473e+28	1.13528361658351e+37
2.97470863609273e+28	1.15415240096127e+37
2.98555533132952e+28	1.17320532393774e+37
2.99642176577512e+28	1.19244493744890e+37
3.00730793942952e+28	1.21187376350206e+37
3.01821385229273e+28	1.23149429670220e+37
3.02913950436473e+28	1.25130900659717e+37
3.04008489564554e+28	1.27132033985700e+37
3.05105002613515e+28	1.29153072230104e+37
3.06203489583356e+28	1.31194256078543e+37
3.07303950474078e+28	1.33255824496215e+37
3.08406385285679e+28	1.35338014892000e+37
3.09510794018161e+28	1.37441063271686e+37
3.10617176671523e+28	1.39565204381168e+37
3.11725533245766e+28	1.41710671840408e+37
3.12835863740888e+28	1.43877698268850e+37
3.13948168156891e+28	1.46066515402958e+37
3.15062446493774e+28	1.48277354206441e+37
3.16178698751537e+28	1.50510444973742e+37
3.17296924930180e+28	1.52766017427249e+37
3.18417125029704e+28	1.55044300808720e+37
3.19539299050108e+28	1.57345523965312e+37
3.20663446991392e+28	1.59669915430613e+37
3.21789568853556e+28	1.62017703501024e+37
3.22917664636600e+28	1.64389116307826e+37
3.24047734340525e+28	1.66784381885209e+37
3.25179777965330e+28	1.69203728234567e+37
3.26313795511015e+28	1.71647383385293e+37
3.27449786977581e+28	1.74115575452318e+37
3.28587752365026e+28	1.76608532690608e+37
3.29727691673352e+28	1.79126483546823e+37
3.30869604902558e+28	1.81669656708320e+37
3.32013492052644e+28	1.84238281149677e+37
3.33159353123611e+28	1.86832586176890e+37
3.34307188115457e+28	1.89452801469404e+37
3.35456997028184e+28	1.92099157120096e+37
3.36608779861791e+28	1.94771883673359e+37
3.37762536616278e+28	1.97471212161388e+37
3.38918267291646e+28	2.00197374138792e+37
3.40075971887894e+28	2.02950601715620e+37
3.41235650405022e+28	2.05731127588913e+37
3.42397302843030e+28	2.08539185072857e+37
3.43560929201918e+28	2.11375008127628e+37
3.44726529481687e+28	2.14238831387004e+37
3.45894103682336e+28	2.17130890184816e+37
3.47063651803865e+28	2.20051420580303e+37
3.48235173846274e+28	2.23000659382444e+37
3.49408669809563e+28	2.25978844173313e+37
3.50584139693733e+28	2.28986213330520e+37
3.51761583498783e+28	2.32023006048785e+37
3.52941001224713e+28	2.35089462360704e+37
3.54122392871524e+28	2.38185823156734e+37
3.55305758439214e+28	2.41312330204461e+37
3.56491097927785e+28	2.44469226167166e+37
3.57678411337236e+28	2.47656754621756e+37
3.58867698667567e+28	2.50875160076071e+37
3.60058959918779e+28	2.54124687985602e+37
3.61252195090870e+28	2.57405584769676e+37
3.62447404183842e+28	2.60718097827099e+37
3.63644587197694e+28	2.64062475551315e+37
3.64843744132427e+28	2.67438967345095e+37
3.66044874988039e+28	2.70847823634779e+37
3.67247979764532e+28	2.74289295884096e+37
3.68453058461905e+28	2.77763636607586e+37
3.69660111080158e+28	2.81271099383642e+37
3.70869137619291e+28	2.84811938867186e+37
3.72080138079305e+28	2.88386410802015e+37
3.73293112460199e+28	2.91994772032804e+37
3.74508060761973e+28	2.95637280516815e+37
3.75724982984627e+28	2.99314195335308e+37
3.76943879128162e+28	3.03025776704666e+37
3.78164749192576e+28	3.06772285987261e+37
3.79387593177871e+28	3.10553985702067e+37
3.80612411084046e+28	3.14371139535028e+37
3.81839202911102e+28	3.18224012349203e+37
3.83067968659037e+28	3.22112870194683e+37
3.84298708327853e+28	3.26037980318313e+37
3.85531421917549e+28	3.29999611173204e+37
3.86766109428125e+28	3.33998032428067e+37
3.88002770859582e+28	3.38033514976358e+37
3.89241406211918e+28	3.42106330945256e+37
3.90482015485135e+28	3.46216753704481e+37
3.91724598679232e+28	3.50365057874949e+37
3.92969155794210e+28	3.54551519337280e+37
3.94215686830067e+28	3.58776415240171e+37
3.95464191786805e+28	3.63040024008625e+37
3.96714670664423e+28	3.67342625352056e+37
3.97967123462921e+28	3.71684500272267e+37
3.99221550182300e+28	3.76065931071315e+37
4.00477950822558e+28	3.80487201359256e+37
4.01736325383697e+28	3.84948596061794e+37
4.02996673865716e+28	3.89450401427814e+37
4.04258996268615e+28	3.93992905036828e+37
4.05523292592395e+28	3.98576395806323e+37
4.06789562837055e+28	4.03201163999015e+37
4.08057807002595e+28	4.07867501230028e+37
4.09328025089015e+28	4.12575700473981e+37
4.10600217096315e+28	4.17326056072003e+37
4.11874383024496e+28	4.22118863738667e+37
4.13150522873556e+28	4.26954420568866e+37
4.14428636643498e+28	4.31833025044600e+37
4.15708724334319e+28	4.36754977041719e+37
4.16990785946020e+28	4.41720577836585e+37
4.18274821478602e+28	4.46730130112691e+37
4.19560830932064e+28	4.51783937967210e+37
4.20848814306406e+28	4.56882306917493e+37
4.22138771601628e+28	4.62025543907520e+37
4.23430702817731e+28	4.67213957314293e+37
4.24724607954714e+28	4.72447856954186e+37
4.26020487012577e+28	4.77727554089252e+37
4.27318339991320e+28	4.83053361433474e+37
4.28618166890943e+28	4.88425593158993e+37
4.29919967711447e+28	4.93844564902275e+37
4.31223742452831e+28	4.99310593770260e+37
4.32529491115095e+28	5.04823998346458e+37
4.33837213698239e+28	5.10385098697020e+37
4.35146910202264e+28	5.15994216376771e+37
4.36458580627168e+28	5.21651674435215e+37
4.37772224972953e+28	5.27357797422502e+37
4.39087843239618e+28	5.33112911395375e+37
4.40405435427164e+28	5.38917343923084e+37
4.41725001535589e+28	5.44771424093271e+37
4.43046541564895e+28	5.50675482517837e+37
4.44370055515081e+28	5.56629851338779e+37
4.45695543386147e+28	5.62634864234001e+37
4.47023005178094e+28	5.68690856423115e+37
4.48352440890921e+28	5.74798164673206e+37
4.49683850524627e+28	5.80957127304588e+37
4.51017234079215e+28	5.87168084196534e+37
4.52352591554682e+28	5.93431376792991e+37
4.53689922951029e+28	5.99747348108278e+37
4.55029228268257e+28	6.06116342732767e+37
4.56370507506365e+28	6.12538706838543e+37
4.57713760665353e+28	6.19014788185059e+37
4.59058987745222e+28	6.25544936124768e+37
4.60406188745970e+28	6.32129501608745e+37
4.61755363667599e+28	6.38768837192297e+37
4.63106512510108e+28	6.45463297040559e+37
4.64459635273498e+28	6.52213236934078e+37
4.65814731957767e+28	6.59019014274387e+37
4.67171802562917e+28	6.65880988089572e+37
4.68530847088947e+28	6.72799519039822e+37
4.69891865535857e+28	6.79774969422973e+37
4.71254857903647e+28	6.86807703180047e+37
4.72619824192318e+28	6.93898085900780e+37
4.73986764401869e+28	7.01046484829137e+37
4.75355678532300e+28	7.08253268868829e+37
4.76726566583611e+28	7.15518808588818e+37
4.78099428555803e+28	7.22843476228815e+37
4.79474264448874e+28	7.30227645704776e+37
4.80851074262826e+28	7.37671692614384e+37
4.82229857997658e+28	7.45175994242540e+37
4.83610615653371e+28	7.52740929566836e+37
4.84993347229963e+28	7.60366879263028e+37
4.86378052727436e+28	7.68054225710510e+37
4.87764732145789e+28	7.75803352997775e+37
4.89153385485022e+28	7.83614646927878e+37
4.90544012745136e+28	7.91488495023900e+37
4.91936613926129e+28	7.99425286534398e+37
4.93331189028003e+28	8.07425412438868e+37
4.94727738050757e+28	8.15489265453186e+37
4.96126260994392e+28	8.23617240035066e+37
4.97526757858906e+28	8.31809732389508e+37
4.98929228644301e+28	8.40067140474242e+37
5.00333673350576e+28	8.48389864005177e+37
5.01740091977731e+28	8.56778304461841e+37
5.03148484525766e+28	8.65232865092835e+37
5.04558850994682e+28	8.73753950921267e+37
5.05971191384478e+28	8.82341968750204e+37
5.07385505695154e+28	8.90997327168109e+37
5.08801793926710e+28	8.99720436554293e+37
5.10220056079147e+28	9.08511709084351e+37
5.11640292152463e+28	9.17371558735615e+37
5.13062502146660e+28	9.26300401292594e+37
5.14486686061737e+28	9.35298654352426e+37
5.15912843897695e+28	9.44366737330322e+37
5.17340975654532e+28	9.53505071465020e+37
5.18771081332250e+28	9.62714079824230e+37
5.20203160930848e+28	9.71994187310093e+37
5.21637214450326e+28	9.81345820664632e+37
5.23073241890685e+28	9.90769408475208e+37
5.24511243251923e+28	1.00026538117998e+38
5.25951218534042e+28	1.00983417107337e+38
5.27393167737041e+28	1.01947621231151e+38
5.28837090860921e+28	1.02919194091773e+38
5.30282987905680e+28	1.03898179478800e+38
5.31730858871320e+28	1.04884621369645e+38
5.33180703757840e+28	1.05878563930076e+38
5.34632522565240e+28	1.06880051514773e+38
5.36086315293520e+28	1.07889128667870e+38
5.37542081942681e+28	1.08905840123505e+38
5.38999822512722e+28	1.09930230806368e+38
5.40459537003643e+28	1.10962345832251e+38
5.41921225415444e+28	1.12002230508599e+38
5.43384887748126e+28	1.13049930335054e+38
5.44850524001687e+28	1.14105491004010e+38
5.46318134176129e+28	1.15168958401165e+38
5.47787718271451e+28	1.16240378606064e+38
5.49259276287654e+28	1.17319797892660e+38
5.50732808224736e+28	1.18407262729857e+38
5.52208314082699e+28	1.19502819782068e+38
5.53685793861542e+28	1.20606515909764e+38
5.55165247561265e+28	1.21718398170031e+38
5.56646675181869e+28	1.22838513817116e+38
5.58130076723353e+28	1.23966910302990e+38
5.59615452185716e+28	1.25103635277894e+38
5.61102801568961e+28	1.26248736590900e+38
5.62592124873085e+28	1.27402262290460e+38
5.64083422098089e+28	1.28564260624968e+38
5.65576693243974e+28	1.29734780043312e+38
5.67071938310739e+28	1.30913869195431e+38
5.68569157298384e+28	1.32101576932873e+38
5.70068350206910e+28	1.33297952309353e+38
5.71569517036315e+28	1.34503044581310e+38
5.73072657786601e+28	1.35716903208464e+38
5.74577772457767e+28	1.36939577854380e+38
5.76084861049814e+28	1.38171118387021e+38
5.77593923562740e+28	1.39411574879314e+38
5.79104959996547e+28	1.40660997609707e+38
5.80617970351234e+28	1.41919437062731e+38
5.82132954626801e+28	1.43186943929563e+38
5.83649912823248e+28	1.44463569108587e+38
5.85168844940576e+28	1.45749363705956e+38
5.86689750978784e+28	1.47044379036156e+38
5.88212630937872e+28	1.48348666622572e+38
5.89737484817840e+28	1.49662278198049e+38
5.91264312618688e+28	1.50985265705457e+38
5.92793114340417e+28	1.52317681298263e+38
5.94323889983026e+28	1.53659577341085e+38
5.95856639546515e+28	1.55011006410272e+38
5.97391363030884e+28	1.56372021294461e+38
5.98928060436134e+28	1.57742674995150e+38
6.00466731762264e+28	1.59123020727266e+38
6.02007377009274e+28	1.60513111919733e+38
6.03549996177164e+28	1.61913002216039e+38
6.05094589265934e+28	1.63322745474813e+38
6.06641156275585e+28	1.64742395770388e+38
6.08189697206116e+28	1.66172007393378e+38
6.09740212057527e+28	1.67611634851248e+38
6.11292700829818e+28	1.69061332868885e+38
6.12847163522990e+28	1.70521156389172e+38
6.14403600137041e+28	1.71991160573566e+38
6.15962010671973e+28	1.73471400802664e+38
6.17522395127785e+28	1.74961932676785e+38
6.19084753504478e+28	1.76462812016543e+38
6.20649085802050e+28	1.77974094863424e+38
6.22215392020503e+28	1.79495837480360e+38
6.23783672159836e+28	1.81028096352310e+38
6.25353926220049e+28	1.82570928186838e+38
6.26926154201143e+28	1.84124389914687e+38
6.28500356103117e+28	1.85688538690365e+38
6.30076531925970e+28	1.87263431892719e+38
6.31654681669705e+28	1.88849127125519e+38
6.33234805334319e+28	1.90445682218040e+38
6.34816902919814e+28	1.92053155225638e+38
6.36400974426188e+28	1.93671604430342e+38
6.37987019853443e+28	1.95301088341427e+38
6.39575039201578e+28	1.96941665696005e+38
6.41165032470594e+28	1.98593395459606e+38
6.42756999660490e+28	2.00256336826765e+38
6.44350940771265e+28	2.01930549221604e+38
6.45946855802921e+28	2.03616092298423e+38
6.47544744755458e+28	2.05313025942285e+38
6.49144607628874e+28	2.07021410269603e+38
6.50746444423171e+28	2.08741305628727e+38
6.52350255138348e+28	2.10472772600537e+38
6.53956039774405e+28	2.12215871999029e+38
6.55563798331343e+28	2.13970664871907e+38
6.57173530809160e+28	2.15737212501173e+38
6.58785237207858e+28	2.17515576403720e+38
6.60398917527436e+28	2.19305818331921e+38
6.62014571767894e+28	2.21108000274224e+38
6.63632199929233e+28	2.22922184455749e+38
6.65251802011451e+28	2.24748433338874e+38
6.66873378014550e+28	2.26586809623839e+38
6.68496927938529e+28	2.28437376249332e+38
6.70122451783389e+28	2.30300196393095e+38
6.71749949549128e+28	2.32175333472514e+38
6.73379421235748e+28	2.34062851145218e+38
6.75010866843248e+28	2.35962813309679e+38
6.76644286371628e+28	2.37875284105809e+38
6.78279679820889e+28	2.39800327915560e+38
6.79917047191029e+28	2.41738009363526e+38
6.81556388482050e+28	2.43688393317540e+38
6.83197703693951e+28	2.45651544889279e+38
6.84840992826733e+28	2.47627529434866e+38
6.86486255880394e+28	2.49616412555470e+38
6.88133492854936e+28	2.51618260097914e+38
6.89782703750358e+28	2.53633138155274e+38
6.91433888566660e+28	2.55661113067489e+38
6.93087047303842e+28	2.57702251421964e+38
6.94742179961905e+28	2.59756620054176e+38
6.96399286540848e+28	2.61824286048282e+38
6.98058367040671e+28	2.63905316737726e+38
6.99719421461374e+28	2.65999779705849e+38
7.01382449802958e+28	2.68107742786496e+38
7.03047452065421e+28	2.70229274064627e+38
7.04714428248765e+28	2.72364441876924e+38
7.06383378352989e+28	2.74513314812409e+38
7.08054302378094e+28	2.76675961713050e+38
7.09727200324078e+28	2.78852451674375e+38
7.11402072190943e+28	2.81042854046085e+38
7.13078917978688e+28	2.83247238432670e+38
7.14757737687313e+28	2.85465674694019e+38
7.16438531316819e+28	2.87698232946039e+38
7.18121298867204e+28	2.89944983561273e+38
7.19806040338470e+28	2.92205997169507e+38
7.21492755730616e+28	2.94481344658400e+38
7.23181445043643e+28	2.96771097174092e+38
7.24872108277549e+28	2.99075326121828e+38
7.26564745432336e+28	3.01394103166575e+38
7.28259356508003e+28	3.03727500233643e+38
7.29955941504550e+28	3.06075589509305e+38
7.31654500421978e+28	3.08438443441421e+38
7.33355033260285e+28	3.10816134740056e+38
7.35057540019473e+28	3.13208736378105e+38
7.36762020699541e+28	3.15616321591919e+38
7.38468475300489e+28	3.18038963881924e+38
7.40176903822318e+28	3.20476737013250e+38
7.41887306265026e+28	3.22929715016355e+38
7.43599682628615e+28	3.25397972187652e+38
7.45314032913084e+28	3.27881583090135e+38
7.47030357118434e+28	3.30380622554008e+38
7.48748655244663e+28	3.32895165677313e+38
7.50468927291773e+28	3.35425287826558e+38
7.52191173259763e+28	3.37971064637349e+38
7.53915393148633e+28	3.40532572015018e+38
7.55641586958384e+28	3.43109886135256e+38
7.57369754689015e+28	3.45703083444745e+38
7.59099896340526e+28	3.48312240661788e+38
7.60832011912917e+28	3.50937434776948e+38
7.62566101406188e+28	3.53578743053674e+38
7.64302164820339e+28	3.56236243028944e+38
7.66040202155371e+28	3.58910012513895e+38
7.67780213411283e+28	3.61600129594459e+38
7.69522198588075e+28	3.64306672632004e+38
7.71266157685748e+28	3.67029720263968e+38
7.73012090704300e+28	3.69769351404498e+38
7.74759997643733e+28	3.72525645245090e+38
7.76509878504046e+28	3.75298681255228e+38
7.78261733285240e+28	3.78088539183022e+38
7.80015561987313e+28	3.80895299055855e+38
7.81771364610267e+28	3.83719041181018e+38
7.83529141154101e+28	3.86559846146357e+38
7.85288891618815e+28	3.89417794820914e+38
7.87050616004409e+28	3.92292968355573e+38
7.88814314310884e+28	3.95185448183701e+38
7.90579986538239e+28	3.98095316021798e+38
7.92347632686474e+28	4.01022653870139e+38
7.94117252755589e+28	4.03967544013422e+38
7.95888846745585e+28	4.06930069021418e+38
7.97662414656461e+28	4.09910311749613e+38
7.99437956488217e+28	4.12908355339862e+38
8.01215472240853e+28	4.15924283221040e+38
8.02994961914370e+28	4.18958179109686e+38
8.04776425508766e+28	4.22010127010659e+38
8.06559863024043e+28	4.25080211217787e+38
8.08345274460200e+28	4.28168516314521e+38
8.10132659817238e+28	4.31275127174589e+38
8.11922019095155e+28	4.34400128962645e+38
8.13713352293953e+28	4.37543607134930e+38
8.15506659413631e+28	4.40705647439923e+38
8.17301940454189e+28	4.43886335918997e+38
8.19099195415628e+28	4.47085758907077e+38
8.20898424297947e+28	4.50304003033299e+38
8.22699627101145e+28	4.53541155221662e+38
8.24502803825225e+28	4.56797302691695e+38
8.26307954470184e+28	4.60072532959111e+38
8.28115079036024e+28	4.63366933836465e+38
8.29924177522743e+28	4.66680593433824e+38
8.31735249930343e+28	4.70013600159419e+38
8.33548296258823e+28	4.73366042720313e+38
8.35363316508184e+28	4.76738010123061e+38
8.37180310678425e+28	4.80129591674377e+38
8.38999278769545e+28	4.83540876981795e+38
8.40820220781547e+28	4.86971955954337e+38
8.42643136714428e+28	4.90422918803176e+38
8.44468026568189e+28	4.93893856042305e+38
8.46294890342831e+28	4.97384858489204e+38
8.48123728038353e+28	5.00896017265508e+38
8.49954539654755e+28	5.04427423797672e+38
8.51787325192038e+28	5.07979169817650e+38
8.53622084650200e+28	5.11551347363551e+38
8.55458818029243e+28	5.15144048780325e+38
8.57297525329166e+28	5.18757366720423e+38
8.59138206549969e+28	5.22391394144475e+38
8.60980861691653e+28	5.26046224321961e+38
8.62825490754217e+28	5.29721950831888e+38
8.64672093737661e+28	5.33418667563458e+38
8.66520670641985e+28	5.37136468716749e+38
8.68371221467189e+28	5.40875448803391e+38
8.70223746213274e+28	5.44635702647236e+38
8.72078244880238e+28	5.48417325385043e+38
8.73934717468083e+28	5.52220412467152e+38
8.75793163976809e+28	5.56045059658164e+38
8.77653584406414e+28	5.59891363037619e+38
8.79515978756900e+28	5.63759419000677e+38
8.81380347028266e+28	5.67649324258801e+38
8.83246689220512e+28	5.71561175840435e+38
8.85115005333638e+28	5.75495071091687e+38
8.86985295367645e+28	5.79451107677016e+38
8.88857559322531e+28	5.83429383579910e+38
8.90731797198298e+28	5.87429997103573e+38
8.92608008994946e+28	5.91453046871614e+38
8.94486194712473e+28	5.95498631828724e+38
8.96366354350881e+28	5.99566851241372e+38
8.98248487910169e+28	6.03657804698486e+38
9.00132595390336e+28	6.07771592112142e+38
9.02018676791385e+28	6.11908313718258e+38
9.03906732113313e+28	6.16068070077275e+38
9.05796761356122e+28	6.20250962074854e+38
9.07688764519811e+28	6.24457090922564e+38
9.09582741604380e+28	6.28686558158574e+38
9.11478692609829e+28	6.32939465648344e+38
9.13376617536159e+28	6.37215915585322e+38
9.15276516383369e+28	6.41516010491633e+38
9.17178389151459e+28	6.45839853218777e+38
9.19082235840429e+28	6.50187546948321e+38
9.20988056450280e+28	6.54559195192600e+38
9.22895850981010e+28	6.58954901795407e+38
9.24805619432621e+28	6.63374770932695e+38
9.26717361805112e+28	6.67818907113275e+38
9.28631078098484e+28	6.72287415179513e+38
9.30546768312735e+28	6.76780400308029e+38
9.32464432447867e+28	6.81297968010398e+38
9.34384070503879e+28	6.85840224133853e+38
9.36305682480771e+28	6.90407274861984e+38
9.38229268378544e+28	6.94999226715441e+38
9.40154828197196e+28	6.99616186552638e+38
9.42082361936729e+28	7.04258261570456e+38
9.44011869597142e+28	7.08925559304947e+38
9.45943351178436e+28	7.13618187632040e+38
9.47876806680609e+28	7.18336254768247e+38
9.49812236103663e+28	7.23079869271370e+38
9.51749639447597e+28	7.27849140041207e+38
9.53689016712411e+28	7.32644176320262e+38
9.55630367898105e+28	7.37465087694452e+38
9.57573693004680e+28	7.42311984093817e+38
9.59518992032135e+28	7.47184975793233e+38
9.61466264980470e+28	7.52084173413118e+38
9.63415511849685e+28	7.57009687920146e+38
9.65366732639781e+28	7.61961630627963e+38
9.67319927350756e+28	7.66940113197893e+38
9.69275095982612e+28	7.71945247639659e+38
9.71232238535348e+28	7.76977146312091e+38
9.73191355008965e+28	7.82035921923849e+38
9.75152445403461e+28	7.87121687534129e+38
9.77115509718838e+28	7.92234556553390e+38
9.79080547955095e+28	7.97374642744065e+38
9.81047560112232e+28	8.02542060221280e+38
9.83016546190250e+28	8.07736923453575e+38
9.84987506189147e+28	8.12959347263623e+38
9.86960440108925e+28	8.18209446828947e+38
9.88935347949583e+28	8.23487337682647e+38