0  127532646458.736
0  18060063824663.8
0  28404721065158.7
8762.01  241324932564.095
8762.01  260456696661.814
8762.01  18060063801096.1
8762.01  28405780142753.2
17524  363727553559.44
17524  414113333226.008
17524  18060063761814.1
17524  28407550405758.4
26286  480459818788.07
26286  561325567477.742
26286  18060063706814.8
26286  28410039631646.5
35048  596672533352.623
35048  707044997114.55
35048  18060063636092.6
35048  26640883670815.8
35048  28413258865008.7
43810  717752965377.804
43810  852168463422.103
43810  18060063549641.3
43810  26642840277794.8
43810  28417222578994.3
52572.1  835874481006.588
52572.1  992921120571.43
52572.1  18060063447453.1
52572.1  26648986380391.8
52572.1  26650682269398.5
52572.1  28421948890731.9
61334.1  953972990404.461
61334.1  1133186225801.02
61334.1  18060063329941.5
61334.1  26647439412183
61334.1  26652137412343.2
61334.1  28427459836846.4
70096.1  1073914009150.06
70096.1  1274965486228.56
70096.1  18060063196250.3
70096.1  26646078221235.6
70096.1  26654150667926.4
70096.1  28433781719190
78858.1  1191832550590.14
78858.1  1417463315983.67
78858.1  18060063046790.1
78858.1  26644894668110.7
78858.1  26657044215028.5
78858.1  28440945527408
87620.1  1310857744286.62
87620.1  1560339246556.2
87620.1  18060062881547.6
87620.1  26643872163408.9
87620.1  26661462444031.7
87620.1  28448987457872.7
96382.1  1429673471880.1
96382.1  1703421193792.82
96382.1  18060062700507.3
96382.1  26642991173619.6
96382.1  26668903915494.2
96382.1  28457196361780.5
105144  1547290104984.9
105144  1844604600256.6
105144  18060062503653
105144  26642232250514.6
105144  26683829164251.4
105144  28466169427577.2
113906  1666456217191.35
113906  1984662096608.91
113906  18060062290967
113906  26641577502830.8
113906  26702759435813.4
113906  28476046682322.2
122668  1784588069743.41
122668  2125496741535.7
122668  18060062062819.2
122668  26641011161518.6
122668  26709851650789.2
122668  28486879729315
131430  1902126851296.83
131430  2266820757390.32
131430  18060061818629.1
131430  26640519674032.8
131430  26719143939829.7
131430  28498727804911.6
140192  2020805164423.65
140192  2408457545029.7
140192  18060061558324.6
140192  26640091560063.7
140192  26731758026607.9
140192  28510565028372.6
148954  2138364642313.47
148954  2550291945766.57
148954  18060061281679.2
148954  26639717174766
148954  26749747600916.2
148954  28523301322378.1
157716  2255845328622.07
157716  2689368515499
157716  18060060989512.4
157716  26639388446900
157716  26760118332576.3
157716  28537126295432.6
166478  2373736919859.92
166478  2828969813537.22
166478  18060060681375.2
166478  26639098636217
166478  26772814056885.2
166478  28551927700140.9
175240  2490739151354.61
175240  2969012906918.66
175240  18060060357019.4
175240  26638842109133.6
175240  26788933788769.1
175240  28566670520273.1
184002  2607844793048.23
184002  3109358285954.81
184002  18060060016854.4
184002  26638614151443.6
184002  26805600581690
184002  28582605832463.3
192764  2725030447673.9
192764  3249877655164.82
192764  18060059660848.5
192764  26638410807108.2
192764  26820139875015.6
192764  28599834541671.6
201526  2841452588246.88
201526  3387886574734.16
201526  18060059288529.6
201526  26638228749914.5
201526  26837797847284.6
201526  28616771833319.5
210288  2957948736219.07
210288  3526401395274.9
210288  18060058900692.3
210288  26638065172593.4
210288  26856360609429.8
210288  28635026830775.4
219050  3074441493620.32
219050  3665278255184.81
219050  18060058495861.2
219050  26637917695822.6
219050  26873578523484
219050  28654314050409.1
227812  3190242795277.56
227812  3804411521618.36
227812  18060058074625.2
227812  26637784300575.3
227812  26893994997315.8
227812  28673666911711.1
236574  3305929278229.04
236574  3942168455116.7
236574  18060057637570.8
236574  26637663262311.3
236574  26913357619746.3
236574  28694539510770.5
245336  3421709873668.74
245336  4079267945698.28
245336  18060057184453.3
245336  26637553106059.5
245336  26933933425526.7
245336  28715553974719.6
254098  3536840007900.96
254098  4216752787744.2
254098  18060056714791.2
254098  26637452565134.7
254098  26956187566349.2
254098  28737685245233.9
262860  3651528380592.67
262860  4354519916530.68
262860  18060056228540.2
262860  26637360546569.1
262860  26977659627921.7
262860  28760562061473.7
271622  3766560221816.49
271622  4490873007418.12
271622  18060055726702.4
271622  26637276106441.9
271622  27001846151147.2
271622  28784066172750.4
280384  3880963157769.85
280384  4626687884483.75
280384  18060055207589
280384  26637198424198.7
280384  27024652856415.9
280384  28808627629996.3
289146  3994819710619.17
289146  4762884900708.09
289146  18060054671946.6
289146  26637126786829.9
289146  27050357889021.9
289146  28833636728583.5
297908  4108699956784.17
297908  4899242063449.8
297908  18060054119959.9
297908  26637060570414
297908  27074804755014.2
297908  28859742068834.4
306670  4222315865323.15
306670  5033435986927.61
306670  18060053551356.4
306670  26636999229557.2
306670  27101847977234
306670  28886410087585.5
315432  4335378905773.19
315432  5168098707020.59
315432  18060052967332.3
315432  26636942283240.2
315432  27128170321114.8
315432  28913948097993.8
324194  4447938333376.92
324194  5303122997671.1
324194  18060052365109.4
324194  26636889310834.6
324194  27156485029167.4
324194  28942455859613.3
332956  4560581488426.19
332956  5436385029476.78
332956  18060051745896.6
332956  26636839937541.7
332956  27184875558056.8
332956  28971339573385.9
341718  4672783127525.32
341718  5569599534110.1
341718  18060051110259.8
341718  26636793833437.2
341718  27214453876472.8
341718  29001742679055
350480  4784462218826.74
350480  5703236403108.6
350480  18060050457713.7
350480  26636750704062.7
350480  27245076347441.5
350480  29032064614860.5
359242  4895649852195.67
359242  5835103126828.78
359242  18060049788804
359242  26636710288958.8
359242  27275940632455.7
359242  29063684337850.5
368004  5006687317608.9
368004  5966991371052.9
368004  18060049101604.1
368004  26636672354418.2
368004  27308245312055.8
368004  29096332449892.5
376766  5117414118942.5
376766  6099241193154.89
376766  18060048398158.6
376766  26636636691889.8
376766  27341123769370.1
376766  29129136253896.8
385528  5227624321010
385528  6229334191457.37
385528  18060047677316.4
385528  26636603113678.9
385528  27374749651333.6
385528  29163233179772.6
394290  5337338220878.33
394290  6360039975059.43
394290  18060046939005.9
394290  26636571452562.9
394290  27409566067113.7
394290  29198395824765.1
403052  5446570644205.84
403052  6489926855744.22
403052  18060046184419.9
403052  26636541556776.5
403052  27445172332679.1
403052  29233637122493.7
411814  5555567454381.44
411814  6618981341843.64
411814  18060045411184.3
411814  26636513290243.2
411814  27481412874161.5
411814  29270058909541.6
420576  5664199495507.83
420576  6748461045604.57
420576  18060044620673.9
420576  26636486529123.5
420576  27518746950189.2
420576  29307585427200.7
429338  5772319970108.05
429338  6875897959799.42
429338  18060043813044.7
429338  26636461162730.1
429338  27557081022177.3
429338  29345822896141.9
438100  5879938483491.36
438100  7004083202467.23
438100  18060042988366.9
438100  26636437088600.2
438100  27596234102511.2
438100  29384503949947.8
446862  5987061547994.2
446862  7130556488459.32
446862  18060042144729.8
446862  26636414215236.9
446862  27636168144171.8
446862  29424232920096
455624  6093693164810.43
455624  7257311380491.13
455624  18060041283702.3
455624  26636392459097.5
455624  27677111246486.1
455624  29464960070482.2
464386  6199835285423.41
464386  7382768813433.79
464386  18060040405381.4
464386  26636371743126.1
464386  27719027551193.8
464386  29506643541180
473148  6305693034508.55
473148  7508181383081.15
473148  18060039507816.5
473148  26636351997796.2
473148  27761896629405.4
473148  29549185191699
481911  6411032814777.19
481911  7632398298128.1
481911  18060038593024.4
481911  26636333159185.7
481911  27805709188972.8
481911  29592144308357.8
490673  6515849969516.67
490673  7756577788432.71
490673  18060037659609
490673  26636315168269.7
490673  27850463950789.7
490673  29636055022645.2
499435  6620144657232.64
499435  7879360508881.41
499435  18060036708348.4
499435  26636297972252.2
499435  27896129557932.6
499435  29680891936019.7
508197  6723915703212.91
508197  8002432751093.56
508197  18060035737841.6
508197  26636281520998.9
508197  27942777077280.5
508197  29726634819038.4
516959  6827160810155.9
516959  8123622598298.11
516959  18060034749705.6
516959  26636265769291
516959  27990411110422.7
516959  29773268095163.1
525721  6929876726545.07
525721  8245196156499.03
525721  18060033743142.8
525721  26636250674918.8
525721  28039033700097.2
525721  29820780439300.8
534483  7032059413197.07
534483  8365200205649.83
534483  18060032717063.2
534483  26636236200239.3
534483  28088648974177.7
534483  29869164464897.5
543245  7133704105981.66
543245  8484861020088.03
543245  18060031673008.9
543245  26636222308170.3
543245  28139262119288.1
543245  29918416492171
552007  7234805462860.87
552007  8604152706149.43
552007  18060030610207
552007  26636208965662.3
552007  28190878566701.2
552007  29968536394078.5
560769  7335357613151.96
560769  8721838596582.78
560769  18060029527323.8
560769  26636196142725.4
560769  28243503343531.6
560769  30019527506174.5
569531  7435354224000.88
569531  8839476952056.45
569531  18060028425690.4
569531  26636183811289.7
569531  28297140559346.6
569531  30071396600348.8
578293  7534788550333.94
578293  8956263997994.77
578293  18060027305369.1
578293  26636171943559.3
578293  28351810949773.8
578293  30124153926422.7
587055  7633653473169.84
587055  9071749569729.53
587055  18060026164595
587055  26636160515828.6
587055  28407545590686.4
587055  30177813317089.9
595817  7731941526712.16
595817  9186971230888.66
595817  18060025004690.3
595817  26636149505377
595817  28464320433163.1
595817  30232392358787.9
604579  7829644919696.49
604579  9301670694387.29
604579  18060023825488.4
604579  26636138889806.8
604579  28522133532491.1
604579  30287912643057.3
613341  7926755547410.79
613341  9414655634671.62
613341  18060022625873.5
613341  26636128650556.1
613341  28580980342859.6
613341  30344400099367.7
622103  8023264995580.37
622103  9527193277935.07
622103  18060021406702.4
622103  26636118767875.3
622103  28640853782778.1
622103  30401747786492.4
630865  8119164539120.9
630865  9639220585361.06
630865  18060020167629.4
630865  26636109224764.4
630865  28701778292301.2
630865  30459640184826
639627  8214445132815.3
639627  9750606136787.54
639627  18060018907681.4
639627  26636100004665
639627  28763910831930.6
639627  30518518999119.8
648389  8309097394192.57
648389  9860329832610.04
648389  18060017628160
648389  26636091093120
648389  28827061522184.4
648389  30578424694508.3
657151  8403111582082.07
657151  9969412706498.33
657151  18060016327055.4
657151  26636082474963.7
657151  28891211968099.1
657151  30639403951422.8
665913  8496558588427.37
665913  10077802292061.5
665913  18060015005661.4
665913  26636074137390.3
665913  28956495755587.2
665913  30701401578546.7
674675  8589432988067.9
674675  10185448104254.7
674675  18060013663783.8
674675  26636066066441.9
674675  29022972146413.5
674675  30763724969480.7
683437  8681652802904.88
683437  10292302302710
683437  18060012300279
683437  26636058251091
683437  29090401357714.5
683437  30827189891903.5
692199  8773207510560.65
692199  10398320345952
692199  18060010916378.9
692199  26636050680827
692199  29158996521906.9
692199  30891864502096.4
700961  8864086144779.17
700961  10503123844248.1
700961  18060009510275.1
700961  26636043343794.7
700961  29228766847737.7
700961  30957262207825.3
709723  8954277227405.26
709723  10606939087438.1
709723  18060008083054.4
709723  26636036231010.8
709723  29299412982759.5
709723  31023321632080.6
718485  9043895065490.32
718485  10709902720736
718485  18060006633846.4
718485  26636029332470.8
718485  29371523456831.7
718485  31090708369295.8
727247  9132904401489.89
727247  10811992316098
727247  18060005162750.5
727247  26636022638519.2
727247  29444460481623.9
727247  31158836234178.5
736009  9221207172207.9
736009  10913190349867.5
736009  18060003670151.3
736009  26636016142616.5
736009  29518750344263
736009  31227683940665.7
744771  9308790847587.17
744771  11013484444544.1
744771  18060002154219.1
744771  26636009835498.4
744771  29593946324308
744771  31298022329053.3
753533  9395722218097.67
753533  11112867533194.1
753533  18060000616811.4
753533  26636003709698.1
753533  29670498490197.2
753533  31368527120307.1
762295  9482087147660.62
762295  11211337941731.2
762295  18059999055870.9
762295  26635997758439
762295  29747887803833.6
762295  31440459069070.5
771057  9567712962740.22
771057  11308899395877.8
771057  18059997473058.6
771057  26635991974750.6
771057  29826774882615.2
771057  31513086477926.4
779819  9652585550621.39
779819  11405560948440.1
779819  18059995865870.8
779819  26635986352244
779819  29906491189805.4
779819  31586702946111.8
788581  9736917312231.49
788581  11501336834427.2
788581  18059994236143.9
788581  26635980884501.9
788581  29987533014969.9
788581  31661274215046.8
797343  9820532880797.66
797343  11595851637608.7
797343  18059992581430.1
797343  26635975566488.9
797343  30069701325488.5
797343  31736689297424.3
806105  9903373691071.15
806105  11689300944259.2
806105  18059990904548.5
806105  26635970391542.1
806105  30152775891116.4
806105  31813059413229
814867  9985654882277.05
814867  11781859654784.9
814867  18059989202603.5
814867  26635965354742
814867  30237305591887.8
814867  31890415009669.2
823629  10067207682057.4
823629  11873565767019.3
823629  18059987477223.6
823629  26635960452251
823629  30322906437254.7
823629  31968465941445.7
832391  10147992582156
832391  11964461206090.8
832391  18059985727085.6
832391  26635955677890.7
832391  30409490973686.5
832391  32047938810666.3
841153  10228233701068.6
841153  12054591310291
841153  18059983951768
841153  26635951027622
841153  30497202653594.5
841153  32127574836927.7
849915  10307671622790.4
849915  12143372968639.9
849915  18059982151820.5
849915  26635946496751.4
849915  30586317695840.2
849915  32208702665097.9
858677  10386476854336.4
858677  12230951258833.5
858677  18059980327212.9
858677  26635942081627.1
858677  30676474554309.1
858677  32290531660011.4
867439  10464575718653.1
867439  12317874208582.6
867439  18059978475572.3
867439  26635937777969.9
867439  30767692256103.3
867439  32373105519838.6
876201  10541950647200.7
876201  12404203104063.2
876201  18059976599327.9
876201  26635933582450.9
876201  30859989867705.5
876201  32457006319881.6
884963  10618690765518
884963  12488942472728.7
884963  18059974696344.4
884963  26635929490399.2
884963  30953385754363.8
884963  32541535382574.4
893725  10694660958572.2
893725  12572746448255.9
893725  18059972767541.8
893725  26635925500064.9
893725  31047992846496.7
893725  32626797702038.5
902487  10770024784570
902487  12656133451153.9
902487  18059970810770.9
902487  26635921606098
902487  31143839414067
902487  32713266880422.1
911249  10844609009566.5
911249  12738017227417
911249  18059968828213.1
911249  26635917807186
911249  31240781772074.3
911249  32800873385735
920011  10918581166543.4
920011  12818971200573.4
920011  18059966817284.8
920011  26635914098928
920011  31338824435180.2
920011  32888736290001
928773  10991793570798.2
928773  12899697805628.9
928773  18059964779932.6
928773  26635910478953.5
928773  31437968803991.3
928773  32977651059041.4
937535  11064360760451.9
937535  12978253307833.8
937535  18059962713541.2
937535  26635906944541.5
937535  31538212815795.5
937535  33067631531971
946297  11136212588719.8
946297  13056790465135.3
946297  18059960619636.9
946297  26635903492438.3
946297  31639550676439.8
946297  33158629308367.1
955059  11207363375000.6
955059  13133790290714.8
955059  18059958496629.4
955059  26635900121119.5
955059  31741972675158.2
955059  33250602171651.5
963821  11277864335224.7
963821  13210228733478.3
963821  18059956343977.3
963821  26635896826917.8
963821  31845465094955
963821  33342989535694.3
972583  11347609071541.3
972583  13285476996244.9
972583  18059954162727.3
972583  26635893608515.3
972583  31950010768659
972583  33436311128274.1
981345  11416748151229.5
981345  13359993424014
981345  18059951951311
981345  26635890462887.5
981345  32055892403460.6
981345  33530582897909.7
990107  11485158639273.2
990107  13433302048674.1
990107  18059949710336
990107  26635887388323.8
990107  32162836944975.1
990107  33625776618567.8
998869  11552864823889.9
998869  13506124929405.7
998869  18059947437779.1
998869  26635884382007.3
998869  32270812599001.7
998869  33721868295452.8
1.00763e+06  11619949157600.1
1.00763e+06  13577351676789.9
1.00763e+06  18059945134260.6
1.00763e+06  26635881443325.5
1.00763e+06  32379783733760.4
1.00763e+06  33818837807228.4
1.01639e+06  11686312238076.9
1.01639e+06  13648612081261.2
1.01639e+06  18059942800388.3
1.01639e+06  26635878568589.2
1.01639e+06  32489711365187
1.01639e+06  33916668635281.6
1.02516e+06  11751984554209.6
1.02516e+06  13717807555520.8
1.02516e+06  18059940433471.6
1.02516e+06  26635875756885.1
1.02516e+06  32600586595938.9
1.02516e+06  34015347668856.9
1.03392e+06  11817034112137.5
1.03392e+06  13786740386988.6
1.03392e+06  18059938035974.8
1.03392e+06  26635873006039.4
1.03392e+06  32712991262655.9
1.03392e+06  34114865076358.1
1.04268e+06  11881382328885.6
1.04268e+06  13854939016427.6
1.04268e+06  18059935604950.6
1.04268e+06  26635870314913.7
1.04268e+06  32826259173256.8
1.04268e+06  34215214251582.7
1.05144e+06  11945043733300.9
1.05144e+06  13921529557174.6
1.05144e+06  18059933140172.5
1.05144e+06  26635867681069.7
1.05144e+06  32940336736958.3
1.05144e+06  34316391821146.4
1.0602e+06  12008065982064.7
1.0602e+06  13987824619939.9
1.0602e+06  18059930642794
1.0602e+06  26635865103406
1.0602e+06  33055493050751.6
1.0602e+06  34418397726286.3
1.06897e+06  12070427849483.2
1.06897e+06  14053380085199.5
1.06897e+06  18059928110284.4
1.06897e+06  26635862580299
1.06897e+06  33171982650235.4
1.06897e+06  34521235382692
1.07773e+06  12132115435050.7
1.07773e+06  14117268311711
1.07773e+06  18059925544188.6
1.07773e+06  26635860109692.5
1.07773e+06  33289133535697
1.07773e+06  34624911921992.3
1.08649e+06  12193138908585
1.08649e+06  14180713274713.3
1.08649e+06  18059922942972.2
1.08649e+06  26635857690619.9
1.08649e+06  33407335315606.8
1.08649e+06  34729438538397.4
1.09525e+06  12253517756821.1
1.09525e+06  14243671598030.5
1.09525e+06  18059920304869.1
1.09525e+06  26635855321489.9
1.09525e+06  33526796954521.3
1.09525e+06  34834830950927.3
1.10401e+06  12313259053374.4
1.10401e+06  14305436659042
1.10401e+06  18059917631816.8
1.10401e+06  26635853001584.4
1.10401e+06  33646736444861.8
1.10401e+06  34941110010722.2
1.11278e+06  12372345849296.9
1.11278e+06  14365973031774.8
1.11278e+06  18059914921383.6
1.11278e+06  26635850728373.1
1.11278e+06  33768241316640.4
1.11278e+06  35048302493801.5
1.12154e+06  12430785866272.5
1.12154e+06  14425921023103.6
1.12154e+06  18059912173666.9
1.12154e+06  26635848502084.1
1.12154e+06  33890299450087.4
1.12154e+06  35155889261146.4
1.1303e+06  12488585949137.3
1.1303e+06  14485244356136.3
1.1303e+06  18059909388649
1.1303e+06  26635846320696.9
1.1303e+06  34013513441182.5
1.1303e+06  35264204990505.7
1.13906e+06  12545752211043.5
1.13906e+06  14543907770617.8
1.13906e+06  18059906564704
1.13906e+06  26635844182237.7
1.13906e+06  34137581914814.7
1.13906e+06  35373428107709.6
1.14782e+06  12602292106698.3
1.14782e+06  14601667063033.2
1.14782e+06  18059903701027.1
1.14782e+06  26635842087179.3
1.14782e+06  34262612895777
1.14782e+06  35483602491661.5
1.15659e+06  12658207325635.9
1.15659e+06  14658087213862
1.15659e+06  18059900798601.7
1.15659e+06  26635840033122.9
1.15659e+06  34388541818397.6
1.15659e+06  35594782069829.7
1.16535e+06  12713497869501.1
1.16535e+06  14713820099132
1.16535e+06  18059897855749.1
1.16535e+06  26635838019109.6
1.16535e+06  34515481568846.8
1.16535e+06  35706399007137
1.17411e+06  12768169332616.8
1.17411e+06  14768845715867.4
1.17411e+06  18059894870774.5
1.17411e+06  26635836045067.4
1.17411e+06  34643081640577.7
1.17411e+06  35818537983938.8
1.18287e+06  12822226973917.6
1.18287e+06  14823146976282.5
1.18287e+06  18059891843783.9
1.18287e+06  26635834109090.2
1.18287e+06  34771997215613
1.18287e+06  35931725492637.8
1.19163e+06  12875675797911.1
1.19163e+06  14876710026392.7
1.19163e+06  18059888775514.4
1.19163e+06  26635832210698.1
1.19163e+06  34901129134453.5
1.19163e+06  36046046765937.7
1.2004e+06  12928520628493.3
1.2004e+06  14929524529420.2
1.2004e+06  18059885663574.4
1.2004e+06  26635830348913.5
1.2004e+06  35031972148072.8
1.2004e+06  36160506317370
1.20916e+06  12980766169313
1.20916e+06  14981583913472.6
1.20916e+06  18059882507437.4
1.20916e+06  26635828521565.3
1.20916e+06  35163211126571.5
1.20916e+06  36275727781656
1.21792e+06  13032417061330
1.21792e+06  15032885575602.8
1.21792e+06  18059879307107.6
1.21792e+06  26635826729798.5
1.21792e+06  35295157666162.2
1.21792e+06  36392185143969.7
1.22668e+06  13083477934995.8
1.22668e+06  15083431035811.3
1.22668e+06  18059876060760.5
1.22668e+06  26635824971953.1
1.22668e+06  35428493035687.5
1.22668e+06  36509035836956.8
1.23544e+06  13133953453438.1
1.23544e+06  15133226040175.8
1.23544e+06  18059872767766.7
1.23544e+06  26635823246820.3
1.23544e+06  35562218970153.9
1.23544e+06  36626392832984.1
1.24421e+06  13183848353520.6
1.24421e+06  15182280603279.3
1.24421e+06  18059869427520.6
1.24421e+06  26635821554039.9
1.24421e+06  35696632447838.8
1.24421e+06  36745144232390.1
1.25297e+06  13233167481541.8
1.25297e+06  15230608995704.2
1.25297e+06  18059866039708.8
1.25297e+06  26635819892142.2
1.25297e+06  35832480440181.9
1.25297e+06  36863889292728.7
1.26173e+06  13281915826408.1
1.26173e+06  15278229670645.5
1.26173e+06  18059862602405.2
1.26173e+06  26635818260921.5
1.26173e+06  35968798773937.2
1.26173e+06  36983582956666.5
1.27049e+06  13330098545941.9
1.27049e+06  15325165135838.5
1.27049e+06  18059859114873.5
1.27049e+06  26635816659894.5
1.27049e+06  36105589784398
1.27049e+06  37104405144137.2
1.27925e+06  13377720992781.6
1.27925e+06  15371441772456.6
1.27925e+06  18059855575980.2
1.27925e+06  26635815088035.6
1.27925e+06  36243497899656.8
1.27925e+06  37225075817285.9
1.28802e+06  13424788734441.8
1.28802e+06  15417089602451.8
1.28802e+06  18059851986545.4
1.28802e+06  26635813544772.1
1.28802e+06  36382423545759.2
1.28802e+06  37347459148522.5
1.29678e+06  13471307576282.5
1.29678e+06  15462142014928.6
1.29678e+06  18059848343275.4
1.29678e+06  26635812029680
1.29678e+06  36521894090874.1
1.29678e+06  37469421782356.8
1.30554e+06  13517283572678.5
1.30554e+06  15506635454529.8
1.30554e+06  18059844645725
1.30554e+06  26635810540777.2
1.30554e+06  36661918180948.2
1.30554e+06  37592926831039.3
1.3143e+06  13562723042933.2
1.3143e+06  15550609082146.4
1.3143e+06  18059840892632.3
1.3143e+06  26635809079039.9
1.3143e+06  36802505869144.6
1.3143e+06  37716469442719.7
1.32306e+06  13607632580486.3
1.32306e+06  15593215255061.6
1.32306e+06  18059837084265.3
1.32306e+06  26635807643262.8
1.32306e+06  36944294368579.5
1.32306e+06  37841190128649.6
1.33183e+06  13652019064758
1.33183e+06  15635219571818.7
1.33183e+06  18059833217624.9
1.33183e+06  26635806232487.3
1.33183e+06  37086916790205.7
1.33183e+06  37966112216247.5
1.34059e+06  13695858749906
1.34059e+06  15676764862646.1
1.34059e+06  18059829292719.7
1.34059e+06  26635804846470.5
1.34059e+06  37230143322773.8
1.34059e+06  38092172247373.9
1.34935e+06  13739168364926.3
1.34935e+06  15717903983836.7
1.34935e+06  18059825308119.4
1.34935e+06  26635803485026.8
1.34935e+06  37373982711785.3
1.34935e+06  38218287670994.2
1.35811e+06  13781970220121.3
1.35811e+06  15758690741370.4
1.35811e+06  18059821261921.1
1.35811e+06  26635802147258.9
1.35811e+06  37518443839665.5
1.35811e+06  38345853075886.7
1.36687e+06  13824272289049
1.36687e+06  15799048584100.5
1.36687e+06  18059817153159
1.36687e+06  26635800832044.6
1.36687e+06  37663535504757.3
1.36687e+06  38472981545904.6
1.37564e+06  13866082876490.6
1.37564e+06  15837732477015.7
1.37564e+06  18059812981120
1.37564e+06  26635799540460.5
1.37564e+06  37809266169099.4
1.37564e+06  38601992303313.3
1.3844e+06  13907410615847.1
1.3844e+06  15876186108993.5
1.3844e+06  18059808743117.5
1.3844e+06  26635798269997.8
1.3844e+06  37955643667331.5
1.3844e+06  38730238218525.3
1.39316e+06  13948247033438.1
1.39316e+06  15914470840144
1.39316e+06  18059804438938.9
1.39316e+06  26635797021006.5
1.39316e+06  38102674881565.8
1.39316e+06  38860037358626
1.40192e+06  13988537535974.8
1.40192e+06  15952646663908.9
1.40192e+06  18059800066014.3
1.40192e+06  26635795794372.1
1.40192e+06  38250365381884.5
1.40192e+06  38990181416430.1
1.41068e+06  14028364677446.4
1.41068e+06  15989228605986.8
1.41068e+06  18059795622366.6
1.41068e+06  26635794587745.3
1.41068e+06  38398876078543
1.41068e+06  39120596342517.1
1.41945e+06  14067738444529.8
1.41945e+06  16025366881458.2
1.41945e+06  18059791108616.2
1.41945e+06  26635793401387.8
1.41945e+06  38548022784579
1.41945e+06  39252624708125.2
1.42821e+06  14106669144768.4
1.42821e+06  16061564995831.1
1.42821e+06  18059786521412.2
1.42821e+06  26635792234583.2
1.42821e+06  38697754287465.3
1.42821e+06  39383883619106.5
1.43697e+06  14145109028657.2
1.43697e+06  16097513416252
1.43697e+06  18059781858585.4
1.43697e+06  26635791087466.8
1.43697e+06  38848060440128.2
1.43697e+06  39516339355544.4
1.44573e+06  14183039024126.1
1.44573e+06  16131652721258.4
1.44573e+06  18059777119162.4
1.44573e+06  26635789959114.9
1.44573e+06  38998928436977.7
1.44573e+06  39650241396104.3
1.45449e+06  14220549951643.5
1.45449e+06  16166049927465.4
1.45449e+06  18059772300828.1
1.45449e+06  26635788849886
1.45449e+06  39150398107481.7
1.45449e+06  39782948030913.3
1.46326e+06  14257653515991.1
1.46326e+06  16200759351202.3
1.46326e+06  18059767402685.4
1.46326e+06  26635787757905.8
1.46326e+06  39302663806940.2
1.46326e+06  39917093510755.9
1.47202e+06  14294283996473.7
1.47202e+06  16233277225726.3
1.47202e+06  18059762420042
1.47202e+06  26635786684443.7
1.47202e+06  39455537209384.1
1.47202e+06  40052564598038.6
1.48078e+06  14330417867701.8
1.48078e+06  16266135353907.2
1.48078e+06  18059757354004.7
1.48078e+06  26635785627810.4
1.48078e+06  39608994238566.8
1.48078e+06  40187190222284.4
1.48954e+06  14366172284379.1
1.48954e+06  16299425261508.2
1.48954e+06  18059752200798.8
1.48954e+06  26635784588654.2
1.48954e+06  39763006146332
1.48954e+06  40322703235844.6
1.4983e+06  14401560306401.8
1.4983e+06  16330376371376.4
1.4983e+06  18059746958552.2
1.4983e+06  26635783565906.2
1.4983e+06  39917539563885.6
1.4983e+06  40459459627118.9
1.50707e+06  14436389141371.2
1.50707e+06  16362033817263.2
1.50707e+06  18059741624725
1.50707e+06  26635782559918.4
1.50707e+06  40072556692982.1
1.50707e+06  40596764770257
1.51583e+06  14470845657224.4
1.51583e+06  16393357450941.7
1.51583e+06  18059736196423.2
1.51583e+06  26635781569721.7
1.51583e+06  40228015646030.3
1.51583e+06  40733312450462.1
1.52459e+06  14504967758709.3
1.52459e+06  16423279936920.7
1.52459e+06  18059730672155.4
1.52459e+06  26635780595128
1.52459e+06  40383870933652.2
1.52459e+06  40871057166306.3
1.53335e+06  14538581513397.7
1.53335e+06  16454135662878.4
1.53335e+06  18059725048020
1.53335e+06  26635779635857.1
1.53335e+06  40540074095835.4
1.53335e+06  41009886877264.2
1.54211e+06  14571798100517.9
1.54211e+06  16483153288069.5
1.54211e+06  18059719322316.4
1.54211e+06  26635778691672.2
1.54211e+06  40696574455379.4
1.54211e+06  41149631001224.6
1.55088e+06  14604715312517.3
1.55088e+06  16512499711205.6
1.55088e+06  18059713491321
1.55088e+06  26635777762398.2
1.55088e+06  40854134613996.6
1.55088e+06  41287999938093
1.55964e+06  14637119478181
1.55964e+06  16541562292593.2
1.55964e+06  18059707553101.7
1.55964e+06  26635776847897.7
1.55964e+06  41012791597346.8
1.55964e+06  41427447394170.7
1.5684e+06  14669161515359.1
1.5684e+06  16569452533139.2
1.5684e+06  18059701502704.1
1.5684e+06  26635775946914.8
1.5684e+06  41171635611306.7
1.5684e+06  41567878233192.9
1.57716e+06  14700942259092.1
1.57716e+06  16598428160375.2
1.57716e+06  18059695339538.7
1.57716e+06  26635775060589.8
1.57716e+06  41330590754293.1
1.57716e+06  41709211171222
1.58592e+06  14732138218035.5
1.58592e+06  16624940125859.3
1.58592e+06  18059689058367
1.58592e+06  26635774187541.5
1.58592e+06  41489583769361.9
1.58592e+06  41851376405706
1.59469e+06  14763078894752.4
1.59469e+06  16653033733102.8
1.59469e+06  18059682655090.6
1.59469e+06  26635773327850.4
1.59469e+06  41648545698385.4
1.59469e+06  41992416487734
1.60345e+06  14793672018511.1
1.60345e+06  16678925838844.2
1.60345e+06  18059676128055.6
1.60345e+06  26635772480899.6
1.60345e+06  41809862970513.4
1.60345e+06  42133927241281.9
1.61221e+06  14823786480662.9
1.61221e+06  16705975854794.1
1.61221e+06  18059669471979.1
1.61221e+06  26635771646680.8
1.61221e+06  41971401641543.3
1.61221e+06  42276290620256.8
1.62097e+06  14853706972474.4
1.62097e+06  16731393091445
1.62097e+06  18059662683904.1
1.62097e+06  26635770825882
1.62097e+06  42132591170129.9
1.62097e+06  42419441882855.1
1.62973e+06  14883091069067.8
1.62973e+06  16757532145815.9
1.62973e+06  18059655758609.3
1.62973e+06  26635770017143.1
1.62973e+06  42293361466893.6
1.62973e+06  42563325148744.2
1.6385e+06  14912228597102.7
1.6385e+06  16782347609837
1.6385e+06  18059648692128.5
1.6385e+06  26635769220467.5
1.6385e+06  42455334898124.7
1.6385e+06  42707892112462.2
1.64726e+06  14941017378393.5
1.64726e+06  16807728410811.5
1.64726e+06  18059641480081
1.64726e+06  26635768435491.5
1.64726e+06  42619413523291.6
1.64726e+06  42853101040947.8
1.65602e+06  14969390792488.3
1.65602e+06  16831818999222.1
1.65602e+06  18059634117283.7
1.65602e+06  26635767662201.8
1.65602e+06  42782435613787.2
1.65602e+06  42998272181880.8
1.66478e+06  14997589464136.7
1.66478e+06  16856612171811.5
1.66478e+06  18059626598919.5
1.66478e+06  26635766900684.9
1.66478e+06  42944401465297.9
1.66478e+06  43142372984763.5
1.67354e+06  15025219590861.2
1.67354e+06  16879861549955.1
1.67354e+06  18059618919523.7
1.67354e+06  26635766150072.8
1.67354e+06  43108919498284.6
1.67354e+06  43287105397236.4
1.68231e+06  15052762293866.2
1.68231e+06  16904252807342.3
1.68231e+06  18059611074425.5
1.68231e+06  26635765410613.1
1.68231e+06  43274887040385.7
1.68231e+06  43432411096163.3
1.69107e+06  15079740998979.3
1.69107e+06  16926554192148
1.69107e+06  18059603056823.1
1.69107e+06  26635764681707.8
1.69107e+06  43438596875443.4
1.69107e+06  43578231660817.5
1.69983e+06  15106595610511.3
1.69983e+06  16950740976248.8
1.69983e+06  18059594861069.9
1.69983e+06  26635763963842.3
1.69983e+06  43600784037786
1.69983e+06  43724504322696.3
1.70859e+06  15132981462166.3
1.70859e+06  16971999598240.4
1.70859e+06  18059586480416.6
1.70859e+06  26635763256228.7
1.70859e+06  43771555874886.3
1.70859e+06  43871154819905.9
1.71735e+06  15159174253860
1.71735e+06  16995202736875.4
1.71735e+06  18059577908969.4
1.71735e+06  26635762559045.7
1.71735e+06  43936901309918.5
1.71735e+06  44018083707880.1
1.72612e+06  15184968248535.4
1.72612e+06  17016322485882.7
1.72612e+06  18059569139317.2
1.72612e+06  26635761871373
1.72612e+06  44098463356641.9
1.72612e+06  44165136528960.1
1.73488e+06  15210527596858.8
1.73488e+06  17038265354504.2
1.73488e+06  18059560164274.1
1.73488e+06  26635761193621.6
1.73488e+06  44277971060372.5
1.73488e+06  44312028397626.6
1.74364e+06  15235729779271
1.74364e+06  17059667235295.3
1.74364e+06  18059550975891.5
1.74364e+06  26635760525978.7
1.74364e+06  44442202392705.5
1.74364e+06  44458111278669.2
