0  12500572720590.5
0  12624974994377.7
0  14350631176302.1
7468.9  12500572712495.5
7468.9  12624974971542.7
7468.9  14350690590114.7
14937.8  326234243058.481
14937.8  12500572699003.4
14937.8  12624974933481.6
14937.8  14350797965488.8
22406.7  433800016409.66
22406.7  12500572680113.6
22406.7  12624974880190.4
22406.7  14350967091395.7
29875.6  548580052831.112
29875.6  550707373477.739
29875.6  12500572655465
29875.6  12624974811702.4
29875.6  14351220040822.9
37344.5  649096437073.442
37344.5  651028999565.099
37344.5  12500572625776.8
37344.5  12624974727932.8
37344.5  14351590566968.6
44813.4  763107016511.956
44813.4  12500572590687.4
44813.4  12624974628911.5
44813.4  14352129496046.8
52282.3  874078030051.706
52282.3  12500572550195.3
52282.3  12624974514629.1
52282.3  14352913084402
59751.2  982626391900.133
59751.2  12500572504298.4
59751.2  12624974385072.7
59751.2  14354055597981.9
67220.1  1094208824281.46
67220.1  1102664352136.17
67220.1  12500572452994.4
67220.1  12624974240227.3
67220.1  14355727145613.6
74689  1194304391602.45
74689  1205640725006.35
74689  12500572396280.9
74689  12624974080078.9
74689  14358175415135.9
82158  1296743847429.19
82158  1307206735662.07
82158  12500572334155.3
82158  12624973904611.5
82158  14361740744371.5
89626.9  1419659883612.28
89626.9  12500572266614.5
89626.9  12624973713804.6
89626.9  14366827556745.4
97095.8  1546277013554.23
97095.8  1550283675268.44
97095.8  12500572193655.5
97095.8  12624973507640.1
97095.8  14373741532047.1
104565  1634119246753.09
104565  1654893729769.68
104565  12500572115274
104565  12624973286090.6
104565  14382267634572
112034  1735442036859.46
112034  1759958563078.36
112034  12500572031467.2
112034  12624973049140.5
112034  14391091730647.2
119502  1838488480516.23
119502  1866004728908.27
119502  12500571942230.8
119502  12624972796761.3
119502  14397866162219.1
126971  1942077277923.72
126971  1975220688552.72
126971  12500571847920.1
126971  12624972528885.9
126971  14400068302322.7
134440  2045888783313.07
134440  2100828062759.33
134440  12500571747810.9
134440  12624972245566.2
134440  14399596788098.2
141909  2149796936602.6
141909  2206209601144.58
141909  12500571642258.7
141909  12624971946734.2
141909  14396083950793.4
149378  2265659646107.83
149378  2312339735584.73
149378  12500571531258
149378  12624971632356.9
149378  14391706045566.3
156847  2373028124728.6
156847  2419845399128.99
156847  12500571414803.3
156847  12624971302397.5
156847  14387404797047.3
164316  2478469766044.39
164316  2530352977175.35
164316  12500571293559.4
164316  12624970956740.5
164316  14383576678604.8
171785  2583179857376.49
171785  2649695638991.32
171785  12500571165820.3
171785  12624970595556.9
171785  14380315653952.9
171785  14425831594912.2
179254  2687508398958.85
179254  2755511410158.17
179254  12500571032968.4
179254  12624970218637.9
179254  14377586659714.1
179254  14429286250989.8
186723  2791591956722.97
186723  2861724756339.59
186723  12500570894638.1
186723  12624969825987.6
186723  14375313668576
186723  14433312661639.9
194192  2895492555417.99
194192  2968938226469.8
194192  12500570750823
194192  12624969417563.7
194192  14373416872923.6
194192  14449005790846.9
194192  14450353795717.4
201660  2999240650081.82
201660  3077809690006.48
201660  12500570601874.8
201660  12624968993280.6
201660  14371825741854.9
209129  3108014750491.37
209129  3189707258458.2
209129  12500570447067.8
209129  12624968553175.4
209129  14370481991832.4
216598  3215267992701.8
216598  3301997996263.86
216598  12500570286754
216598  12624968097160.2
216598  14369338832972.9
224067  3320916761704.01
224067  3407620225950.46
224067  12500570120925.3
224067  12624967625186.6
224067  14368359127062.1
224067  14477708349034.6
231536  3425656146930.19
231536  3513778110301.59
231536  12500569949573.4
231536  12624967137201.4
231536  14367513473500.1
231536  14483924451250.3
239005  3529803778024.89
239005  3620667718555.06
239005  12500569772330.4
239005  12624966633189.7
239005  14366778544389.3
239005  14498576996694.3
239005  14500678874173.9
246474  3633523330966.56
246474  3728582083312.63
246474  12500569589905.7
246474  12624966113017.8
246474  14366135742932.6
246474  14499979984063.8
246474  14500019835312.5
253943  3736906002898.31
253943  3837975244538.26
253943  12500569402289.3
253943  12624965576623.5
253943  14365570150000.2
261412  3840005156262.32
261412  3949584621603.79
261412  12500569209423.9
261412  12624965023951.6
261412  14365069718739.2
261412  14525118389690.2
268881  3942852779734.72
268881  4054718762593.85
268881  12500569010321
268881  12624964455071.3
268881  14364624650601.8
268881  14533147087500.9
276349  4045467994059.04
276349  4159820310643.89
276349  12500568805639.2
276349  12624963869833.2
276349  14364226919342
276349  14547953060517.9
276349  14551082682135.3
283818  4147861744576.86
283818  4265192662182.24
283818  12500568595367.5
283818  12624963268170.3
283818  14363869905289
283818  14549500477272.1
283818  14550637959339.9
291287  4250085704131.65
291287  4370878329284.43
291287  12500568379138.5
291287  12624962650066.1
291287  14363548112877.3
298756  4354103099563.15
298756  4476921971224.63
298756  12500568158013
298756  12624962015306.5
298756  14363256949978.5
298756  14578968073575.1
306225  4457338997183.03
306225  4583367708110.22
306225  12500567930595.8
306225  12624961364006.4
306225  14362992556248.6
306225  14597961494021.3
306225  14600829412035.9
313694  4559950577121.94
313694  4690254756567.31
313694  12500567698167.5
313694  12624960695920.2
313694  14362751666003.7
313694  14598039946020.3
313694  14602205014097.4
321163  4662033521599.08
321163  4797610834905.74
321163  12500567459780.6
321163  12624960011092.8
321163  14362531503008.2
321163  14615485408548.8
328632  4763646508384.3
328632  4902379301355.37
328632  12500567216401.7
328632  12624959309321.3
328632  14362329696301.5
328632  14629676937332
336101  4864824460841.97
336101  5005775662347.66
336101  12500566966685.3
336101  12624958590713.7
336101  14362144208265.5
336101  14646229290085.9
336101  14651958554876.1
343570  4965586038457.83
343570  5109077542618.15
343570  12500566711284.9
343570  12624957855093.8
343570  14361973279879.1
343570  14648365747453.8
343570  14652703100554
351039  5065937963531.85
351039  5212253221546.8
351039  12500566450186.2
351039  12624957102371.6
351039  14361815386450.5
351039  14672351618781
358507  5165877478345.56
358507  5315265809040.76
358507  12500566183375.5
358507  12624956332465
358507  14361669200708
358507  14697419865756.4
358507  14700771406315.3
365976  5265393602179.02
365976  5418073809418.06
365976  12500565910839.6
365976  12624955545291.7
365976  14361533565422.1
365976  14696080283439.1
365976  14704416995642.3
373445  5364467526552.88
373445  5520632177584.51
373445  12500565632563.3
373445  12624954740754.4
373445  14361407460819.1
373445  14718418176775.7
380914  5463072293888.86
380914  5622893864732.98
380914  12500565348531.7
380914  12624953918761.7
380914  14361289993942.9
380914  14747435747449.9
380914  14750617371927.3
388383  5561171770033.66
388383  5724811779635.53
388383  12500565059393.2
388383  12624953079116.4
388383  14361180370692.8
388383  14744946648012.7
388383  14755520270772.9
395852  5658718802623.7
395852  5826341006337.57
395852  12500564763805.1
395852  12624952221930.4
395852  14361077893814.2
395852  14769432923003.5
403321  5755652314340.12
403321  5927441058193.28
403321  12500564462770.2
403321  12624951346943.4
403321  14360981939327.3
403321  14793276743354
403321  14802134112475
410790  5851892888764.34
410790  6028077911087.52
410790  12500564155206.1
410790  12624950454214.3
410790  14360891950651.6
410790  14795208249239.3
410790  14807356789181.1
418259  5948415621268.44
418259  6128225571282.04
418259  12500563842162.6
418259  12624949543483.4
418259  14360807433685.7
418259  14825436092264.7
425728  6045214746511.3
425728  6227866997265.67
425728  12500563523266.9
425728  12624948614695.1
425728  14360727941249.4
425728  14840931689019.5
425728  14855605509156.1
433196  6141485171994.76
433196  6326994286928.09
433196  12500563198854.5
433196  12624947667675.2
433196  14360653073927.7
433196  14847897733692.6
433196  14857969440671
440665  6237165173239.16
440665  6425608157814.6
440665  12500562867536.7
440665  12624946702537.9
440665  14360582472202.4
440665  14889370224730.8
440665  14902798412261.7
448134  6332176402839.86
448134  6523716838393.25
448134  12500562530975.5
448134  12624945718895.6
448134  14360515809617
448134  14893714704551.1
448134  14910750732770.8
455603  6426417142331.48
455603  6621334560481.98
455603  12500562188489.3
455603  12624944716745.3
455603  14360452793979.2
455603  14944380253559.5
455603  14950503646927.5
463072  6519751943392.97
463072  6718479863357.01
463072  12500561840410.9
463072  12624943695897.6
463072  14360393156843.7
463072  14940508327484.8
463072  14960457777986.9
470541  6611995197973.98
470541  6815173907304.96
470541  12500561485661.6
470541  12624942656414.6
470541  14360336656639.5
470541  14975225246481.8
478010  6702884040893.39
478010  6911438950349.9
478010  12500561125280.2
478010  12624941597983.8
478010  14360283072041.5
478010  14988178492641.2
478010  15010480739985.4
485479  6794934546022.61
485479  7007297091763.45
485479  12500560759905.6
485479  12624940520371.5
485479  14360232201872
485479  14999775035923.5
485479  15008314469375.3
492948  6887045981490.64
492948  7102769324987.54
492948  12500560387491.1
492948  12624939423785
492948  14360183861792
492948  15036898194358.6
492948  15061602656996.1
500417  6978030765909.48
500417  7196511694048.7
500417  12500560008676
500417  12624938307984.1
500417  14360137884306.7
500417  15049799214403.3
500417  15100246876248.2
507886  7067612347455.44
507886  7288301328610.59
507886  12500559624495.3
507886  12624937172644.2
507886  14360094114320.9
507886  15087112521662
507886  15114303235906.2
515354  7155376333687.04
515354  7380071173617.72
515354  12500559233868.7
515354  12624936017808.6
515354  14360052410150.7
515354  15116719362498
515354  15153017419524.2
522823  7243853749192.74
522823  7471805587102.83
522823  12500558837782.2
522823  12624934843150.9
522823  14360012640578.6
522823  15139205173161
522823  15169402141294.8
530292  7332683110053.11
530292  7563485869038.95
530292  12500558434546.8
530292  12624933648829.9
530292  14359974686510.2
530292  15173861541236.3
530292  15207621286934
537761  7419781656806.68
537761  7655092205028.48
537761  12500558025543.7
537761  12624932434435.7
537761  14359938436557.8
537761  15193291263895.4
537761  15231220706898.3
545230  7504544124467.46
545230  7744656171971.29
545230  12500557610307.4
545230  12624931199905.3
545230  14359903789734.7
545230  15230740363897.5
545230  15264734414153.1
552699  7590608545347.75
552699  7831865040347.46
552699  12500557188505.6
552699  12624929945129.5
552699  14359870650317.4
552699  15249334043136.1
552699  15304391960617.9
560168  7676182211983.14
560168  7919740266906.74
560168  12500556761819.4
560168  12624928669624.3
560168  14359838930131.5
560168  15288688601343
560168  15327810283456
567637  7759207582878.85
567637  8008075655741.3
567637  12500556327861.5
567637  12624927373680
567637  14359808548225.6
567637  15325754319700.6
567637  15364507258979.7
575106  7842097083605.99
575106  8094930065585.38
575106  12500555887960.3
575106  12624926056869.5
575106  14359779430308.9
575106  15348117362720.5
575106  15405230912972.5
582575  7925374178697.86
582575  8178659954204.98
582575  12500555441342.2
582575  12624924719155.6
582575  14359751503373.6
582575  15388725566282.2
582575  15435046895066.9
590043  8005513769139.18
590043  8263706797353.9
590043  12500554988420.1
590043  12624923360288.2
590043  14359724704857.1
590043  15427904809936.8
590043  15469855999486.6
597512  8086827318454.78
597512  8349445261053.95
597512  12500554530121.6
597512  12624921979896.4
597512  14359698973636.2
597512  15458971935365.6
597512  15511018903134.9
604981  8166772641268.57
604981  8429703688754.04
604981  12500554064065.6
604981  12624920578276.3
604981  14359674251993.3
604981  15494144682255.3
604981  15553902103005.8
612450  8244510214616.13
612450  8512094825253.99
612450  12500553591921.6
612450  12624919154889.4
612450  14359650486841.2
612450  15536534600901
612450  15588667115485.4
619919  8323616032558.54
619919  8593779123317.43
619919  12500553113656.7
619919  12624917709532.6
619919  14359627627763.7
619919  15578183796503.8
619919  15625148375448.1
627388  8398796070401.09
627388  8672155312354.97
627388  12500552627894.2
627388  12624916242330.3
627388  14359605632109.4
627388  15617448352617.1
627388  15667572382220.3
634857  8476564703611.28
634857  8753015881459.23
634857  12500552136901.9
634857  12624914752567.7
634857  14359584453886.1
634857  15649638877227.4
634857  15711993869196.3
642326  8549777613199.3
642326  8828947405381.19
642326  12500551639043.8
642326  12624913240391.5
642326  14359564052846.2
642326  15695043837938.5
642326  15757551614050.9
649795  8625731160118.23
649795  8907020817004.43
649795  12500551133894.1
649795  12624911705685.3
649795  14359544390883.5
649795  15740868791230.2
649795  15803951640386.2
657264  8697370770122.32
657264  8981702367613.85
657264  12500550622805.3
657264  12624910147912.4
657264  14359525431037.3
657264  15787148614894
657264  15851069602906.7
664733  8770950727429.27
664733  9057463890873.01
664733  12500550105352.1
664733  12624908566963.6
664733  14359507142690.6
664733  15833954791390.5
664733  15894391539386.3
672201  8841334871297.42
672201  9130004958868.63
672201  12500549580204.6
672201  12624906962916.2
672201  14359489492136
672201  15881400794717.6
672201  15938603042593.8
679670  8911771313643.7
679670  9204194501433.56
679670  12500549049011.2
679670  12624905335146.4
679670  14359472450288.9
679670  15929630897021.9
679670  15985782404733.8
687139  8981228474693.9
687139  9273930147770.59
687139  12500548510351.2
687139  12624903683747.9
687139  14359455987950.1
687139  15978784880083.7
687139  16034885003081.9
694608  9047962231714.19
694608  9346098777282.92
694608  12500547966214.1
694608  12624902008002.4
694608  14359440080371.8
694608  16028948227669.8
694608  16085657401529.1
702077  9116269381467.22
702077  9413984430397.6
702077  12500547413935.1
702077  12624900308311.2
702077  14359424701692.3
702077  16080117219137.7
702077  16138297560445.2
709546  9182292233397.22
709546  9481837911313.71
709546  12500546855066.3
709546  12624898584037.8
709546  14359409828542.9
709546  16132204635532.8
709546  16193667731332.2
717015  9246184185755.28
717015  9550907312084.96
717015  12500546289266.1
717015  12624896835002.1
717015  14359395438911.6
717015  16185080703007.6
717015  16250811354855.9
724484  9310761281413.28
724484  9614800418437.11
724484  12500545717135.6
724484  12624895060788.6
724484  14359381512177.9
724484  16238619433361.5
724484  16303744284735.3
731953  9374092988722.4
731953  9679160897228.2
731953  12500545136707.3
731953  12624893261634.4
731953  14359368027662
731953  16292726440292.4
731953  16357484775306.3
739422  9435541933378.07
739422  9744061531001.67
739422  12500544549863.6
739422  12624891436772.1
739422  14359354968591.9
739422  16347344952346.4
739422  16412196574629.8
746890  9495459780560.73
746890  9806295589358.34
746890  12500543955919.4
746890  12624889586096.4
746890  14359342314756.6
746890  16410095686669.4
746890  16468247517431.5
754359  9555189312573.57
754359  9866380190359.83
754359  12500543355467.2
754359  12624887709151.8
754359  14359330050336.2
754359  16473672070499.4
754359  16526677301638.5
761828  9614447261426.15
761828  9926137121592.34
761828  12500542747823.4
761828  12624885805825.8
761828  14359318158645.1
761828  16533384093643.9
761828  16592042171112.5
769297  9672169053527.35
769297  9985449851010.88
769297  12500542131661.6
769297  12624883876185.3
769297  14359306625066.7
769297  16591894234590.6
769297  16655120649063
776766  9728554356479.87
776766  10044170914757.8
776766  12500541509829.7
776766  12624881919124.8
776766  14359295435732.2
776766  16650567667200.5
776766  16713325279441.9
784235  9783738232850.32
784235  10101415827605.5
784235  12500540879344.5
784235  12624879935178.9
784235  14359284576644.5
784235  16725060450674.6
784235  16774316468430.3
791704  9837813310203.96
791704  10155988868331.5
791704  12500540242153.3
791704  12624877923445.3
791704  14359274034125.7
791704  16787758033347.9
791704  16848842839948.4
799173  9890843259348.93
799173  10209693695669
799173  12500539597186.8
799173  12624875883932.3
799173  14359263797306
799173  16848390425272.4
799173  16909381763292
806642  9942871210911.72
806642  10262460512197.5
806642  12500538945364.9
806642  12624873816003.6
806642  14359253853417.2
806642  16926314002752.8
806642  16971616686475.9
814111  9993925092461.41
814111  10314235181444.8
814111  12500538285366.8
814111  12624871719723.1
814111  14359244191326.9
814111  16990753047010.6
814111  17050378909735.5
821580  10044020964291.7
821580  10364984548284.2
821580  12500537617771.8
821580  12624869594551.5
821580  14359234799695.3
821580  17063816664973.3
821580  17111822173246.2
829048  10093164976771.5
829048  10414700188202.8
829048  12500536942861.8
829048  12624867440050.4
829048  14359225669273.8
829048  17135757423971.4
829048  17178083063463.6
836517  10141354270927.2
836517  10463399953255.4
836517  12500536259906.3
836517  12624865256077.9
836517  14359216791094.4
836517  17199516218574
836517  17256407383503.6
843986  10188576960970.4
843986  10511127090817.6
843986  12500535569182.9
843986  12624863042153.1
843986  14359208153510
843986  17283835131305.9
843986  17320921224800.6
851455  10234811195945
851455  10557947139519.5
851455  12500534870633.1
851455  12624860797924.1
851455  14359199750220.1
851455  17348827110404.2
851455  17403834503816.5
858924  10280023140801.4
858924  10603943195875.2
858924  12500534164825.2
858924  12624858522802.3
858924  14359191572094.4
858924  17435087656111.9
858924  17468292493521.4
866393  10324163541263.3
866393  10648797883783
866393  12500533450774.3
866393  12624856216698.3
866393  14359183611132.8
866393  17507080005943.4
866393  17553607389516.6
873862  10367162248689.5
873862  10690745493485
873862  12500532728039
873862  12624853879357.2
873862  14359175859571.6
873862  17588839528738.2
873862  17618336059269.6
881331  10408919631965.1
881331  10732109298454
881331  12500531998521.6
881331  12624851509699.7
881331  14359168308980
881331  17676665373685.2
881331  17705418235766.5
888800  10449424799536.7
888800  10773066791473.8
888800  12500531259272.4
888800  12624849108319.8
888800  14359160953370.3
888800  17744264083751.3
888800  17769681875234.8
896269  10490433527939.3
896269  10813769444780.8
896269  12500530512772.6
896269  12624846673906.1
896269  14359153786824.7
896269  17835547191155.5
896269  17858843529986.6
903737  10530264680919.2
903737  10854342905949.6
903737  12500529758235.8
903737  12624844206260.9
903737  14359146800473.5
903737  17925369750888.7
911206  10568774404821.4
911206  10892166534841
911206  12500528995099.1
911206  12624841705141.1
911206  14359139990891.4
911206  17993344678955.3
911206  18012323488110.1
918675  10605749946090.3
918675  10928226398711.4
918675  12500528222871.7
918675  12624839170256.3
918675  14359133352351.9
918675  18088612428655.6
918675  18105177751629.2
926144  10642579902700.6
926144  10964977649317.7
926144  12500527443429.3
926144  12624836600398.5
926144  14359126876663.5
926144  18174819040443.1
933613  10679074256552.8
933613  11002393265008.6
933613  12500526653837.9
933613  12624833996188.6
933613  14359120559971.2
933613  18246275567909.3
933613  18258433982451.5
941082  10713999032189.4
941082  11035314194422.1
941082  12500525855925.5
941082  12624831356434
941082  14359114396635.7
941082  18342869895651
941082  18354968215343.7
948551  10747501254200.6
948551  11068686749514.6
948551  12500525050185.2
948551  12624828680388.5
948551  14359108380713.9
948551  18432343254295.2
956020  10781824522453.1
956020  11103572357703.3
956020  12500524235013.1
956020  12624825968167.5
956020  14359102510378.8
956020  18519934001716.5
963489  10814444837849.5
963489  11134056526043.8
963489  12500523410943
963489  12624823219007
963489  14359096778526.5
963489  18598072188146.4
963489  18603830326889.5
970958  10845737307665.1
970958  11165291737659.5
970958  12500522578833.3
970958  12624820431979.1
970958  14359091182236.5
970958  18696450584622.7
970958  18702897162033.5
978427  10877689453251.2
978427  11197993442384.6
978427  12500521736378.5
978427  12624817607466.8
978427  14359085716293
978427  18787544935381.6
985895  10907650543481
985895  11225201337224.5
985895  12500520885421.3
985895  12624814744117.7
985895  14359080376609.5
985895  18878385453633.5
993364  10937562836064.1
993364  11255901794971.5
993364  12500520024883.3
993364  12624811841786
993364  14359075159898.6
993364  18969927099301.9
1.00083e+06  10966808800580.7
1.00083e+06  11282855318679.5
1.00083e+06  12500519155326.6
1.00083e+06  12624808899579.7
1.00083e+06  14359070060965.1
1.00083e+06  19062183337246.9
1.0083e+06  10994553958472.6
1.0083e+06  11310930984835
1.0083e+06  12500518276002.2
1.0083e+06  12624805917231.6
1.0083e+06  14359065078341.1
1.0083e+06  19149769393570.6
1.0083e+06  19150350278439.6
1.01577e+06  11022907992154.6
1.01577e+06  11337843000115.6
1.01577e+06  12500517387420.2
1.01577e+06  12624802893835.2
1.01577e+06  14359060207225.3
1.01577e+06  19249460723007.1
1.01577e+06  19250492629504.5
1.02324e+06  11048961960502.7
1.02324e+06  11363667174419.1
1.02324e+06  12500516489523.3
1.02324e+06  12624799828752.8
1.02324e+06  14359055444422.8
1.02324e+06  19343322436900.5
1.03071e+06  11076299738168.1
1.03071e+06  11389890741624.1
1.03071e+06  12500515581555.3
1.03071e+06  12624796721653.3
1.03071e+06  14359050787277.9
1.03071e+06  19438421511299.2
1.03818e+06  11101153726742.8
1.03818e+06  11414064765838.8
1.03818e+06  12500514663496.5
1.03818e+06  12624793571833.2
1.03818e+06  14359046232418.5
1.03818e+06  19534180237205.6
1.04565e+06  11127205894571.2
1.04565e+06  11438949478533.7
1.04565e+06  12500513735438.6
1.04565e+06  12624790378545
1.04565e+06  14359041775962
1.04565e+06  19630579744753.7
1.05312e+06  11150872624332.5
1.05312e+06  11462231599144.3
1.05312e+06  12500512797914.7
1.05312e+06  12624787140780.6
1.05312e+06  14359037416835.8
1.05312e+06  19727601896204.4
1.06058e+06  11175768771718.4
1.06058e+06  11485228637948.9
1.06058e+06  12500511849605.6
1.06058e+06  12624783858432.5
1.06058e+06  14359033150403.7
1.06058e+06  19825229263164.9
1.06805e+06  11198347051530.7
1.06805e+06  11508422280571.2
1.06805e+06  12500510891318.1
1.06805e+06  12624780530318.2
1.06805e+06  14359028975121.2
1.06805e+06  19923421351449
1.07552e+06  11222074732300.2
1.07552e+06  11529159888828.5
1.07552e+06  12500509922567.5
1.07552e+06  12624777155876.2
1.07552e+06  14359024888565.2
1.07552e+06  20022191335315.1
1.08299e+06  11243852208316.5
1.08299e+06  11553000705601.1
1.08299e+06  12500508942997.8
1.08299e+06  12624773734491.4
1.08299e+06  14359020887470.1
1.08299e+06  20121526719236.7
1.09046e+06  11266161470661.6
1.09046e+06  11571309052132.6
1.09046e+06  12500507953398.8
1.09046e+06  12624770264888.2
1.09046e+06  14359016969630.1
1.09046e+06  20221412396147.3
1.09793e+06  11287298403067.3
1.09793e+06  11593728142915.2
1.09793e+06  12500506951449.5
1.09793e+06  12624766747458.1
1.09793e+06  14359013133262.9
1.09793e+06  20321833860256.9
1.1054e+06  11308011828535.7
1.1054e+06  11612275585510.4
1.1054e+06  12500505939807.4
1.1054e+06  12624763179876
1.1054e+06  14359009375332.2
1.1054e+06  20422777181675.7
1.11287e+06  11328690316344.4
1.11287e+06  11631188780822.3
1.11287e+06  12500504917376.6
1.11287e+06  12624759561813.5
1.11287e+06  14359005693881.6
1.11287e+06  20524228985685.7
1.12034e+06  11347860847661.6
1.12034e+06  11652614460165.5
1.12034e+06  12500503883148.9
1.12034e+06  12624755892909.5
1.12034e+06  14359002088769.9
1.12034e+06  20626159367796.5
1.1278e+06  11367983146771.2
1.1278e+06  11668384319978.9
1.1278e+06  12500502838165.3
1.1278e+06  12624752171599.1
1.1278e+06  14358998554524
1.1278e+06  20728554511631.4
1.13527e+06  11386766974968.3
1.13527e+06  11687278190247.9
1.13527e+06  12500501781098.4
1.13527e+06  12624748397667.4
1.13527e+06  14358995091459.6
1.13527e+06  20831414367164.5
1.14274e+06  11405049784330.3
1.14274e+06  11705849939043
1.14274e+06  12500500712388.8
1.14274e+06  12624744569849.9
1.14274e+06  14358991698057.8
1.14274e+06  20945285699047.3
1.14274e+06  20951135057823.6
1.15021e+06  11423665323954.9
1.15021e+06  11720978672419.8
1.15021e+06  12500499632469.1
1.15021e+06  12624740686831.1
1.15021e+06  14358988370392.4
1.15021e+06  21040981076540
1.15021e+06  21053320409955.7
1.15768e+06  11441004109023
1.15768e+06  11739074875540.1
1.15768e+06  12500498540318.8
1.15768e+06  12624736748147.1
1.15768e+06  14358985107776.9
1.15768e+06  21139344047229.2
1.15768e+06  21155808761130.6
1.16515e+06  11458391276837.5
1.16515e+06  11756084159068.1
1.16515e+06  12500497436007.7
1.16515e+06  12624732752662.6
1.16515e+06  14358981909019.4
1.16515e+06  21239205740789.2
1.16515e+06  21258654336291.8
1.17262e+06  11475611848943.5
1.17262e+06  11770055679369.1
1.17262e+06  12500496318865.3
1.17262e+06  12624728699664.7
1.17262e+06  14358978771599.4
1.17262e+06  21340022565107.5
1.17262e+06  21361973325178.9
1.18009e+06  11491781677302.4
1.18009e+06  11786610613036.9
1.18009e+06  12500495190433.6
1.18009e+06  12624724587015.7
1.18009e+06  14358975695524.7
1.18009e+06  21441508583169.3
1.18009e+06  21466054457625
1.18756e+06  11508054970524.6
1.18756e+06  11803599165188.4
1.18756e+06  12500494048472.3
1.18756e+06  12624720414943.6
1.18756e+06  14358972678062.6
1.18756e+06  21543499316060.1
1.18756e+06  21571837977507.9
1.19502e+06  11524171637136.5
1.19502e+06  11816018888417.6
1.19502e+06  12500492893384.6
1.19502e+06  12624716181948.3
1.19502e+06  14358969717001.4
1.19502e+06  21645893363613.2
1.19502e+06  21684984280386.5
1.20249e+06  11539362632520.7
1.20249e+06  11830507945843.3
1.20249e+06  12500491726494.2
1.20249e+06  12624711885893
1.20249e+06  14358966812469
1.20249e+06  21748624588121.7
1.20249e+06  21802783761273.7
1.20996e+06  11554343952345
1.20996e+06  11847933562485.6
1.20996e+06  12500490545520.7
1.20996e+06  12624707526988.3
1.20996e+06  14358963962710.2
1.20996e+06  21861550564754.9
1.20996e+06  21907513759083.6
1.21743e+06  11569579351121.7
1.21743e+06  11859595541423.6
1.21743e+06  12500489351155.1
1.21743e+06  12624703103419.9
1.21743e+06  14358961164736.8
1.21743e+06  21970672688580.7
1.21743e+06  22013036620186.4
1.2249e+06  11583943585175.9
1.2249e+06  11871798497958.8
1.2249e+06  12500488143505.3
1.2249e+06  12624698613737.5
1.2249e+06  14358958419293.7
1.2249e+06  22076532391192.8
1.2249e+06  22119917477549.9
1.23237e+06  11597691740033.9
1.23237e+06  11886097129374
1.23237e+06  12500486922319.3
1.23237e+06  12624694056673.1
1.23237e+06  14358955723557.6
1.23237e+06  22181577838385.2
1.23237e+06  22229729827028.2
1.23984e+06  11611987739111.9
1.23984e+06  11901662417359
1.23984e+06  12500485686810.7
1.23984e+06  12624689431326.3
1.23984e+06  14358953078724.8
1.23984e+06  22286370924505.7
1.23984e+06  22349061983017.7
1.24731e+06  11625671389822.1
1.24731e+06  11911630839105
1.24731e+06  12500484436228.1
1.24731e+06  12624684736720.9
1.24731e+06  14358950480699.7
1.24731e+06  22391108678949.4
1.24731e+06  22455844995645.7
1.25478e+06  11638728006873.4
1.25478e+06  11923006107274.7
1.25478e+06  12500483172056.3
1.25478e+06  12624679970215.9
1.25478e+06  14358947929759.1
1.25478e+06  22495876733401.7
1.25478e+06  22562805954933.3
1.26224e+06  11651461911128.6
1.26224e+06  11936268395756.9
1.26224e+06  12500481892884.8
1.26224e+06  12624675131248
1.26224e+06  14358945424394
1.26224e+06  22602972176119.7
1.26224e+06  22671394962710
1.26971e+06  11664634362754
1.26971e+06  11951034952064.6
1.26971e+06  12500480599644.2
1.26971e+06  12624670217439.2
1.26971e+06  14358942964068.9
1.26971e+06  22716745907660.2
1.26971e+06  22783375300254.9
1.27718e+06  11677127065081.8
1.27718e+06  11959897783734.2
1.27718e+06  12500479290349.2
1.27718e+06  12624665228612.7
1.27718e+06  14358940547291.9
1.27718e+06  22825816422426.6
1.27718e+06  22901198176175.8
1.28465e+06  11689123718190.4
1.28465e+06  11969914285184.7
1.28465e+06  12500477965875
1.28465e+06  12624660162308.2
1.28465e+06  14358938173402
1.28465e+06  22933248008213.1
1.28465e+06  23008745104229.3
1.29212e+06  11700823380578.4
1.29212e+06  11981439894507.2
1.29212e+06  12500476625736.9
1.29212e+06  12624655017093.9
1.29212e+06  14358935840057.2
1.29212e+06  23039968068133.6
1.29212e+06  23117700255361.5
1.29959e+06  11712928394868.6
1.29959e+06  11994998468119.3
1.29959e+06  12500475269622.7
1.29959e+06  12624649791340.4
1.29959e+06  14358933547428
1.29959e+06  23146352008038.7
1.29959e+06  23229279917561.4
1.30706e+06  11724453957218.6
1.30706e+06  12005129511949.5
1.30706e+06  12500473896958.5
1.30706e+06  12624644483587.6
1.30706e+06  14358931294743.6
1.30706e+06  23257415327459.5
1.30706e+06  23346995177330.4
1.31453e+06  11735549806757.2
1.31453e+06  12013485854927.6
1.31453e+06  12500472508310.7
1.31453e+06  12624639091349.5
1.31453e+06  14358929081002.8
1.31453e+06  23370292696224.2
1.31453e+06  23457385526889.7
1.322e+06  11746327301174.4
1.322e+06  12022926479445.6
1.322e+06  12500471102269.9
1.322e+06  12624633613744.3
1.322e+06  14358926905408.3
1.322e+06  23480010070261.6
1.322e+06  23567196597327.4
1.32947e+06  11757295192414.1
1.32947e+06  12033772085257.1
1.32947e+06  12500469679898
1.32947e+06  12624628047714.5
1.32947e+06  14358924766234.1
1.32947e+06  23588360105852.2
1.32947e+06  23679678323988.9
1.33693e+06  11768021645502.1
1.33693e+06  12046487975993.5
1.33693e+06  12500468239295
1.33693e+06  12624622392728.2
1.33693e+06  14358922663623.3
1.33693e+06  23696029470180.6
1.33693e+06  23798091945062.5
1.3444e+06  11778341488781.5
1.3444e+06  12055066774878.8
1.3444e+06  12500466780871.1
1.3444e+06  12624616646123.8
1.3444e+06  14358920595645.6
1.3444e+06  23808224512705.9
1.3444e+06  23908652366823.3
1.35187e+06  11788355049785.9
1.35187e+06  12062436870214.6
1.35187e+06  12500465304879.4
1.35187e+06  12624610805332.5
1.35187e+06  14358918563269.7
1.35187e+06  23921678159189.1
1.35187e+06  24019718363978.5
1.35934e+06  11798139415905.6
1.35934e+06  12070694562820.7
1.35934e+06  12500463809581.5
1.35934e+06  12624604869491
1.35934e+06  14358916564068
1.35934e+06  24032215885783.5
1.35934e+06  24133992119706.5
1.36681e+06  11808109744864.3
1.36681e+06  12080077357160.6
1.36681e+06  12500462296591
1.36681e+06  12624598834572
1.36681e+06  14358914598374.4
1.36681e+06  24141382755059.5
1.36681e+06  24252035228432.3
1.37428e+06  11817778440824.3
1.37428e+06  12090918549809.9
1.37428e+06  12500460762775.7
1.37428e+06  12624592700940.9
1.37428e+06  14358912664834
1.37428e+06  24249823573023.7
1.37428e+06  24362646500973.1
1.38175e+06  11827126268942.8
1.38175e+06  12101555339777.1
1.38175e+06  12500459210727.1
1.38175e+06  12624586463394.1
1.38175e+06  14358910762919.5
1.38175e+06  24366183814512.6
1.38175e+06  24475523775309.1
1.38922e+06  11836228899935.6
1.38922e+06  12107628629305.1
1.38922e+06  12500457638459.1
1.38922e+06  12624580121062.3
1.38922e+06  14358908892454.5
1.38922e+06  24478554285161.3
1.38922e+06  24592829666619.7
1.39669e+06  11845145733264.2
1.39669e+06  12114339206368.9
1.39669e+06  12500456046064.1
1.39669e+06  12624573670945.6
1.39669e+06  14358907051476
1.39669e+06  24588981693565.9
1.39669e+06  24707348967247.2
1.40415e+06  11854065489717.7
1.40415e+06  12121833346376.3
1.40415e+06  12500454431799.1
1.40415e+06  12624567111833.2
1.40415e+06  14358905240289.4
1.40415e+06  24698385919790.7
1.40415e+06  24819717749962.8
1.41162e+06  11862875216235.2
1.41162e+06  12130307330799.6
1.41162e+06  12500452797375.9
1.41162e+06  12624560438838.9
1.41162e+06  14358903457292.9
1.41162e+06  24814283622924.6
1.41162e+06  24935395414336.9
1.41909e+06  11871401443195.2
1.41909e+06  12140030841520
1.41909e+06  12500451141269
1.41909e+06  12624553650302.6
1.41909e+06  14358901703174.3
1.41909e+06  24927710339641.7
1.41909e+06  25053393331840.9
1.42656e+06  11879707439584.7
1.42656e+06  12150552761169.7
1.42656e+06  12500449463010.8
1.42656e+06  12624546743378.4
1.42656e+06  14358899977193.9
1.42656e+06  25038968663741.4
1.42656e+06  25165649260366.7
1.43403e+06  11887843525119.9
1.43403e+06  12155667070694.8
1.43403e+06  12500447761592.2
1.43403e+06  12624539715722
1.43403e+06  14358898278951.3
1.43403e+06  25149066445443.8
1.43403e+06  25280685894467.3
1.4415e+06  11895850325117.4
1.4415e+06  12161267948856.4
1.4415e+06  12500446037325.6
1.4415e+06  12624532563365
1.4415e+06  14358896606523.8
1.4415e+06  25265870851668.9
1.4415e+06  25400564642822.6
1.44897e+06  11903827474336.1
1.44897e+06  12167454139756.2
1.44897e+06  12500444289656.4
1.44897e+06  12624525283183.7
1.44897e+06  14358894959964.2
1.44897e+06  25379579397635.4
1.44897e+06  25512924807006.8
1.45644e+06  11911658870180.5
1.45644e+06  12174353925404
1.45644e+06  12500442517281.3
1.45644e+06  12624517872794.4
1.45644e+06  14358893339097.2
1.45644e+06  25491235602518.5
1.45644e+06  25627806620387.8
1.46391e+06  11919269615161.3
1.46391e+06  12182137087112.4
1.46391e+06  12500440720689.7
1.46391e+06  12624510327583
1.46391e+06  14358891743048.8
1.46391e+06  25603462739022.6
1.46391e+06  25747443345616.9
1.47137e+06  11926706454290.4
1.47137e+06  12191033183416.6
1.47137e+06  12500438898267
1.47137e+06  12624502645294.5
1.47137e+06  14358890172635.8
1.47137e+06  25720283181788.8
1.47137e+06  25861344237833.4
1.47884e+06  11934007312550
1.47884e+06  12200504811642.4
1.47884e+06  12500437050212.1
1.47884e+06  12624494821305.8
1.47884e+06  14358888624521.9
1.47884e+06  25833770479123.6
1.47884e+06  25976363648082.3
1.48631e+06  11941203361870.7
1.48631e+06  12204799552388.1
1.48631e+06  12500435175631.4
1.48631e+06  12624486852188.8
1.48631e+06  14358887101016.2
1.48631e+06  25945511199339.9
1.48631e+06  26095805635636.4
