0  226437476117.791
0  354482943488.036
0  23228320665666.1
0  24200036929814.4
11550.9  456375007310.288
11550.9  712673798854.767
11550.9  23228320170035.9
11550.9  24200746824584.6
23101.8  684380416409.106
23101.8  1071518410194.45
23101.8  23228319343967.2
23101.8  24201930381091.3
34652.7  912912965172.37
34652.7  1430530759909.82
34652.7  23228318187432.6
34652.7  24203588198244.9
46203.6  1141247417738.04
46203.6  1789554393312.79
46203.6  23228316700393.5
46203.6  24205721116678
46203.6  46983227037043.5
57754.5  1369431554856.93
57754.5  2148511518965.76
57754.5  23228314883319.7
57754.5  24208330220405.1
57754.5  46984349827036.1
69305.4  1597845867490.88
69305.4  2505912732019.06
69305.4  23228312735110.7
69305.4  24211416841692.4
69305.4  46985676255145.9
80856.3  1825825603338.9
80856.3  2863215896402.87
80856.3  23228310256213.7
80856.3  24214982561446.6
80856.3  46987206070392.2
92407.1  2054094394311.14
92407.1  3220611266422.45
92407.1  23228307446544.4
92407.1  24219029215426.3
92407.1  46988938983568.5
103958  2282035439709.23
103958  3577997009794.89
103958  23228304306006.5
103958  24223558898583.5
103958  46999501279182.3
103958  47000231731077.4
115509  2510094135362.67
115509  3935293231202.46
115509  23228300834491.7
115509  24228573970651.9
115509  46997248930537.1
115509  47001547403743.3
127060  2738008640309.56
127060  4292433680628.92
127060  23228297031879.3
127060  24234077062502.5
127060  46995326271181.4
127060  47003204790968.5
138611  2965860377492.96
138611  4649360775644.33
138611  23228292898264.1
138611  24240071083087.9
138611  46993683342812.1
138611  47005328994830.2
150162  3193694641538.36
150162  5005403021795.32
150162  23228288433042.8
150162  24246559228310.1
150162  46992275910534.1
150162  47008118207961.3
161713  3421333690382.06
161713  5361170580741.51
161713  23228283636283.4
161713  24253805010747.7
161713  46991066067305.6
161713  47011905520153.4
173263  3649043352576.39
173263  5716673633081.62
173263  23228278507812
173263  24261842376560.6
173263  46990021923620.7
173263  47017296375020.7
184814  3876458453951.14
184814  6071856056287.01
184814  23228273047959.8
184814  24270423940392.7
184814  46989116927669.5
184814  47025517325282.8
196365  4103941933085.34
196365  6426664090646.84
196365  23228267255711.8
196365  24279554777566.6
196365  46988329083098
196365  47039485533656.6
207916  4331180934648.92
207916  6781045338767.95
207916  23228261130912
207916  24289240354576.9
207916  46987640201579.9
207916  47052482131382.6
219467  4558406137848.85
219467  7134947984878.69
219467  23228254673553.6
219467  24299486546730.6
219467  46987035237580.9
219467  47057887050111.8
231018  4785448263254.76
231018  7488320167564.37
231018  23228247883384.4
231018  24311000406297.1
231018  46986501723753.7
231018  47064511494820.6
242569  5012397741010.47
242569  7841109460885.25
242569  23228240760363.1
242569  24323164757284.6
242569  46986029301367.4
242569  47072787382538.3
254120  5239207858449.05
254120  8193262432892.22
254120  23228233304264.7
254120  24335952918637.6
254120  46985609333212.2
254120  47083380923455.7
265671  5465862617498.27
265671  8544724259937.19
265671  23228225513970
265671  24349373644572
265671  46985234594831.4
265671  47097376037020.3
277221  5692407077144.77
277221  8895438381593.64
277221  23228217389899.9
277221  24364284752177.8
277221  46984899016407.7
277221  47106425770578.6
288772  5918746843798.38
288772  9245346186162.22
288772  23228208931248.4
288772  24379932981035.3
288772  46984597478870.9
288772  47115344840292.3
300323  6144992986330.87
300323  9594386719600.39
300323  23228200137872.7
300323  24396290860847.5
300323  46984325647555.6
300323  47126042164275.3
311874  6370996398775.84
311874  9942496414155.45
311874  23228191010422.8
311874  24414155192353.2
311874  46984079837081.1
311874  47139077631482
323425  6596912202729.67
323425  10289608835361.6
323425  23228181546389.1
323425  24433021946636.6
323425  46983856901798.5
323425  47152880819293.5
334976  6822556948895.33
334976  10635654447504.9
334976  23228171746598.8
334976  24452836885322.6
334976  46983654146250.8
334976  47163424624529.1
346527  7048110772195.98
346527  10980560401874.6
346527  23228161610121
346527  24474443470952
346527  46983469251663.1
346527  47175751758857.1
358078  7273373687253.31
358078  11324250352745.3
358078  23228151137201.3
358078  24496942245370.7
358078  46983300215665.4
358078  47190330988171.8
369629  7498534073734.41
369629  11666644310908.1
369629  23228140326492.6
369629  24521387556387.9
369629  46983145304841.4
369629  47204932221395.1
381179  7723391207285.75
381179  12007658547109.4
381179  23228129177490.4
381179  24546983224064
381179  46983003010130.6
381179  47217772718949.3
392730  7948126738667.77
392730  12347074906541.8
392730  23228117690569.3
392730  24574716488863.2
392730  46982872017707.9
392730  47232599228036.6
404281  8172553399803.25
404281  12684521174784.4
404281  23228105863589.8
404281  24603869848735.1
404281  46982751175632.9
404281  47249887872286.2
415832  8396832580086.75
415832  13020270465541.5
415832  23228093696848.9
415832  24635338847724.3
415832  46982639473304.9
415832  47263847054058.3
427383  8620803365292.98
427383  13354223873910.9
427383  23228081189686.2
427383  24668801671114.3
427383  46982536022217.8
427383  47279703792559.2
438934  8844594529161.83
438934  13685692340982.6
438934  23228068340747.9
438934  24704390579333.8
438934  46982440036079
438934  47297903271783.7
450485  9068083336574.07
450485  14014929346372.4
450485  23228055149278.6
450485  24742647739260.6
450485  46982350820049.9
450485  47313855465984.8
462036  9291354575812.13
462036  14341683110311.6
462036  23228041615385.8
462036  24783609058261.8
462036  46982267756270.2
462036  47331251319130.8
473587  9514334608519.11
473587  14665499493409.6
473587  23228027736345.5
473587  24827401007284.4
473587  46982190295946.1
473587  47350789956001.4
485138  9737053711818.85
485138  14986381865833.4
485138  23228013512741.6
485138  24874306050278.5
485138  46982117948890.8
485138  47368048952878
496688  9959497471154.7
496688  15304073560214.2
496688  23227998943291.9
496688  24924605488149.7
496688  46982050276607.2
496688  47387418127925.6
508239  10181631875319.8
508239  15617912413673.9
508239  23227984026050.8
508239  24978582602708.8
508239  46981986886376
508239  47407393555048.7
519790  10403511144269.7
519790  15927994469698.1
519790  23227968760573.7
519790  25036526226103.7
519790  46981927424600.5
519790  47426869962192
531341  10625027893705.7
531341  16233887758138.4
531341  23227953145642.9
531341  25098734785110.4
531341  46981871574212
531341  47448647214479.4
542892  10846290547649.6
542892  16535168426280
542892  23227937179304.3
542892  25165810361493.1
542892  46981819048513.4
542892  47468804480441.2
554443  11067179422978.9
554443  16831432096436
554443  23227920860906.7
554443  25237854210358.7
554443  46981769588142.2
554443  47490908821267.2
565994  11287769037218.5
565994  17122308035431.5
565994  23227904187608.7
565994  25315401043739.9
565994  46981722958430.9
565994  47512964759189.8
577545  11508022880242.9
577545  17407476581894.7
577545  23227887158708
577545  25398805673894.8
577545  46981678946676
577545  47535696740749.8
589096  11727905633226.6
589096  17686171851930.8
589096  23227869772692.5
589096  25488681802035.1
589096  46981637359102.2
589096  47559251689851.2
600646  11947478919012.7
600646  17958231100978.7
600646  23227852026350.8
600646  25585362439540.2
600646  46981598019440.3
600646  47582847088445.5
612197  12166634921700.5
612197  18222881116184.6
612197  23227833919100.3
612197  25689352420296
612197  46981560767444.1
612197  47607655037985.4
623748  12385444895323.6
623748  18479921695550.3
623748  23227815447720.6
623748  25801138051415.9
623748  46981525455708.9
623748  47632314758770
635299  12603890052391.5
635299  18728754293470.3
635299  23227796610242.4
635299  25921215762338.4
635299  46981491950071.8
635299  47658220423392.7
646850  12821901804959.2
646850  18968953660536.6
646850  23227777403078.1
646850  26050003158795.3
646850  46981460127151.2
646850  47684127416278.6
658401  13039547933841.8
658401  19200325247665
658401  23227757824909.1
658401  26187913146636.7
658401  46981429874469.5
658401  47711032556233.7
669952  13256780660991.3
669952  19421771088343
669952  23227737871407.5
669952  26335324062926.1
669952  46981401087437.3
669952  47738362311872.7
681503  13473570768382.8
681503  19633761872626.4
681503  23227717540078.8
681503  26492556058206.3
681503  46981373670352.1
681503  47766206557012.9
693054  13689960728127.1
693054  19835765830171.1
693054  23227696826446.7
693054  26659811170781.2
693054  46981347535948.5
693054  47795134261736.7
704605  13905908637600.9
704605  20027569914921.2
704605  23227675727785.6
704605  26837257629866.8
704605  46981322601814
704605  47823883655928.7
716155  14121383952090.2
716155  20209347829743
716155  23227654238957.6
716155  27024949105941.1
716155  46981298793017.1
716155  47854141492984.1
727706  14336424162189.9
727706  20380739179802.5
727706  23227632356137.1
727706  27222884648800.3
727706  46981276039562.8
727706  47884229494476.3
739257  14551011855320.5
739257  20542328133283.7
739257  23227610073502.6
739257  27430934698142.4
739257  46981254277303.4
739257  47915326669708.7
750808  14765077930713.7
750808  20693962213821.1
750808  23227587385948.5
750808  27648967324528.8
750808  46981233445980.5
750808  47947434140485.2
762359  14978673572149.8
762359  20835851006110.7
762359  23227564287152
762359  27876462770233.1
762359  46981213489277.6
762359  47979389445074.9
773910  15191785928327.2
773910  20968597849842.2
773910  23227540769883.9
773910  28113346541443.4
773910  46981194356480.6
773910  48012568349384.6
785461  15404382933131.1
785461  21092749547076.9
785461  23227516827799.3
785461  28359113499861.2
785461  46981175998191.2
785461  48046554246282.3
797012  15616437938235.9
797012  21208300745273.4
797012  23227492451455
797012  28613285774677.5
797012  46981158369524.8
797012  48080620100127.6
808563  15827973871737.4
808563  21315812804909.8
808563  23227467632788.7
808563  28875434730837.2
808563  46981141428261.3
808563  48115776216427.9
820113  16038977618221.4
820113  21416000880141.8
820113  23227442362048.9
820113  29145193811771.5
820113  46981125134977.1
820113  48151921919195.9
831664  16249435961752.6
831664  21509345993758.9
831664  23227416627299.4
831664  29421816896893.1
831664  46981109452474.3
831664  48188178643118.1
843215  16459299991292.5
843215  21596249958582.7
843215  23227390416496.7
843215  29705147059763.9
843215  46981094345760.5
843215  48225303933585.8
854766  16668593585541.9
854766  21676551367276.8
854766  23227363714593.7
854766  29994481378574.1
854766  46981079782431.7
854766  48263375217328.2
866317  16877305684218.1
866317  21752104700652.9
866317  23227336507499
866317  30289420352385
866317  46981065730966.1
866317  48302338833876.9
877868  17085422973992.9
877868  21821549240330.2
877868  23227308776639.8
877868  30589614457441.2
877868  46981052163018.5
877868  48341648879664.5
889419  17292932097340.4
889419  21886824729971.4
889419  23227280501393.8
889419  30894665615508
889419  46981039049978.1
889419  48381732909851.8
900970  17499819665508.8
900970  21947964607012.3
900970  23227251660195.5
900970  31204133425299.3
900970  46981026366467.6
900970  48422711012185
912521  17706054832562.3
912521  22004538405774
912521  23227222226280.4
912521  31517594880288.6
912521  46981014086942.8
912521  48464555011949.5
924071  17911645083529.6
924071  22057376508867.1
924071  23227192168853.8
924071  31834934552535.1
924071  46981002188223.6
924071  48507244716721.9
935622  18116577653433.1
935622  22106916232868.1
935622  23227161454808.5
935622  32155810401402.5
935622  46980990647536
935622  48550766409302.5
947173  18320839240056.7
947173  22153445829696.2
947173  23227130043712.5
947173  32479734137867.1
947173  46980979442816.4
947173  48594846955902.2
958724  18524416563215
958724  22196929401877.3
958724  23227097889084
958724  32806785687212.4
958724  46980968553091.1
958724  48639767755222.9
970275  18727296376278.1
970275  22237251121291.2
970275  23227064935700.1
970275  33136425746756.7
970275  46980957958107
970275  48685564770683.1
981826  18929465475664.8
981826  22275287808078.9
981826  23227031120830.2
981826  33468608062199.3
981826  46980947637555.6
981826  48732235380803.7
993377  19130910705873.5
993377  22311499568959.4
993377  23226996367404.2
993377  33803271910971.7
993377  46980937573266.2
993377  48779780773802.1
1.00493e+06  19331618958919.8
1.00493e+06  22345776894619
1.00493e+06  23226960583767.8
1.00493e+06  34139878881960.5
1.00493e+06  46980927745360.7
1.00493e+06  48828205447296
1.01648e+06  19531577161286
1.01648e+06  22377013714081.3
1.01648e+06  23226923660207.2
1.01648e+06  34478478463146.6
1.01648e+06  46980918135525.8
1.01648e+06  48877516817693.6
1.02803e+06  19730772241029.3
1.02803e+06  22407570895402.2
1.02803e+06  23226885461476.3
1.02803e+06  34818993250005.7
1.02803e+06  46980908725236.9
1.02803e+06  48927724921081.3
1.03958e+06  19929191060674
1.03958e+06  22435726938739.6
1.03958e+06  23226845823106.9
1.03958e+06  35161263552370.8
1.03958e+06  46980899495083.8
1.03958e+06  48978842189325.8
1.05113e+06  20126820289729.3
1.05113e+06  22462610648582.7
1.05113e+06  23226804538415.8
1.05113e+06  35505146418146
1.05113e+06  46980890426771.9
1.05113e+06  49030883287756.1
1.06268e+06  20323646169188.6
1.06268e+06  22488131962737.2
1.06268e+06  23226761347328.4
1.06268e+06  35850513482398.4
1.06268e+06  46980881500917.4
1.06268e+06  49083865004226.2
1.07423e+06  20519654079765.6
1.07423e+06  22512140369235.5
1.07423e+06  23226715916974.5
1.07423e+06  36197120274070.8
1.07423e+06  46980872697261.7
1.07423e+06  49137806188005.8
1.08578e+06  20714827736075.7
1.08578e+06  22534903343287.1
1.08578e+06  23226667814341.2
1.08578e+06  36545005436378.6
1.08578e+06  46980863995236.9
1.08578e+06  49192727728712.9
1.09733e+06  20909147643398.1
1.09733e+06  22556991300825.5
1.09733e+06  23226616465755
1.09733e+06  36894100894917
1.09733e+06  46980855373091.5
1.09733e+06  49248652577839.5
1.10889e+06  21102588017235.5
1.10889e+06  22576905123986
1.10889e+06  23226561093289.8
1.10889e+06  37244328105114.8
1.10889e+06  46980846807328.1
1.10889e+06  49305394763612.6
1.12044e+06  21295194663257.6
1.12044e+06  22597704205450.7
1.12044e+06  23226500618106.7
1.12044e+06  37595621216907.3
1.12044e+06  46980838273088.2
1.12044e+06  49363108100632.8
1.13199e+06  21486966656347.5
1.13199e+06  22615214795291.6
1.13199e+06  23226433497687
1.13199e+06  37947930123565.8
1.13199e+06  46980829742399.9
1.13199e+06  49421872656221.3
1.14354e+06  21677850039024.8
1.14354e+06  22632902293304.3
1.14354e+06  23226357443164.9
1.14354e+06  38301115685974.8
1.14354e+06  46980821185477
1.14354e+06  49481719336629.5
1.15509e+06  21867799986120.1
1.15509e+06  22651219769728.9
1.15509e+06  23226268911763.9
1.15509e+06  38654913666381.8
1.15509e+06  46980812567927.2
1.15509e+06  49542681508157
1.16664e+06  22056691678505.1
1.16664e+06  22665670618712.7
1.16664e+06  23226162110068.3
1.16664e+06  39009391470223
1.16664e+06  46980803851983
1.16664e+06  49604629027987.8
1.17819e+06  22244747971020.4
1.17819e+06  22680659824979.5
1.17819e+06  23226026866408.6
1.17819e+06  39364396943243.7
1.17819e+06  46980794992886.8
1.17819e+06  49667474999150.7
1.18974e+06  22432866707163.5
1.18974e+06  22697196402552.9
1.18974e+06  23225843535776.8
1.18974e+06  39719493150444
1.18974e+06  46980785939873.8
1.18974e+06  49731514481624.1
1.20129e+06  22623656885591.2
1.20129e+06  22707553075915.6
1.20129e+06  23225568621457.1
1.20129e+06  40070372961437.6
1.20129e+06  46980776631358.4
1.20129e+06  49796790940003.2
1.21284e+06  22732402190153.8
1.21284e+06  22801440291006.3
1.21284e+06  23225082795604.5
1.21284e+06  40440770220449.6
1.21284e+06  46980766995626.3
1.21284e+06  49862908242238.3
1.22439e+06  22739322865546.5
1.22439e+06  22982291686086
1.22439e+06  23223898001074.4
1.22439e+06  40795420196137.1
1.22439e+06  46980756944434.6
1.22439e+06  49930209391068.4
1.23595e+06  22751028813504.5
1.23595e+06  23157563986379.8
1.23595e+06  23214896350523.9
1.23595e+06  41153679572730.1
1.23595e+06  46980746369600.7
1.23595e+06  49998854194407.3
1.2475e+06  22762674984345.8
1.2475e+06  23231314336198.4
1.2475e+06  23352319639803.2
1.2475e+06  41513406996327.8
1.2475e+06  46980735134945.2
1.25905e+06  22773787499164.2
1.25905e+06  23228438871434.6
1.25905e+06  23533868424078.6
1.25905e+06  41873227391600
1.25905e+06  46980723068572.1
1.2706e+06  22784762334379.1
1.2706e+06  23227662888216.2
1.2706e+06  23713141321725.3
1.2706e+06  42233284769789.3
1.2706e+06  46980709946244.9
1.28215e+06  22795727738320.6
1.28215e+06  23227286389546.5
1.28215e+06  23891764298955.2
1.28215e+06  42593608663659.7
1.28215e+06  46980695471757.8
1.2937e+06  22805701000537.8
1.2937e+06  23227054481074.8
1.2937e+06  24069519147499.8
1.2937e+06  42954629825626.6
1.2937e+06  46980679243435.8
1.30525e+06  22814946329113.2
1.30525e+06  23226890968668.7
1.30525e+06  24246032373037.4
1.30525e+06  43316476509433.1
1.30525e+06  46980660700063
1.3168e+06  22824150300426
1.3168e+06  23226765109252
1.3168e+06  24421607435068.6
1.3168e+06  43678441156181.1
1.3168e+06  46980639036185.2
1.32835e+06  22833354550603.6
1.32835e+06  23226662118586.3
1.32835e+06  24595955402859
1.32835e+06  44040516733503.1
1.32835e+06  46980613047584.5
1.3399e+06  22842584943563.4
1.3399e+06  23226574006055.6
1.3399e+06  24769227653443.3
1.3399e+06  44402923314351.6
1.3399e+06  46980580849158.6
1.35145e+06  22851474576727.8
1.35145e+06  23226496073531.9
1.35145e+06  24941316186082.2
1.35145e+06  44766287881848.2
1.35145e+06  46980539311694.3
1.36301e+06  22858849106875.9
1.36301e+06  23226425379048.4
1.36301e+06  25112242630103.4
1.36301e+06  45129671574318
1.36301e+06  46980482834578.6
1.37456e+06  22866235625136.7
1.37456e+06  23226359984968.8
1.37456e+06  25281984908899.1
1.37456e+06  45492991150713.5
1.37456e+06  46980400288635.6
1.38611e+06  22873646122586.4
1.38611e+06  23226298564837.8
1.38611e+06  25450547119011.6
1.38611e+06  45856917102244.5
1.38611e+06  46980265973820.2
1.39766e+06  22881089467905
1.39766e+06  23226240178850.7
1.39766e+06  25617868221369.3
1.39766e+06  46221754408666.2
1.39766e+06  46980004126275.8
1.40921e+06  22888572380078.4
1.40921e+06  23226184142068.2
1.40921e+06  25783985544494.2
1.40921e+06  46586569663786.4
1.40921e+06  46979251273006.1
1.42076e+06  22896100056401.9
1.42076e+06  23226129945641
1.42076e+06  25948893070931.1
1.42076e+06  46949914648382.5
1.42076e+06  46950363160159.5
1.43231e+06  22902748190287.9
1.43231e+06  23226077201517
1.43231e+06  26112505633647.2
1.43231e+06  46982497292097.3
1.43231e+06  47313432418731.8
1.44386e+06  22908440428739
1.44386e+06  23226025608657.2
1.44386e+06  26274871988175.6
1.44386e+06  46981614581718.5
1.44386e+06  47679220730648.7
1.45541e+06  22914161443186.5
1.45541e+06  23225974931826.5
1.45541e+06  26435985558123.8
1.45541e+06  46981329075347.6
1.45541e+06  48045082643420.4
1.46696e+06  22919914245539.1
1.46696e+06  23225924982696.9
1.46696e+06  26595832237288.4
1.46696e+06  46981186872077.4
1.46696e+06  48410676413646.4
1.47851e+06  22925701316618.4
1.47851e+06  23225875609815.7
1.47851e+06  26754363706358.5
1.47851e+06  46981101102586.5
1.47851e+06  48776507877351.1
1.49007e+06  22931524724294.4
1.49007e+06  23225826689089
1.49007e+06  26911572784058.8
1.49007e+06  46981043327363.3
1.49007e+06  49142548187958.7
1.50162e+06  22937386210716.2
1.50162e+06  23225778117942.9
1.50162e+06  27067476640286.3
1.50162e+06  46981001482702.4
1.50162e+06  49508757165205.7
1.51317e+06  22943287257224.3
1.51317e+06  23225729811980.8
1.51317e+06  27222062492922
1.51317e+06  46980969575442.6
1.51317e+06  49875199643553
1.52472e+06  22949229135260.9
1.52472e+06  23225681701226.2
1.52472e+06  27375318190102.4
1.52472e+06  46980944291538.8
1.53627e+06  22953638733120.2
1.53627e+06  23225633724322.1
1.53627e+06  27527232469190.8
1.53627e+06  46980923648467.4
1.54782e+06  22957841132620.3
1.54782e+06  23225585830807
1.54782e+06  27677795176666.2
1.54782e+06  46980906389104
1.55937e+06  22962069703281.9
1.55937e+06  23225537977281.3
1.55937e+06  27826997458322
1.55937e+06  46980891674907.2
1.57092e+06  22966325230040.5
1.57092e+06  23225490126492.6
1.57092e+06  27974831930988.3
1.57092e+06  46980878927089.7
1.58247e+06  22970608404755.5
1.58247e+06  23225442244880.7
1.58247e+06  28121292841322.1
1.58247e+06  46980867731782.3
1.59402e+06  22974919838635.9
1.59402e+06  23225394304719.6
1.59402e+06  28266376215925.5
1.59402e+06  46980857786581.2
1.60557e+06  22979260076691.4
1.60557e+06  23225346281082.3
1.60557e+06  28410080006250.1
1.60557e+06  46980848863116.4
1.61713e+06  22983629606421.3
1.61713e+06  23225298152766.9
1.61713e+06  28552404229120.9
1.61713e+06  46980840788124.2
1.62868e+06  22988028866652.5
1.62868e+06  23225249901280
1.62868e+06  28693278545957.3
1.62868e+06  46980833426204.5
1.64023e+06  22992458257739.8
1.64023e+06  23225201507514.2
1.64023e+06  28832735128801.4
1.64023e+06  46980826669299.3
1.65178e+06  22996918139855.1
1.65178e+06  23225152958376.1
1.65178e+06  28970805897925.7
1.65178e+06  46980820433008.6
1.66333e+06  23000896611830.5
1.66333e+06  23225104239661.3
1.66333e+06  29107499685347
1.66333e+06  46980814646543.1
1.67488e+06  23003773232303.5
1.67488e+06  23225055340337.8
1.67488e+06  29242743768989.8
1.67488e+06  46980809253496.4
1.68643e+06  23006668135247.1
1.68643e+06  23225006249316.9
1.68643e+06  29376527695345.4
1.68643e+06  46980804205803.8
1.69798e+06  23009581533361
1.69798e+06  23224956955966.7
1.69798e+06  29508954661829.4
1.69798e+06  46980799465055.1
1.70953e+06  23012513619755.4
1.70953e+06  23224907452915.8
1.70953e+06  29639921116172.8
1.70953e+06  46980794997045.7
1.72108e+06  23015464573761.7
1.72108e+06  23224857731470
1.72108e+06  29769439302635.7
1.72108e+06  46980790773366
1.73263e+06  23018434559790.3
1.73263e+06  23224807785053
1.73263e+06  29897613755205.2
1.73263e+06  46980786770578
1.74418e+06  23021423730989.7
1.74418e+06  23224757606742
1.74418e+06  30024232158711.3
1.74418e+06  46980782966927
1.75574e+06  23024432228793.7
1.75574e+06  23224707191192.3
1.75574e+06  30149565785746.9
1.75574e+06  46980779344975.4
1.76729e+06  23027460186148.6
1.76729e+06  23224656532427.2
1.76729e+06  30273311918077.1
1.76729e+06  46980775888554.1
1.77884e+06  23030507726565.9
1.77884e+06  23224605625847
1.77884e+06  30395768034737.5
1.77884e+06  46980772584339
1.79039e+06  23033574966213
1.79039e+06  23224554466958.8
1.79039e+06  30516690051879.8
1.79039e+06  46980769420027.7
1.80194e+06  23036662013826.3
1.80194e+06  23224503052177.8
1.80194e+06  30636246178338.5
1.80194e+06  46980766384313.2
1.81349e+06  23039768973511.1
1.81349e+06  23224451376874.3
1.81349e+06  30754414966737.4
1.81349e+06  46980763468904.3
1.82504e+06  23042895942911
1.82504e+06  23224399437623.2
1.82504e+06  30871064853358.3
1.82504e+06  46980760664153.6
1.83659e+06  23046043013771
1.83659e+06  23224347232050
1.83659e+06  30986375888124.5
1.83659e+06  46980757962160.9
1.84814e+06  23049210275795.9
1.84814e+06  23224294755963.5
1.84814e+06  31100331676928
1.84814e+06  46980755357470
1.85969e+06  23051320295527.5
1.85969e+06  23224242007220.4
1.85969e+06  31212741220006
1.85969e+06  46980752843109.2
1.87124e+06  23053086089436.8
1.87124e+06  23224188983503.3
1.87124e+06  31323796682523.6
1.87124e+06  46980750413073.7
1.8828e+06  23054862506997.8
1.8828e+06  23224135681986.2
1.8828e+06  31433491441635.2
1.8828e+06  46980748063180.2
1.89435e+06  23056649590471.9
1.89435e+06  23224082101234.4
1.89435e+06  31541820372110.8
1.89435e+06  46980745787996.8
1.9059e+06  23058447381254
1.9059e+06  23224028238127.6
1.9059e+06  31648779945596.5
1.9059e+06  46980743583968.2
1.91745e+06  23060255916775.5
1.91745e+06  23223974092148.9
1.91745e+06  31754296678414.6
1.91745e+06  46980741446725.7
1.929e+06  23062075234849.2
1.929e+06  23223919660063.8
1.929e+06  31858442500578.3
1.929e+06  46980739373249.7
1.94055e+06  23063905370392.8
1.94055e+06  23223864940278.3
1.94055e+06  31961239948680.1
1.94055e+06  46980737360082.9
1.9521e+06  23065746355561.7
1.9521e+06  23223809932636.7
1.9521e+06  32062693853656.2
1.9521e+06  46980735403486.8
1.96365e+06  23067598223411
1.96365e+06  23223754634368.5
1.96365e+06  32162811146924.4
1.96365e+06  46980733501493.8
1.9752e+06  23069461003453.5
1.9752e+06  23223699045295.1
1.9752e+06  32261600953953.3
1.9752e+06  46980731651627.3
1.98675e+06  23071334726959.4
1.98675e+06  23223643162111.4
1.98675e+06  32359074684153.3
1.98675e+06  46980729851011.8
1.9983e+06  23073219419591.8
1.9983e+06  23223586986335.7
1.9983e+06  32455246120359.8
1.9983e+06  46980728098010.5
2.00986e+06  23075115110803.3
2.00986e+06  23223530514531
2.00986e+06  32550131500983.4
2.00986e+06  46980726389658.9
2.02141e+06  23077021825332.9
2.02141e+06  23223473747175.1
2.02141e+06  32643629225279.6
2.02141e+06  46980724724321.5
2.03296e+06  23078939589419
2.03296e+06  23223416682427.2
2.03296e+06  32735850076581.9
2.03296e+06  46980723100759
2.04451e+06  23080868426884.8
2.04451e+06  23223359320057.3
2.04451e+06  32826819719030.1
2.04451e+06  46980721516580.7
2.05606e+06  23082808362918.7
2.05606e+06  23223301657928
2.05606e+06  32916564092615.3
2.05606e+06  46980719970843.7
2.06761e+06  23084759418933.1
2.06761e+06  23223243696770.8
2.06761e+06  33005111968662.5
2.06761e+06  46980718461837.6
2.07916e+06  23086721619466.6
2.07916e+06  23223185433994.9
2.07916e+06  33092338738204.5
2.07916e+06  46980716987426.8
2.09071e+06  23088694985001.9
2.09071e+06  23223126870117.9
2.09071e+06  33178297647293.7
2.09071e+06  46980715547390.9
2.10226e+06  23090679536500.3
2.10226e+06  23223068004747.3
2.10226e+06  33263130115155.9
2.10226e+06  46980714139766.4
2.11381e+06  23092675295458
2.11381e+06  23223008836664.9
2.11381e+06  33346807872556.8
2.11381e+06  46980712763821.1
2.12536e+06  23094682282341.1
2.12536e+06  23222949365174.9
2.12536e+06  33429125154405.4
2.12536e+06  46980711417844.2
2.13692e+06  23096700517223.6
2.13692e+06  23222889589587.2
2.13692e+06  33510408448461.2
2.13692e+06  46980710101683.9
2.14847e+06  23098730018817.7
2.14847e+06  23222829509975.3
2.14847e+06  33590493998639.5
2.14847e+06  46980708813519.7
2.16002e+06  23100322393378
2.16002e+06  23222769124541.9
2.16002e+06  33669374258329.5
2.16002e+06  46980707552630
2.17157e+06  23101180552742.9
2.17157e+06  23222708434660.2
2.17157e+06  33747274150996.7
2.17157e+06  46980706318168.3
2.18312e+06  23102043249696
2.18312e+06  23222647437581.1
2.18312e+06  33823826910477
2.18312e+06  46980705109364.8
2.19467e+06  23102910489638.4
2.19467e+06  23222586133843.1
2.19467e+06  33899528595381.5
2.19467e+06  46980703925488.6
2.20622e+06  23103782277390.7
2.20622e+06  23222524524517.5
2.20622e+06  33973846232399.5
2.20622e+06  46980702765193
2.21777e+06  23104658620082.1
2.21777e+06  23222462606750.2
2.21777e+06  34047347505309.6
2.21777e+06  46980701628652.6
2.22932e+06  23105539521939.1
2.22932e+06  23222400382032.2
2.22932e+06  34119539937845.1
2.22932e+06  46980700514277.5
2.24087e+06  23106424988918.9
2.24087e+06  23222337848957.7
2.24087e+06  34190849772689
2.24087e+06  46980699421808.2
2.25242e+06  23107315026227.6
2.25242e+06  23222275007100.2
2.25242e+06  34261045008849.8
2.25242e+06  46980698350803.4
2.26398e+06  23108209638268.8
2.26398e+06  23222211856972.9
2.26398e+06  34330184316646.5
2.26398e+06  46980697299753.8
2.27553e+06  23109108830664.8
2.27553e+06  23222148397222.8
2.27553e+06  34398489359887.1
2.27553e+06  46980696269187.4
2.28708e+06  23110012607477
2.28708e+06  23222084628493.3
2.28708e+06  34465531128182.4
2.28708e+06  46980695258006.2
2.29863e+06  23110920974575.7
2.29863e+06  23222020548905.1
2.29863e+06  34531696983985.5
2.29863e+06  46980694265723.1
